schema_version,system_time,operation_time,phase,event,mode,controller_mode,omega_x,omega_y,omega_z,omega_valid,gripper_deg,button,target_x,target_y,target_z,robot_x,robot_y,robot_z,F_ext_x,F_ext_y,F_ext_z,T_ext_x,T_ext_y,T_ext_z,F_ext_mag,K_trans,K_rot,damping_ratio,K_fb,deadband,scale,gripper_state,gripper_cmd_width,gripper_width,gripper_width_valid,gripper_speed,gripper_force,grasp_success,vision_class,vision_label,vision_confidence,vision_locked,fusion_delta_K,fusion_active,control_dt,timing_profile_version,prev_omega_io_s,prev_panda_state_s,prev_haptic_send_s,prev_impedance_update_s,prev_panda_command_s,prev_gripper_update_s,prev_record_s,prev_keyboard_status_s,prev_loop_work_s,prev_sleep_requested_s,prev_sleep_actual_s,diagnostic_disable_gripper_read,diagnostic_disable_vision,diagnostic_no_vision_display,force_adapt_target_K,force_adapt_ratio,force_adapt_active,force_adapt_delta_K,force_baseline_mean,force_baseline_std,force_threshold,actual_object,prior_condition,posterior_correction,condition_code,raw_vision_class,raw_vision_label,raw_vision_confidence,applied_prior_label,prior_K,safe_anchor_K,prior_trust,contact_risk_raw,contact_risk_ema,trust_force_guard_N,trust_target_K,trust_delta_K,trust_active,trust_config_hash,t_mono_ns,trial_id,masked_condition,protocol_phase,intervention_state,K_fb_commanded,K_fb_transition_reason,contact_candidate,contact_confirmed,force_baseline_median_N,force_baseline_sigma_N,force_threshold_on_N,force_threshold_off_N,force_corrected_N,haptic_cmd_x,haptic_cmd_y,haptic_cmd_z,haptic_cmd_norm,haptic_send_ok,haptic_clamped,target_speed_limited,safety_abort,kfb_config_sha256,acquisition_software_sha256
4,1.1694316880020779,nan,PREP,system_start,KFB_TIMING,kfb_timing,-0.010685308874637756,-0.00880626953448297,0.10789161497412496,1,-28.28571428571429,0,0.3124935850816483,-0.0014108114275370046,0.454379548206369,0.3124935850816483,-0.0014108114275370046,0.454379548206369,-0.9565723178595102,0.4459433809398015,0.7076374243115214,-0.42430191165450537,-0.8288771835202119,0.1863042814661602,1.270687539320891,200.0,13.0,1.2,0.5,0.3,3.0,IDLE,0.08,nan,0,0.05,20.0,0,unknown,unknown,nan,0,0.0,0,1.9196002540411428e-05,1,nan,nan,nan,nan,nan,nan,nan,nan,nan,nan,nan,0,0,0,200.0,0.0,0,0.0,nan,nan,nan,,,,,unknown,unknown,nan,,nan,,1.0,0.0,0.0,nan,nan,0.0,0,,526534,F04_M01_05,MDCEB22F,measured,baseline,0.5,,0,0,nan,nan,nan,nan,nan,-0.17828615892975513,0.0,0.05381871215576073,0.1862321353688201,1,0,0,0,ad4b715165e84dd399d377549dc111fb1309cda1260e23e9ee621d07fad63984,6ba3dffa4798388fb8057a608cfa40a0e24aeba9257d245b2d5103a1844d1115
4,1.1745161630024086,nan,PREP,,KFB_TIMING,kfb_timing,-0.010629607158103405,-0.008772825911669873,0.10800090495140584,1,-28.28571428571429,0,0.3124935850816483,-0.0014108114275370046,0.454379548206369,0.3124945339311691,-0.0014120720895592475,0.4543779057320879,-0.9281371281786042,0.453122541585944,0.7022531386043388,-0.42922480455025647,-0.8089009155433693,0.1878582984840262,1.248966787819667,200.0,13.0,1.2,0.5,0.3,3.0,IDLE,0.08,nan,0,0.05,20.0,0,unknown,unknown,nan,0,0.0,0,0.005084475000330713,1,0.00020849399879807606,1.7277001461479813e-05,0.00015465499745914713,2.73999830824323e-06,5.263998900773004e-06,1.2400050763972104e-07,3.758400271181017e-05,3.254300099797547e-05,0.0005776219986728393,0.004422378001327161,0.004502492000028724,0,0,0,200.0,0.0,0,0.0,nan,nan,nan,,,,,unknown,unknown,nan,,nan,,1.0,0.0,0.0,nan,nan,0.0,0,,5999892,F04_M01_05,MDCEB22F,measured,baseline,0.5,,0,0,nan,nan,nan,nan,nan,-0.1640685640893021,0.0,0.05112656930216941,0.17184999217612715,1,0,0,0,ad4b715165e84dd399d377549dc111fb1309cda1260e23e9ee621d07fad63984,6ba3dffa4798388fb8057a608cfa40a0e24aeba9257d245b2d5103a1844d1115
4,1.1796684540022397,nan,PREP,,KFB_TIMING,kfb_timing,-0.01043950053335696,-0.00841016300811175,0.10818759877845982,1,-28.28571428571429,0,0.3124935850816483,-0.0014108114275370046,0.454379548206369,0.3124925343403638,-0.0014118337907113596,0.45437373637969203,-0.9286304110062389,0.45980654056362213,0.7087341109057581,-0.43402152516830883,-0.8115508116022592,0.1887745079208851,1.2554204614200286,200.0,13.0,1.2,0.5,0.3,3.0,IDLE,0.08,nan,0,0.05,20.0,0,unknown,unknown,nan,0,0.0,0,0.005152290999831166,1,0.00044003599759889767,3.89139968319796e-05,0.00030606399741373025,3.5519988159649074e-06,7.129998266464099e-06,1.4399847714230418e-07,4.2113999370485544e-05,2.044998836936429e-06,0.0009399649970873725,0.004060035002912628,0.004204066000966122,0,0,0,200.0,0.0,0,0.0,nan,nan,nan,,,,,unknown,unknown,nan,,nan,,1.0,0.0,0.0,nan,nan,0.0,0,,11049820,F04_M01_05,MDCEB22F,measured,baseline,0.5,,0,0,nan,nan,nan,nan,nan,-0.16431520550311945,0.0,0.054367055452879065,0.17307588936113777,1,0,0,0,ad4b715165e84dd399d377549dc111fb1309cda1260e23e9ee621d07fad63984,6ba3dffa4798388fb8057a608cfa40a0e24aeba9257d245b2d5103a1844d1115
4,1.1847330300006433,nan,PREP,,KFB_TIMING,kfb_timing,-0.010244192139423597,-0.007950256924910047,0.10828002923470267,1,-28.28571428571429,0,0.3124935850816483,-0.0014108114275370046,0.454379548206369,0.3124915811403898,-0.001411246366565964,0.4543692276508618,-0.9403847730317008,0.4686438621412638,0.7059122436258475,-0.4400962157984364,-0.8193553874813674,0.1901962807956017,1.2658051534787813,200.0,13.0,1.2,0.5,0.3,3.0,IDLE,0.08,nan,0,0.05,20.0,0,unknown,unknown,nan,0,0.0,0,0.005064575998403598,1,0.00027683300140779465,3.2503001420991495e-05,0.0003626850011642091,1.8419996195007116e-06,6.193000444909558e-06,1.3499811757355928e-07,3.025299884029664e-05,1.3400021998677403e-06,0.0008258739981101826,0.0041741260018898175,0.004233982999721775,0,0,0,200.0,0.0,0,0.0,nan,nan,nan,,,,,unknown,unknown,nan,,nan,,1.0,0.0,0.0,nan,nan,0.0,0,,16246818,F04_M01_05,MDCEB22F,measured,baseline,0.5,,0,0,nan,nan,nan,nan,nan,-0.1701923865158504,0.0,0.05295612181292375,0.17824084623179343,1,0,0,0,ad4b715165e84dd399d377549dc111fb1309cda1260e23e9ee621d07fad63984,6ba3dffa4798388fb8057a608cfa40a0e24aeba9257d245b2d5103a1844d1115
4,1.1898528140009148,nan,PREP,,KFB_TIMING,kfb_timing,-0.010164896178340044,-0.007873763628523893,0.10825330339094341,1,-28.28571428571429,0,0.3124935850816483,-0.0014108114275370046,0.454379548206369,0.3124898163593455,-0.0014118107649861867,0.4543642490044838,-0.939965213819073,0.4729504432383068,0.685478018134109,-0.443157802005569,-0.8141767920618563,0.19023610118355214,1.2558251623113437,200.0,13.0,1.2,0.5,0.3,3.0,IDLE,0.08,nan,0,0.05,20.0,0,unknown,unknown,nan,0,0.0,0,0.005119784000271466,1,0.0004650429982575588,2.5002002075780183e-05,0.00035694799953489564,9.470022632740438e-07,5.682999471900985e-06,1.269982021767646e-07,4.0818002162268385e-05,1.1880001693498343e-06,0.0009675770015746821,0.004032422998425318,0.004144566999457311,0,0,0,200.0,0.0,0,0.0,nan,nan,nan,,,,,unknown,unknown,nan,,nan,,1.0,0.0,0.0,nan,nan,0.0,0,,21302061,F04_M01_05,MDCEB22F,measured,baseline,0.5,,0,0,nan,nan,nan,nan,nan,-0.16998260690953654,0.0,0.04273900906705452,0.17527324253232662,1,0,0,0,ad4b715165e84dd399d377549dc111fb1309cda1260e23e9ee621d07fad63984,6ba3dffa4798388fb8057a608cfa40a0e24aeba9257d245b2d5103a1844d1115
4,1.1949185080011375,nan,PREP,,KFB_TIMING,kfb_timing,-0.010114338793540623,-0.0076992653200073265,0.10820524118920415,1,-28.28571428571429,0,0.3124935850816483,-0.0014108114275370046,0.454379548206369,0.3124893653434734,-0.0014118460741776194,0.4543600588350306,-0.9352175507393876,0.47796665475960065,0.6624793919367551,-0.4466264517578858,-0.8051447459953883,0.19072548093770403,1.2417580017917964,200.0,13.0,1.2,0.5,0.3,3.0,IDLE,0.08,nan,0,0.05,20.0,0,unknown,unknown,nan,0,0.0,0,0.00506569400022272,1,0.0003685280025820248,3.421400106162764e-05,0.0003487190006126184,1.8339997041039169e-06,7.698999979766086e-06,1.410007826052606e-07,3.5984998248750344e-05,1.7070015019271523e-06,0.0008998189987323713,0.004100181001267629,0.004162950997852022,0,0,0,200.0,0.0,0,0.0,nan,nan,nan,,,,,unknown,unknown,nan,,nan,,1.0,0.0,0.0,nan,nan,0.0,0,,25961429,F04_M01_05,MDCEB22F,measured,baseline,0.5,,0,0,nan,nan,nan,nan,nan,-0.16760877536969382,0.0,0.031239695968377557,0.17049522041724555,1,0,0,0,ad4b715165e84dd399d377549dc111fb1309cda1260e23e9ee621d07fad63984,6ba3dffa4798388fb8057a608cfa40a0e24aeba9257d245b2d5103a1844d1115
4,1.2000703390003764,nan,PREP,,KFB_TIMING,kfb_timing,-0.010023081580110976,-0.007514001850132512,0.10823038408636328,1,-28.279562542720438,0,0.3124935850816483,-0.0014108114275370046,0.454379548206369,0.3124898904817787,-0.0014117996621704192,0.454358648916568,-0.9266471885421108,0.48243714434364215,0.6430907938490145,-0.4498469061950778,-0.7940620643498164,0.1914514260881876,1.2267788632874312,200.0,13.0,1.2,0.5,0.3,3.0,IDLE,0.08,nan,0,0.05,20.0,0,unknown,unknown,nan,0,0.0,0,0.005151830999238882,1,0.00021374900097725913,1.9580998923629522e-05,0.000162203999934718,1.024996890919283e-06,4.403998900670558e-06,1.1399970389902592e-07,2.323799708392471e-05,1.1089978215750307e-06,0.00048059899927466176,0.004519401000725338,0.004667747998610139,0,0,0,200.0,0.0,0,0.0,nan,nan,nan,,,,,unknown,unknown,nan,,nan,,1.0,0.0,0.0,nan,nan,0.0,0,,31551098,F04_M01_05,MDCEB22F,measured,baseline,0.5,,0,0,nan,nan,nan,nan,nan,-0.16332359427105542,0.0,0.021545396924507243,0.16473858253078086,1,0,0,0,ad4b715165e84dd399d377549dc111fb1309cda1260e23e9ee621d07fad63984,6ba3dffa4798388fb8057a608cfa40a0e24aeba9257d245b2d5103a1844d1115
4,1.2051608510009828,nan,PREP,,KFB_TIMING,kfb_timing,-0.00993484053748206,-0.007239003307497327,0.10831833602593688,1,-28.279562542720438,0,0.3124935850816483,-0.0014108114275370046,0.454379548206369,0.3124894189603776,-0.0014108688644823243,0.4543566967229889,-0.9061262473069074,0.48665879928875705,0.6261287271726383,-0.4529646136911725,-0.7752635576501264,0.19264324294827098,1.2041340232609083,200.0,13.0,1.2,0.5,0.3,3.0,IDLE,0.08,nan,0,0.05,20.0,0,unknown,unknown,nan,0,0.0,0,0.005090512000606395,1,0.0003721709981618915,2.0658997527789325e-05,0.0004012710014649201,1.5890000213403255e-06,7.433001883327961e-06,1.4999750419519842e-07,4.085399996256456e-05,1.7809979908633977e-06,0.0009364469988213386,0.0040635530011786615,0.00414836500203819,0,0,0,200.0,0.0,0,0.0,nan,nan,nan,,,,,unknown,unknown,nan,,nan,,1.0,0.0,0.0,nan,nan,0.0,0,,36540711,F04_M01_05,MDCEB22F,measured,baseline,0.5,,0,0,nan,nan,nan,nan,nan,-0.1530631236534537,0.0,0.013064363586319183,0.15361965179776968,1,0,0,0,ad4b715165e84dd399d377549dc111fb1309cda1260e23e9ee621d07fad63984,6ba3dffa4798388fb8057a608cfa40a0e24aeba9257d245b2d5103a1844d1115
4,1.210331179001514,nan,PREP,,KFB_TIMING,kfb_timing,-0.00987946364162473,-0.006925141674770336,0.10841609835845185,1,-28.279562542720438,0,0.3124935850816483,-0.0014108114275370046,0.454379548206369,0.3124890590396037,-0.0014115872650472643,0.454357160878983,-0.8688065422635824,0.4880541104498325,0.6152818041927455,-0.45440283323370745,-0.7465354397579322,0.19356749692053055,1.171150426366169,200.0,13.0,1.2,0.5,0.3,3.0,IDLE,0.08,nan,0,0.05,20.0,0,unknown,unknown,nan,0,0.0,0,0.005170328000531299,1,0.0002993460002471693,3.374299922143109e-05,0.0003837119984382298,1.486998371547088e-06,5.6539975048508495e-06,1.320004230365157e-07,3.641199873527512e-05,4.203000571578741e-06,0.0008330710006703157,0.004166928999329684,0.004333480999775929,0,0,0,200.0,0.0,0,0.0,nan,nan,nan,,,,,unknown,unknown,nan,,nan,,1.0,0.0,0.0,nan,nan,0.0,0,,41720117,F04_M01_05,MDCEB22F,measured,baseline,0.5,,0,0,nan,nan,nan,nan,nan,-0.13440327113179124,0.0,0.007640902096372748,0.13462029072830048,1,0,0,0,ad4b715165e84dd399d377549dc111fb1309cda1260e23e9ee621d07fad63984,6ba3dffa4798388fb8057a608cfa40a0e24aeba9257d245b2d5103a1844d1115
4,1.215449121002166,nan,PREP,,KFB_TIMING,kfb_timing,-0.009883183505586035,-0.00670143547838318,0.10847804111422536,1,-28.279562542720438,0,0.3124935850816483,-0.0014108114275370046,0.454379548206369,0.31248966345845863,-0.001411312156873604,0.45435927743929916,-0.8358155775699047,0.48754307535117936,0.6129864681242218,-0.4546072639116687,-0.7229772129705986,0.1941773694575075,1.145442421134649,200.0,13.0,1.2,0.5,0.3,3.0,IDLE,0.08,nan,0,0.05,20.0,0,unknown,unknown,nan,0,0.0,0,0.005117942000651965,1,0.0004121530000702478,2.3474000045098364e-05,0.0002936040000349749,1.495998731115833e-06,5.056001100456342e-06,1.320004230365157e-07,2.8616999770747498e-05,1.3989993021823466e-06,0.0008316050007124431,0.004168394999287557,0.004275904000678565,0,0,0,200.0,0.0,0,0.0,nan,nan,nan,,,,,unknown,unknown,nan,,nan,,1.0,0.0,0.0,nan,nan,0.0,0,,46489766,F04_M01_05,MDCEB22F,measured,baseline,0.5,,0,0,nan,nan,nan,nan,nan,-0.11790778878495234,0.0,0.006493234062110886,0.11808644606703299,1,0,0,0,ad4b715165e84dd399d377549dc111fb1309cda1260e23e9ee621d07fad63984,6ba3dffa4798388fb8057a608cfa40a0e24aeba9257d245b2d5103a1844d1115
4,1.2205996039992897,nan,PREP,,KFB_TIMING,kfb_timing,-0.009891069635860422,-0.006410106499829994,0.10853559915320107,1,-28.279562542720438,0,0.3124935850816483,-0.0014108114275370046,0.454379548206369,0.31249012117072733,-0.0014111247549894639,0.45435855550168047,-0.8038573849551718,0.48728870698944327,0.6204715720485849,-0.4549839786371907,-0.7026183972248858,0.19531739552276628,1.1263311906481384,200.0,13.0,1.2,0.5,0.3,3.0,IDLE,0.08,nan,0,0.05,20.0,0,unknown,unknown,nan,0,0.0,0,0.005150482997123618,1,0.00016583600154262967,1.586399957886897e-05,0.00020964999930583872,9.279974619857967e-07,4.114001058042049e-06,1.2099917512387037e-07,2.0761999621754512e-05,9.089999366551638e-07,0.00047558999722241424,0.004524410002777586,0.004660083002818283,0,0,0,200.0,0.0,0,0.0,nan,nan,nan,,,,,unknown,unknown,nan,,nan,,1.0,0.0,0.0,nan,nan,0.0,0,,52287362,F04_M01_05,MDCEB22F,measured,baseline,0.5,,0,0,nan,nan,nan,nan,nan,-0.1019286924775859,0.0,0.010235786024292481,0.10244134744196495,1,0,0,0,ad4b715165e84dd399d377549dc111fb1309cda1260e23e9ee621d07fad63984,6ba3dffa4798388fb8057a608cfa40a0e24aeba9257d245b2d5103a1844d1115
4,1.2257417500004522,nan,PREP,,KFB_TIMING,kfb_timing,-0.009863353454310636,-0.0060563424110337966,0.10864504159442544,1,-28.279562542720438,0,0.3124935850816483,-0.0014108114275370046,0.454379548206369,0.3124896226048626,-0.0014117180590587511,0.45435810697931023,-0.774302590797155,0.48597115575453276,0.634865329458596,-0.45467292740023746,-0.6857327194501671,0.19626930709648288,1.112998855744764,200.0,13.0,1.2,0.5,0.3,3.0,IDLE,0.08,nan,0,0.05,20.0,0,unknown,unknown,nan,0,0.0,0,0.005142146001162473,1,0.0004605840003932826,7.49930004531052e-05,0.000347629000316374,2.5379995349794626e-06,7.44700082577765e-06,1.3300086720846593e-07,3.792899951804429e-05,1.6049998521339148e-06,0.0011398269998608157,0.0038601730001391844,0.0039987759992072824,0,0,0,200.0,0.0,0,0.0,nan,nan,nan,,,,,unknown,unknown,nan,,nan,,1.0,0.0,0.0,nan,nan,0.0,0,,57351011,F04_M01_05,MDCEB22F,measured,baseline,0.5,,0,0,nan,nan,nan,nan,nan,-0.08715129539857752,0.0,0.017432664729297997,0.08887770299245042,1,0,0,0,ad4b715165e84dd399d377549dc111fb1309cda1260e23e9ee621d07fad63984,6ba3dffa4798388fb8057a608cfa40a0e24aeba9257d245b2d5103a1844d1115
4,1.2308743729990965,nan,PREP,,KFB_TIMING,kfb_timing,-0.009804169701611687,-0.005561034257714494,0.10878837030298079,1,-28.279562542720438,0,0.3124935850816483,-0.0014108114275370046,0.454379548206369,0.31248943753721226,-0.0014094496498830563,0.45435792480939674,-0.754248574802261,0.4816939020928388,0.6572731794369677,-0.45254096362979496,-0.6773642033765941,0.196247171846779,1.110372892460838,200.0,13.0,1.2,0.5,0.3,3.0,IDLE,0.08,nan,0,0.05,20.0,0,unknown,unknown,nan,0,0.0,0,0.005132622998644365,1,0.0005191479976929259,6.078500155126676e-05,0.0002233500017609913,3.8040016079321504e-06,1.5680998330935836e-05,4.030007403343916e-07,7.482799992430955e-05,3.3079995773732662e-06,0.001098822001949884,0.003901177998050116,0.004022008000902133,0,0,0,200.0,0.0,0,0.0,nan,nan,nan,,,,,unknown,unknown,nan,,nan,,1.0,0.0,0.0,nan,nan,0.0,0,,62364698,F04_M01_05,MDCEB22F,measured,baseline,0.5,,0,0,nan,nan,nan,nan,nan,-0.07712428740113053,0.0,0.028636589718483874,0.08226913137888936,1,0,0,0,ad4b715165e84dd399d377549dc111fb1309cda1260e23e9ee621d07fad63984,6ba3dffa4798388fb8057a608cfa40a0e24aeba9257d245b2d5103a1844d1115
4,1.236097596000036,nan,PREP,,KFB_TIMING,kfb_timing,-0.009761620732548382,-0.005101525638106575,0.10892602145105508,1,-28.28571428571429,0,0.3124935850816483,-0.0014108114275370046,0.454379548206369,0.3124896581426372,-0.0014099634950451492,0.45435746622182815,-0.7367696030019314,0.47551486704054213,0.6809337147145232,-0.4491918866751347,-0.6710575150668996,0.19558506294104644,1.1102317598227534,200.0,13.0,1.2,0.5,0.3,3.0,IDLE,0.08,nan,0,0.05,20.0,0,unknown,unknown,nan,0,0.0,0,0.00522322300093947,1,0.0003229139983886853,6.55330004519783e-05,0.0003042210009880364,4.0099985199049115e-06,1.605400029802695e-05,3.710010787472129e-07,7.831100083421916e-05,3.64600055036135e-06,0.0009839940030360594,0.004016005996963941,0.004229897000186611,0,0,0,200.0,0.0,0,0.0,nan,nan,nan,,,,,unknown,unknown,nan,,nan,,1.0,0.0,0.0,nan,nan,0.0,0,,67220917,F04_M01_05,MDCEB22F,measured,baseline,0.5,,0,0,nan,nan,nan,nan,nan,-0.06838480150096571,0.0,0.04046685735726163,0.07946098175016114,1,0,0,0,ad4b715165e84dd399d377549dc111fb1309cda1260e23e9ee621d07fad63984,6ba3dffa4798388fb8057a608cfa40a0e24aeba9257d245b2d5103a1844d1115
4,1.2412590829990222,nan,PREP,,KFB_TIMING,kfb_timing,-0.009742798550161275,-0.004713767431488207,0.10901339442157305,1,-28.28571428571429,0,0.3124935850816483,-0.0014108114275370046,0.454379548206369,0.3124901088466078,-0.0014104463907515857,0.45435799266484966,-0.7237688333706613,0.47480163939034536,0.7022454970603981,-0.4492114409799709,-0.6671738022736514,0.1965004074638264,1.1146419420908642,200.0,13.0,1.2,0.5,0.3,3.0,IDLE,0.08,nan,0,0.05,20.0,0,unknown,unknown,nan,0,0.0,0,0.00516148699898622,1,0.00028894299975945614,2.0023999240947887e-05,0.00015508499927818775,1.1169977369718254e-06,5.2629984566010535e-06,1.490006980020553e-07,2.4689998099347576e-05,1.1850024748127908e-06,0.000562297002034029,0.004437702997965971,0.004595417001837632,0,0,0,200.0,0.0,0,0.0,nan,nan,nan,,,,,unknown,unknown,nan,,nan,,1.0,0.0,0.0,nan,nan,0.0,0,,72473039,F04_M01_05,MDCEB22F,measured,baseline,0.5,,0,0,nan,nan,nan,nan,nan,-0.06188441668533068,0.0,0.05112274853019905,0.08026964834709072,1,0,0,0,ad4b715165e84dd399d377549dc111fb1309cda1260e23e9ee621d07fad63984,6ba3dffa4798388fb8057a608cfa40a0e24aeba9257d245b2d5103a1844d1115
4,1.2464553989993874,nan,PREP,,KFB_TIMING,kfb_timing,-0.009726836823204688,-0.004391611551982604,0.1090867175720007,1,-28.28571428571429,0,0.3124935850816483,-0.0014108114275370046,0.454379548206369,0.31248962647156503,-0.001408713203377097,0.4543591182885337,-0.7040461783351406,0.4721326389999442,0.7196644192115212,-0.4478310618135919,-0.6578607915396562,0.1966277296460878,1.1119834199827012,200.0,13.0,1.2,0.5,0.3,3.0,IDLE,0.08,nan,0,0.05,20.0,0,unknown,unknown,nan,0,0.0,0,0.0051963160003651865,1,0.00037119199987500906,1.9323000742588192e-05,0.00016440799663541839,1.0949988791253418e-06,5.311998393153772e-06,1.3499811757355928e-07,2.5848999939626083e-05,3.459001163719222e-06,0.0006563350034411997,0.0043436649965588004,0.0045316310024645645,0,0,0,200.0,0.0,0,0.0,nan,nan,nan,,,,,unknown,unknown,nan,,nan,,1.0,0.0,0.0,nan,nan,0.0,0,,78063489,F04_M01_05,MDCEB22F,measured,baseline,0.5,,0,0,nan,nan,nan,nan,nan,-0.05202308916757031,0.0,0.05983220960576063,0.07928615965504097,1,0,0,0,ad4b715165e84dd399d377549dc111fb1309cda1260e23e9ee621d07fad63984,6ba3dffa4798388fb8057a608cfa40a0e24aeba9257d245b2d5103a1844d1115
4,1.2516636889995425,nan,PREP,,KFB_TIMING,kfb_timing,-0.009695170758208638,-0.003946262518380365,0.10920454842506745,1,-28.279562542720438,0,0.3124935850816483,-0.0014108114275370046,0.454379548206369,0.312490092539608,-0.0014102923817956034,0.45435925828114715,-0.6835712542921107,0.468485252689962,0.7352853985427239,-0.4458092119171427,-0.6476746641291422,0.1960504803690767,1.107877569496106,200.0,13.0,1.2,0.5,0.3,3.0,IDLE,0.08,nan,0,0.05,20.0,0,unknown,unknown,nan,0,0.0,0,0.0052082900001551025,1,0.0003406709984119516,6.406899774447083e-05,0.0004181199983577244,3.9590013329871e-06,1.4586999895982444e-05,3.5599805414676666e-07,7.125199772417545e-05,3.302000550320372e-06,0.0010946700022032019,0.0039053299977967982,0.004103401002794271,0,0,0,200.0,0.0,0,0.0,nan,nan,nan,,,,,unknown,unknown,nan,,nan,,1.0,0.0,0.0,nan,nan,0.0,0,,83097801,F04_M01_05,MDCEB22F,measured,baseline,0.5,,0,0,nan,nan,nan,nan,nan,-0.04178562714605538,0.0,0.06764269927136196,0.07950832283921648,1,0,0,0,ad4b715165e84dd399d377549dc111fb1309cda1260e23e9ee621d07fad63984,6ba3dffa4798388fb8057a608cfa40a0e24aeba9257d245b2d5103a1844d1115
4,1.2567359099994064,nan,PREP,,KFB_TIMING,kfb_timing,-0.00966514958185094,-0.0035001934135394,0.10933751805968175,1,-28.279562542720438,0,0.3124935850816483,-0.0014108114275370046,0.454379548206369,0.31248929086294047,-0.0014093315212894298,0.45435655078383413,-0.6688123118026984,0.46415759270728474,0.7499304998189318,-0.44333917576382353,-0.6410959676556756,0.19479477058409447,1.106864008740624,200.0,13.0,1.2,0.5,0.3,3.0,IDLE,0.08,nan,0,0.05,20.0,0,unknown,unknown,nan,0,0.0,0,0.00507222099986393,1,0.0003133709979010746,5.8130997786065564e-05,0.0002433480003674049,3.5249977372586727e-06,1.9674000213854015e-05,4.749999789055437e-07,0.00012946800052304752,4.432000423548743e-06,0.0009794070028874557,0.004020592997112544,0.00408529299966176,0,0,0,200.0,0.0,0,0.0,nan,nan,nan,,,,,unknown,unknown,nan,,nan,,1.0,0.0,0.0,nan,nan,0.0,0,,87726858,F04_M01_05,MDCEB22F,measured,baseline,0.5,,0,0,nan,nan,nan,nan,nan,-0.03440615590134921,0.0,0.0749652499094659,0.08248376966347153,1,0,0,0,ad4b715165e84dd399d377549dc111fb1309cda1260e23e9ee621d07fad63984,6ba3dffa4798388fb8057a608cfa40a0e24aeba9257d245b2d5103a1844d1115
4,1.2619041870020737,nan,PREP,,KFB_TIMING,kfb_timing,-0.009658169934224387,-0.003119069230225164,0.10944977596870971,1,-28.279562542720438,0,0.3124935850816483,-0.0014108114275370046,0.454379548206369,0.3124900502265859,-0.001410330856966937,0.45435766082966655,-0.658698643594739,0.46031600089083446,0.7627359869108012,-0.4411700660432797,-0.637235565457961,0.19344916178737895,1.1079444523433806,200.0,13.0,1.2,0.5,0.3,3.0,IDLE,0.08,nan,0,0.05,20.0,0,unknown,unknown,nan,0,0.0,0,0.00516827700266731,1,0.00016291599968099035,3.104899951722473e-05,0.00012009100100840442,1.9229992176406085e-06,5.890000466024503e-06,1.3299722922965884e-07,2.8782000299543142e-05,1.4029974408913404e-06,0.00043397900299169123,0.004566020997008309,0.004730749002192169,0,0,0,200.0,0.0,0,0.0,nan,nan,nan,,,,,unknown,unknown,nan,,nan,,1.0,0.0,0.0,nan,nan,0.0,0,,93358442,F04_M01_05,MDCEB22F,measured,baseline,0.5,,0,0,nan,nan,nan,nan,nan,-0.029349321797369488,0.0,0.08136799345540063,0.08649932397957609,1,0,0,0,ad4b715165e84dd399d377549dc111fb1309cda1260e23e9ee621d07fad63984,6ba3dffa4798388fb8057a608cfa40a0e24aeba9257d245b2d5103a1844d1115
4,1.2670061370008625,nan,PREP,,KFB_TIMING,kfb_timing,-0.009673337228157247,-0.0027842395760183667,0.1095417196385074,1,-28.28571428571429,0,0.3124935850816483,-0.0014108114275370046,0.454379548206369,0.3124896289977207,-0.0014110803335411282,0.45435676055003854,-0.6498617404943782,0.45552123016262847,0.7740203220665178,-0.4383207488348918,-0.6337451011178714,0.19138103195541717,1.108569949015042,200.0,13.0,1.2,0.5,0.3,3.0,IDLE,0.08,nan,0,0.05,20.0,0,unknown,unknown,nan,0,0.0,0,0.005101949998788768,1,0.0002722669996728655,2.074200165225193e-05,0.0004921610016026534,1.5190016711130738e-06,5.841000529471785e-06,1.4999750419519842e-07,2.9997998353792354e-05,1.3360004231799394e-06,0.0008986929969978519,0.004101307003002148,0.004199825998512097,0,0,0,200.0,0.0,0,0.0,nan,nan,nan,,,,,unknown,unknown,nan,,nan,,1.0,0.0,0.0,nan,nan,0.0,0,,98225699,F04_M01_05,MDCEB22F,measured,baseline,0.5,,0,0,nan,nan,nan,nan,nan,-0.024930870247189096,0.0,0.08701016103325893,0.09051141593365904,1,0,0,0,ad4b715165e84dd399d377549dc111fb1309cda1260e23e9ee621d07fad63984,6ba3dffa4798388fb8057a608cfa40a0e24aeba9257d245b2d5103a1844d1115
4,1.2721764269990672,nan,PREP,,KFB_TIMING,kfb_timing,-0.009682312822376915,-0.002439017244465474,0.10963296158203126,1,-28.28571428571429,0,0.3124935850816483,-0.0014108114275370046,0.454379548206369,0.3124896926639502,-0.0014092429359964364,0.4543566997540111,-0.6430837921226312,0.451553536036464,0.7850924292178618,-0.4358756333204636,-0.6318013838857889,0.1893344191455793,1.1107778724898425,200.0,13.0,1.2,0.5,0.3,3.0,IDLE,0.08,nan,0,0.05,20.0,0,unknown,unknown,nan,0,0.0,0,0.00517028999820468,1,0.0003642880001279991,1.9566999981179833e-05,0.00018034700042335317,9.989998943638057e-07,4.989997250959277e-06,1.3300086720846593e-07,2.4656997993588448e-05,1.082000380847603e-06,0.0006585070004803129,0.004341492999519687,0.00450832999922568,0,0,0,200.0,0.0,0,0.0,nan,nan,nan,,,,,unknown,unknown,nan,,nan,,1.0,0.0,0.0,nan,nan,0.0,0,,103577886,F04_M01_05,MDCEB22F,measured,baseline,0.5,,0,0,nan,nan,nan,nan,nan,-0.021541896061315624,0.0,0.09254621460893092,0.0950202879618812,1,0,0,0,ad4b715165e84dd399d377549dc111fb1309cda1260e23e9ee621d07fad63984,6ba3dffa4798388fb8057a608cfa40a0e24aeba9257d245b2d5103a1844d1115
4,1.2773548910008685,nan,PREP,,KFB_TIMING,kfb_timing,-0.009678093960899137,-0.002045123005099756,0.10974141138612897,1,-28.28571428571429,0,0.3124935850816483,-0.0014108114275370046,0.454379548206369,0.3124901595412012,-0.0014118480047237737,0.4543564761791317,-0.6389044992962227,0.45033528600178807,0.795064976548087,-0.4350270474403084,-0.6314949040541449,0.1880779267843302,1.1149570153026886,200.0,13.0,1.2,0.5,0.3,3.0,IDLE,0.08,nan,0,0.05,20.0,0,unknown,unknown,nan,0,0.0,0,0.005178464001801331,1,0.0002670440007932484,2.0262999896658584e-05,0.00044460899880505167,1.3620010577142239e-06,6.017002306180075e-06,1.3500175555236638e-07,3.098700108239427e-05,1.3839999155607074e-06,0.0008468000014545396,0.0041531999985454605,0.004327700000430923,0,0,0,200.0,0.0,0,0.0,nan,nan,nan,,,,,unknown,unknown,nan,,nan,,1.0,0.0,0.0,nan,nan,0.0,0,,108474507,F04_M01_05,MDCEB22F,measured,baseline,0.5,,0,0,nan,nan,nan,nan,nan,-0.019452249648111375,0.0,0.09753248827404354,0.0994533875003707,1,0,0,0,ad4b715165e84dd399d377549dc111fb1309cda1260e23e9ee621d07fad63984,6ba3dffa4798388fb8057a608cfa40a0e24aeba9257d245b2d5103a1844d1115
4,1.2825452940014657,nan,PREP,,KFB_TIMING,kfb_timing,-0.009661456861027318,-0.0016599191855996148,0.10985106088827451,1,-28.28571428571429,0,0.3124935850816483,-0.0014108114275370046,0.454379548206369,0.31248990369133794,-0.0014118463438540256,0.4543560816847592,-0.6357285913243187,0.45242389480021417,0.8007565453927361,-0.4362360471378933,-0.6307155218129462,0.18778734404730793,1.1180560215851025,200.0,13.0,1.2,0.5,0.3,3.0,IDLE,0.08,nan,0,0.05,20.0,0,unknown,unknown,nan,0,0.0,0,0.0051904030005971435,1,0.00028970299899810925,2.013500125030987e-05,0.00014146199828246608,1.61500065587461e-06,6.0829988797195256e-06,1.4300167094916105e-07,3.10200011881534e-05,3.6429992178454995e-06,0.0005671479993907269,0.004432852000609273,0.0046197900010156445,0,0,0,200.0,0.0,0,0.0,nan,nan,nan,,,,,unknown,unknown,nan,,nan,,1.0,0.0,0.0,nan,nan,0.0,0,,113781525,F04_M01_05,MDCEB22F,measured,baseline,0.5,,0,0,nan,nan,nan,nan,nan,-0.017864295662159357,0.0,0.10037827269636806,0.10195553290043398,1,0,0,0,ad4b715165e84dd399d377549dc111fb1309cda1260e23e9ee621d07fad63984,6ba3dffa4798388fb8057a608cfa40a0e24aeba9257d245b2d5103a1844d1115
4,1.2876723869994748,nan,PREP,,KFB_TIMING,kfb_timing,-0.009646004369095962,-0.0013507581598249528,0.10992888712952158,1,-28.28571428571429,0,0.3124935850816483,-0.0014108114275370046,0.454379548206369,0.3124895026400928,-0.0014094916931932325,0.4543548025564925,-0.6398668710507719,0.449747937177409,0.8067688672495235,-0.4343956896256754,-0.6349857169607391,0.18595267509248795,1.1236453287522354,200.0,13.0,1.2,0.5,0.3,3.0,IDLE,0.08,nan,0,0.05,20.0,0,unknown,unknown,nan,0,0.0,0,0.005127092998009175,1,0.0003689539989863988,1.9888000679202378e-05,0.00017947000014828518,1.429998519597575e-06,5.9060002968180925e-06,1.4400211512111127e-07,3.007800114573911e-05,1.1570009519346058e-06,0.0006805359989812132,0.004319464001018787,0.004438755000592209,0,0,0,200.0,0.0,0,0.0,nan,nan,nan,,,,,unknown,unknown,nan,,nan,,1.0,0.0,0.0,nan,nan,0.0,0,,118731594,F04_M01_05,MDCEB22F,measured,baseline,0.5,,0,0,nan,nan,nan,nan,nan,-0.019933435525385956,0.0,0.10338443362476174,0.10528856997679038,1,0,0,0,ad4b715165e84dd399d377549dc111fb1309cda1260e23e9ee621d07fad63984,6ba3dffa4798388fb8057a608cfa40a0e24aeba9257d245b2d5103a1844d1115
4,1.2927554699999746,nan,PREP,,KFB_TIMING,kfb_timing,-0.009631097608847505,-0.0010698460370271775,0.10998821611140482,1,-28.28571428571429,0,0.3124935850816483,-0.0014108114275370046,0.454379548206369,0.3124904134311535,-0.0014086711902046804,0.45435635778880895,-0.6604451929366341,0.4454375806302173,0.8199757528240814,-0.4316117410402354,-0.6521501414304667,0.183419098307486,1.1432247050909232,200.0,13.0,1.2,0.5,0.3,3.0,IDLE,0.08,nan,0,0.05,20.0,0,unknown,unknown,nan,0,0.0,0,0.005083083000499755,1,0.00022886399892740883,3.237399869249202e-05,0.00011335599992889911,2.064000000245869e-06,6.031998054822907e-06,1.400003384333104e-07,3.1288000172935426e-05,1.4479992387350649e-06,0.0005045090001658536,0.0044954909998341465,0.004573959999106592,0,0,0,200.0,0.0,0,0.0,nan,nan,nan,,,,,unknown,unknown,nan,,nan,,1.0,0.0,0.0,nan,nan,0.0,0,,124344240,F04_M01_05,MDCEB22F,measured,baseline,0.5,,0,0,nan,nan,nan,nan,nan,-0.030222596468317042,0.0,0.10998787641204072,0.1140646233278183,1,0,0,0,ad4b715165e84dd399d377549dc111fb1309cda1260e23e9ee621d07fad63984,6ba3dffa4798388fb8057a608cfa40a0e24aeba9257d245b2d5103a1844d1115
4,1.2978187869994144,nan,PREP,,KFB_TIMING,kfb_timing,-0.009609967885065823,-0.0008467308330654319,0.1100338345312231,1,-28.28571428571429,0,0.3124935850816483,-0.0014108114275370046,0.454379548206369,0.31248929378970414,-0.0014099377038134667,0.4543563395580638,-0.6665612737685191,0.4438207263799011,0.8217982626043429,-0.43056922073308684,-0.6563845520689833,0.1820014676001353,1.1474463618277808,200.0,13.0,1.2,0.5,0.3,3.0,IDLE,0.08,nan,0,0.05,20.0,0,unknown,unknown,nan,0,0.0,0,0.005063316999439849,1,0.0005198929975449573,2.824200055329129e-05,0.0003556140000000596,1.543998223496601e-06,6.041998858563602e-06,1.320004230365157e-07,3.24120010191109e-05,1.3850003597326577e-06,0.0010356620005040895,0.003964337999495911,0.004024537000077544,0,0,0,200.0,0.0,0,0.0,nan,nan,nan,,,,,unknown,unknown,nan,,nan,,1.0,0.0,0.0,nan,nan,0.0,0,,128972131,F04_M01_05,MDCEB22F,measured,baseline,0.5,,0,0,nan,nan,nan,nan,nan,-0.033280636884259585,0.0,0.11089913130217144,0.11578522407888756,1,0,0,0,ad4b715165e84dd399d377549dc111fb1309cda1260e23e9ee621d07fad63984,6ba3dffa4798388fb8057a608cfa40a0e24aeba9257d245b2d5103a1844d1115
4,1.3029141400002118,nan,PREP,,KFB_TIMING,kfb_timing,-0.009603115079630048,-0.0006039346196807818,0.11009577473040941,1,-28.28571428571429,0,0.3124935850816483,-0.0014108114275370046,0.454379548206369,0.31249055153753913,-0.0014102255367873595,0.454355983934272,-0.6555562098784198,0.44280668918086075,0.8180916301738479,-0.42986399516911855,-0.6477045904693154,0.1810753456381194,1.1380270750970638,200.0,13.0,1.2,0.5,0.3,3.0,IDLE,0.08,nan,0,0.05,20.0,0,unknown,unknown,nan,0,0.0,0,0.005095353000797331,1,0.00030222400164348073,1.6394002159358934e-05,0.000184626998816384,1.1500014807097614e-06,4.94699997943826e-06,1.2300006346777081e-07,2.461700205458328e-05,1.071999577106908e-06,0.0005922370000916999,0.0044077629999083,0.004499745999055449,0,0,0,200.0,0.0,0,0.0,nan,nan,nan,,,,,unknown,unknown,nan,,nan,,1.0,0.0,0.0,nan,nan,0.0,0,,134363413,F04_M01_05,MDCEB22F,measured,baseline,0.5,,0,0,nan,nan,nan,nan,nan,-0.027778104939209902,0.0,0.10904581508692396,0.11252827601090035,1,0,0,0,ad4b715165e84dd399d377549dc111fb1309cda1260e23e9ee621d07fad63984,6ba3dffa4798388fb8057a608cfa40a0e24aeba9257d245b2d5103a1844d1115
4,1.3080517830021563,nan,PREP,,KFB_TIMING,kfb_timing,-0.009610550065527163,-0.0003802325226447445,0.11016362307085867,1,-28.28571428571429,0,0.3124935850816483,-0.0014108114275370046,0.454379548206369,0.31249025769963584,-0.0014099896014019815,0.4543571490631424,-0.6444878604106716,0.44269371594919216,0.8162326448790453,-0.42972497451904146,-0.6395599688729938,0.1805445502432841,1.13029998625315,200.0,13.0,1.2,0.5,0.3,3.0,IDLE,0.08,nan,0,0.05,20.0,0,unknown,unknown,nan,0,0.0,0,0.005137643001944525,1,0.00027045299793826416,1.9986000552307814e-05,0.0004902149994450156,1.3259996194392443e-06,5.965997843304649e-06,1.5299883671104908e-07,3.041200034203939e-05,1.224001607624814e-06,0.0008939440012909472,0.004106055998709053,0.004240260997903533,0,0,0,200.0,0.0,0,0.0,nan,nan,nan,,,,,unknown,unknown,nan,,nan,,1.0,0.0,0.0,nan,nan,0.0,0,,139357410,F04_M01_05,MDCEB22F,measured,baseline,0.5,,0,0,nan,nan,nan,nan,nan,-0.022243930205335827,0.0,0.10811632243952268,0.11038084801643212,1,0,0,0,ad4b715165e84dd399d377549dc111fb1309cda1260e23e9ee621d07fad63984,6ba3dffa4798388fb8057a608cfa40a0e24aeba9257d245b2d5103a1844d1115
4,1.3132178480009316,nan,PREP,,KFB_TIMING,kfb_timing,-0.009638516752259435,-0.0002731106007152495,0.11020429244042658,1,-28.28571428571429,0,0.3124935850816483,-0.0014108114275370046,0.454379548206369,0.3124904729943166,-0.001411261019514813,0.4543565141314582,-0.6426470542748334,0.443986855190334,0.8288574220869029,-0.4305645804755638,-0.6417456924165034,0.18032139620243048,1.1389136008049379,200.0,13.0,1.2,0.5,0.3,3.0,IDLE,0.08,nan,0,0.05,20.0,0,unknown,unknown,nan,0,0.0,0,0.005166064998775255,1,0.00031976099853636697,1.897300171549432e-05,0.0002988320011354517,1.3069984561298043e-06,5.944999429630116e-06,1.500011421740055e-07,3.0155999411363155e-05,1.224001607624814e-06,0.0007500179999624379,0.004249982000037562,0.004412439000589075,0,0,0,200.0,0.0,0,0.0,nan,nan,nan,,,,,unknown,unknown,nan,,nan,,1.0,0.0,0.0,nan,nan,0.0,0,,144250096,F04_M01_05,MDCEB22F,measured,baseline,0.5,,0,0,nan,nan,nan,nan,nan,-0.021323527137416698,0.0,0.11442871104345148,0.116398551196507,1,0,0,0,ad4b715165e84dd399d377549dc111fb1309cda1260e23e9ee621d07fad63984,6ba3dffa4798388fb8057a608cfa40a0e24aeba9257d245b2d5103a1844d1115
4,1.318338932000188,nan,PREP,,KFB_TIMING,kfb_timing,-0.009700410346127925,-0.0002340971923773274,0.11022142758991943,1,-28.28571428571429,0,0.3124935850816483,-0.0014108114275370046,0.454379548206369,0.31249067211326315,-0.001411809331728196,0.4543586422006103,-0.6388914478133494,0.44704657300713746,0.8322472133923471,-0.43256069073694503,-0.6401379168429215,0.1805810849295765,1.1404684759894903,200.0,13.0,1.2,0.5,0.3,3.0,IDLE,0.08,nan,0,0.05,20.0,0,unknown,unknown,nan,0,0.0,0,0.005121083999256371,1,0.00017446900164941326,1.9449998944764957e-05,0.00017828600175562315,1.0639996617101133e-06,5.508998583536595e-06,1.4399847714230418e-07,2.7289999707136303e-05,3.4820004657376558e-06,0.00047625699880882166,0.0045237430011911784,0.00464120099786669,0,0,0,200.0,0.0,0,0.0,nan,nan,nan,,,,,unknown,unknown,nan,,nan,,1.0,0.0,0.0,nan,nan,0.0,0,,149862093,F04_M01_05,MDCEB22F,measured,baseline,0.5,,0,0,nan,nan,nan,nan,nan,-0.019445723906674706,0.0,0.11612360669617355,0.11774051218838069,1,0,0,0,ad4b715165e84dd399d377549dc111fb1309cda1260e23e9ee621d07fad63984,6ba3dffa4798388fb8057a608cfa40a0e24aeba9257d245b2d5103a1844d1115
4,1.3235185049998108,nan,PREP,,KFB_TIMING,kfb_timing,-0.009762550038804274,-0.00021462118492462782,0.1102488429422657,1,-28.28571428571429,0,0.3124935850816483,-0.0014108114275370046,0.454379548206369,0.312489351898306,-0.0014104506371182528,0.4543552878096647,-0.6358764176761267,0.44798707031335927,0.8262746793233695,-0.43326985727084655,-0.6366414262624808,0.18027869596351875,1.1347956112954913,200.0,13.0,1.2,0.5,0.3,3.0,IDLE,0.08,nan,0,0.05,20.0,0,unknown,unknown,nan,0,0.0,0,0.005179572999622906,1,0.0003893810026056599,2.325999957975e-05,0.0004369730013422668,1.4260003808885813e-06,6.083999323891476e-06,1.3300086720846593e-07,3.046600249945186e-05,1.2499986041802913e-06,0.0009678780006652232,0.004032121999334777,0.004208197999105323,0,0,0,200.0,0.0,0,0.0,nan,nan,nan,,,,,unknown,unknown,nan,,nan,,1.0,0.0,0.0,nan,nan,0.0,0,,155036401,F04_M01_05,MDCEB22F,measured,baseline,0.5,,0,0,nan,nan,nan,nan,nan,-0.017938208838063352,0.0,0.11313733966168477,0.1145505869126885,1,0,0,0,ad4b715165e84dd399d377549dc111fb1309cda1260e23e9ee621d07fad63984,6ba3dffa4798388fb8057a608cfa40a0e24aeba9257d245b2d5103a1844d1115
4,1.3287252699992678,nan,PREP,,KFB_TIMING,kfb_timing,-0.009797169691289853,-0.00019514003071020118,0.1102692247391037,1,-28.28571428571429,0,0.3124935850816483,-0.0014108114275370046,0.454379548206369,0.3124900146781195,-0.001410773683626439,0.45435585604138873,-0.6353894653227652,0.44856919290199365,0.8195846645644128,-0.4337151125341274,-0.6347525973281124,0.1802041960082437,1.1298907539461753,200.0,13.0,1.2,0.5,0.3,3.0,IDLE,0.08,nan,0,0.05,20.0,0,unknown,unknown,nan,0,0.0,0,0.0052067649994569365,1,0.0004369549969851505,2.0036997739225626e-05,0.00040478500159224495,1.2659984349738806e-06,4.82600080431439e-06,1.359985617455095e-07,2.491899795131758e-05,1.0399999155197293e-06,0.0009570559996063821,0.004042944000393618,0.004245572999934666,0,0,0,200.0,0.0,0,0.0,nan,nan,nan,,,,,unknown,unknown,nan,,nan,,1.0,0.0,0.0,nan,nan,0.0,0,,160137550,F04_M01_05,MDCEB22F,measured,baseline,0.5,,0,0,nan,nan,nan,nan,nan,-0.017694732661382606,0.0,0.10979233228220642,0.11120908142739164,1,0,0,0,ad4b715165e84dd399d377549dc111fb1309cda1260e23e9ee621d07fad63984,6ba3dffa4798388fb8057a608cfa40a0e24aeba9257d245b2d5103a1844d1115
4,1.3339737200003583,nan,PREP,,KFB_TIMING,kfb_timing,-0.009852417500944732,-0.00022443291197021256,0.11029094673776052,1,-28.28571428571429,0,0.3124935850816483,-0.0014108114275370046,0.454379548206369,0.31249045230270434,-0.0014111625371958604,0.45435668426043047,-0.629402024385912,0.4506011288062167,0.8100715144308693,-0.4351615808728412,-0.6283564093674785,0.18091682595121422,1.120448188929253,200.0,13.0,1.2,0.5,0.3,3.0,IDLE,0.08,nan,0,0.05,20.0,0,unknown,unknown,nan,0,0.0,0,0.005248450001090532,1,0.00023196899928734638,1.995899947360158e-05,0.0004934940006933175,1.2649979908019304e-06,5.785001121694222e-06,1.3699900591745973e-07,3.016800110344775e-05,1.263000740436837e-06,0.0008567570002924185,0.004143242999707582,0.004387973000120837,0,0,0,200.0,0.0,0,0.0,nan,nan,nan,,,,,unknown,unknown,nan,,nan,,1.0,0.0,0.0,nan,nan,0.0,0,,164974123,F04_M01_05,MDCEB22F,measured,baseline,0.5,,0,0,nan,nan,nan,nan,nan,-0.014701012192955998,0.0,0.10503575721543468,0.10605955899077263,1,0,0,0,ad4b715165e84dd399d377549dc111fb1309cda1260e23e9ee621d07fad63984,6ba3dffa4798388fb8057a608cfa40a0e24aeba9257d245b2d5103a1844d1115
4,1.3391512039997906,nan,PREP,,KFB_TIMING,kfb_timing,-0.009900728866124059,-0.0002342097801269971,0.11030961224960992,1,-28.28571428571429,0,0.3124935850816483,-0.0014108114275370046,0.454379548206369,0.3124897807235517,-0.0014109102979871805,0.45435548307042645,-0.6239261845483323,0.45265827429677274,0.8022532576723114,-0.4367094918818295,-0.6226530315129382,0.18175795356286556,1.1125617674988693,200.0,13.0,1.2,0.5,0.3,3.0,IDLE,0.08,nan,0,0.05,20.0,0,unknown,unknown,nan,0,0.0,0,0.005177483999432297,1,0.00015459400310646743,1.9532999431248754e-05,0.00017057500008377247,1.1319971235934645e-06,4.923997039441019e-06,1.410007826052606e-07,2.480200055288151e-05,1.091000740416348e-06,0.000439481002104003,0.004560518997895997,0.004730538003059337,0,0,0,200.0,0.0,0,0.0,nan,nan,nan,,,,,unknown,unknown,nan,,nan,,1.0,0.0,0.0,nan,nan,0.0,0,,170580004,F04_M01_05,MDCEB22F,measured,baseline,0.5,,0,0,nan,nan,nan,nan,nan,-0.011963092274166143,0.0,0.1011266288361557,0.10183177616307107,1,0,0,0,ad4b715165e84dd399d377549dc111fb1309cda1260e23e9ee621d07fad63984,6ba3dffa4798388fb8057a608cfa40a0e24aeba9257d245b2d5103a1844d1115
4,1.3443994080007542,nan,PREP,,KFB_TIMING,kfb_timing,-0.009942204490200335,-0.0002537524121633013,0.11032780227241845,1,-28.28571428571429,0,0.3124935850816483,-0.0014108114275370046,0.454379548206369,0.31249027213025576,-0.0014107421724399404,0.4543571402775177,-0.6221431624863769,0.45549061416544656,0.7993917248093579,-0.43892743020935937,-0.6207980215178175,0.18269104748442197,1.1106578878822435,200.0,13.0,1.2,0.5,0.3,3.0,IDLE,0.08,nan,0,0.05,20.0,0,unknown,unknown,nan,0,0.0,0,0.005248204000963597,1,0.00025557499975548126,3.360200207680464e-05,0.0004431929992279038,2.535998646635562e-06,7.5600000855047256e-06,1.500011421740055e-07,3.7423997127916664e-05,1.5480000001844019e-06,0.0008803510027064476,0.0041196489972935525,0.004364110001915833,0,0,0,200.0,0.0,0,0.0,nan,nan,nan,,,,,unknown,unknown,nan,,nan,,1.0,0.0,0.0,nan,nan,0.0,0,,175869926,F04_M01_05,MDCEB22F,measured,baseline,0.5,,0,0,nan,nan,nan,nan,nan,-0.011071581243188466,0.0,0.09969586240467898,0.10030874783306393,1,0,0,0,ad4b715165e84dd399d377549dc111fb1309cda1260e23e9ee621d07fad63984,6ba3dffa4798388fb8057a608cfa40a0e24aeba9257d245b2d5103a1844d1115
4,1.3495749440007785,nan,PREP,,KFB_TIMING,kfb_timing,-0.009976774972965702,-0.00027329437573012463,0.11034294631322919,1,-28.28571428571429,0,0.3124935850816483,-0.0014108114275370046,0.454379548206369,0.31249041576489617,-0.0014109913976966372,0.4543577693819425,-0.6176551136207822,0.4584887463870967,0.795060974377726,-0.4414530573875117,-0.6168026256134227,0.18349538164006834,1.1062692813795256,200.0,13.0,1.2,0.5,0.3,3.0,IDLE,0.08,nan,0,0.05,20.0,0,unknown,unknown,nan,0,0.0,0,0.0051755360000242945,1,0.0003191899995726999,2.0399998902576044e-05,0.0004620469990186393,1.348998921457678e-06,5.9109988796990365e-06,1.269982021767646e-07,3.075800123042427e-05,1.2090022210031748e-06,0.0009155080006166827,0.004084491999383317,0.004256383999745594,0,0,0,200.0,0.0,0,0.0,nan,nan,nan,,,,,unknown,unknown,nan,,nan,,1.0,0.0,0.0,nan,nan,0.0,0,,180812811,F04_M01_05,MDCEB22F,measured,baseline,0.5,,0,0,nan,nan,nan,nan,nan,-0.008827556810391102,0.0,0.09753048718886304,0.09792916669990437,1,0,0,0,ad4b715165e84dd399d377549dc111fb1309cda1260e23e9ee621d07fad63984,6ba3dffa4798388fb8057a608cfa40a0e24aeba9257d245b2d5103a1844d1115
4,1.3547587249995559,nan,PREP,,KFB_TIMING,kfb_timing,-0.009997496481326418,-0.0003025802207095281,0.11034943547431825,1,-28.28571428571429,0,0.3124935850816483,-0.0014108114275370046,0.454379548206369,0.31248971632061373,-0.001410350197392168,0.4543561682901014,-0.6168310067953665,0.4624147157624004,0.7943532321523059,-0.44470534418993113,-0.6163389600109846,0.18434753778553079,1.1069349202769883,200.0,13.0,1.2,0.5,0.3,3.0,IDLE,0.08,nan,0,0.05,20.0,0,unknown,unknown,nan,0,0.0,0,0.005183780998777365,1,0.00030582099861931056,1.9062998035224155e-05,0.00024504100292688236,1.5089972293935716e-06,5.859001248609275e-06,1.5100158634595573e-07,2.9834001907147467e-05,3.482997271930799e-06,0.0006842260008852463,0.004315773999114754,0.004496795998420566,0,0,0,200.0,0.0,0,0.0,nan,nan,nan,,,,,unknown,unknown,nan,,nan,,1.0,0.0,0.0,nan,nan,0.0,0,,185722625,F04_M01_05,MDCEB22F,measured,baseline,0.5,,0,0,nan,nan,nan,nan,nan,-0.008415503397683266,0.0,0.09717661607615297,0.09754032709320001,1,0,0,0,ad4b715165e84dd399d377549dc111fb1309cda1260e23e9ee621d07fad63984,6ba3dffa4798388fb8057a608cfa40a0e24aeba9257d245b2d5103a1844d1115
4,1.3599162390019046,nan,PREP,,KFB_TIMING,kfb_timing,-0.010004341179176646,-0.0003513521273504193,0.11034468692011881,1,-28.28571428571429,0,0.3124935850816483,-0.0014108114275370046,0.454379548206369,0.31249007291852354,-0.0014097354094123058,0.4543552581356898,-0.6130435881433705,0.4666455286242407,0.7928394464318405,-0.44813650309259323,-0.6137379390798924,0.18510504359590452,1.1055201844231712,200.0,13.0,1.2,0.5,0.3,3.0,IDLE,0.08,nan,0,0.05,20.0,0,unknown,unknown,nan,0,0.0,0,0.005157514002348762,1,0.00013218700041761622,1.8875998648582026e-05,0.00015668800187995657,1.1680021998472512e-06,4.656998498830944e-06,1.1700103641487658e-07,2.297899845871143e-05,1.0280018614139408e-06,0.0004012360004708171,0.004598763999529183,0.004752124998049112,0,0,0,200.0,0.0,0,0.0,nan,nan,nan,,,,,unknown,unknown,nan,,nan,,1.0,0.0,0.0,nan,nan,0.0,0,,191281277,F04_M01_05,MDCEB22F,measured,baseline,0.5,,0,0,nan,nan,nan,nan,nan,-0.0065217940716852385,0.0,0.09641972321592024,0.09664003737037842,1,0,0,0,ad4b715165e84dd399d377549dc111fb1309cda1260e23e9ee621d07fad63984,6ba3dffa4798388fb8057a608cfa40a0e24aeba9257d245b2d5103a1844d1115
4,1.3650785620011447,nan,PREP,,KFB_TIMING,kfb_timing,-0.010010919494686521,-0.00045853963840679016,0.11031921591929304,1,-28.28571428571429,0,0.3124935850816483,-0.0014108114275370046,0.454379548206369,0.3124901399143963,-0.0014124192669588333,0.4543570125846681,-0.6129608642383109,0.4734953995686852,0.7916845663613921,-0.4530750014194327,-0.6136944756061855,0.18654381059306852,1.1075573877300045,200.0,13.0,1.2,0.5,0.3,3.0,IDLE,0.08,nan,0,0.05,20.0,0,unknown,unknown,nan,0,0.0,0,0.005162322999240132,1,0.00029589299811050296,2.4885001039365306e-05,0.000361546000931412,1.3809985830448568e-06,6.1300015659071505e-06,1.4200122677721083e-07,3.2832002034410834e-05,1.3360004231799394e-06,0.000812015998235438,0.004187984001764562,0.00434774300083518,0,0,0,200.0,0.0,0,0.0,nan,nan,nan,,,,,unknown,unknown,nan,,nan,,1.0,0.0,0.0,nan,nan,0.0,0,,196235796,F04_M01_05,MDCEB22F,measured,baseline,0.5,,0,0,nan,nan,nan,nan,nan,-0.006480432119155444,0.0,0.09584228318069604,0.09606112244680318,1,0,0,0,ad4b715165e84dd399d377549dc111fb1309cda1260e23e9ee621d07fad63984,6ba3dffa4798388fb8057a608cfa40a0e24aeba9257d245b2d5103a1844d1115
4,1.3702727790005156,nan,PREP,,KFB_TIMING,kfb_timing,-0.010017479807649443,-0.0006240309630683037,0.11027812836817957,1,-28.28571428571429,0,0.3124935850816483,-0.0014108114275370046,0.454379548206369,0.3124900922544521,-0.0014123546721695468,0.454356002438817,-0.6102483953894315,0.4795685839495046,0.7898106310897461,-0.4574101323677989,-0.6115920240456291,0.18801188673785826,1.1073346214081325,200.0,13.0,1.2,0.5,0.3,3.0,IDLE,0.08,nan,0,0.05,20.0,0,unknown,unknown,nan,0,0.0,0,0.005194216999370838,1,0.00029096099751768634,1.6983001842163503e-05,0.00019729599807760678,1.0969997674692422e-06,4.8769979912322015e-06,1.6199919627979398e-07,2.6913003239315003e-05,1.038999471347779e-06,0.0005949139995209407,0.004405086000479059,0.0045900929981144145,0,0,0,200.0,0.0,0,0.0,nan,nan,nan,,,,,unknown,unknown,nan,,nan,,1.0,0.0,0.0,nan,nan,0.0,0,,201789898,F04_M01_05,MDCEB22F,measured,baseline,0.5,,0,0,nan,nan,nan,nan,nan,-0.005124197694715782,0.0,0.09490531554487308,0.09504354960062497,1,0,0,0,ad4b715165e84dd399d377549dc111fb1309cda1260e23e9ee621d07fad63984,6ba3dffa4798388fb8057a608cfa40a0e24aeba9257d245b2d5103a1844d1115
4,1.3753977609994763,nan,PREP,,KFB_TIMING,kfb_timing,-0.010024252397556804,-0.0007504558587936075,0.1102473616373069,1,-28.28571428571429,0,0.3124935850816483,-0.0014108114275370046,0.454379548206369,0.31249108815052185,-0.0014120616812367,0.45435800394872805,-0.6074429539007421,0.4858221191132073,0.7866426938190338,-0.4618727791683633,-0.6089687197300777,0.18985428116634476,1.1062625372858708,200.0,13.0,1.2,0.5,0.3,3.0,IDLE,0.08,nan,0,0.05,20.0,0,unknown,unknown,nan,0,0.0,0,0.00512498199896072,1,0.00045737100299447775,3.1998999475035816e-05,0.0003361689996381756,1.862998033175245e-06,7.239003025460988e-06,1.400003384333104e-07,3.997000021627173e-05,1.7649981600698084e-06,0.000971471999946516,0.004028528000053484,0.004138006002904149,0,0,0,200.0,0.0,0,0.0,nan,nan,nan,,,,,unknown,unknown,nan,,nan,,1.0,0.0,0.0,nan,nan,0.0,0,,206458510,F04_M01_05,MDCEB22F,measured,baseline,0.5,,0,0,nan,nan,nan,nan,nan,-0.003721476950371061,0.0,0.09332134690951693,0.09339552012649509,1,0,0,0,ad4b715165e84dd399d377549dc111fb1309cda1260e23e9ee621d07fad63984,6ba3dffa4798388fb8057a608cfa40a0e24aeba9257d245b2d5103a1844d1115
4,1.3805783230018278,nan,PREP,,KFB_TIMING,kfb_timing,-0.010038153802689492,-0.0008865561471691963,0.11022214423782163,1,-28.28571428571429,0,0.3124935850816483,-0.0014108114275370046,0.454379548206369,0.31249105491174217,-0.001410847406639399,0.4543578944084046,-0.6069431207670188,0.4873157506337399,0.7834788401420935,-0.46330832877246175,-0.6078671961813267,0.19062834903202971,1.104398336476714,200.0,13.0,1.2,0.5,0.3,3.0,IDLE,0.08,nan,0,0.05,20.0,0,unknown,unknown,nan,0,0.0,0,0.0051805620023515075,1,0.0002494649997970555,1.7680002201814204e-05,0.00014719699902343564,1.0299991117790341e-06,4.237997927702963e-06,1.2800228432752192e-07,2.0801002392545342e-05,9.870018402580172e-07,0.0004957510027452372,0.004504248997254763,0.004681245998654049,0,0,0,200.0,0.0,0,0.0,nan,nan,nan,,,,,unknown,unknown,nan,,nan,,1.0,0.0,0.0,nan,nan,0.0,0,,212118892,F04_M01_05,MDCEB22F,measured,baseline,0.5,,0,0,nan,nan,nan,nan,nan,-0.003471560383509431,0.0,0.09173942007104674,0.09180508115822525,1,0,0,0,ad4b715165e84dd399d377549dc111fb1309cda1260e23e9ee621d07fad63984,6ba3dffa4798388fb8057a608cfa40a0e24aeba9257d245b2d5103a1844d1115
4,1.3856724329998542,nan,PREP,,KFB_TIMING,kfb_timing,-0.010052048217373988,-0.0010030729624150737,0.11019690697933844,1,-28.28571428571429,0,0.3124935850816483,-0.0014108114275370046,0.454379548206369,0.3124908138574454,-0.001410464737972998,0.4543572214499779,-0.6070102900704386,0.48836078680399553,0.7808308101968231,-0.4643645957307825,-0.6072914103383911,0.19163959095227456,1.1030206274099514,200.0,13.0,1.2,0.5,0.3,3.0,IDLE,0.08,nan,0,0.05,20.0,0,unknown,unknown,nan,0,0.0,0,0.005094109998026397,1,0.0003587949977372773,2.10899997910019e-05,0.0004848690005019307,2.258002496091649e-06,6.025999027770013e-06,1.4699980965815485e-07,3.731399920070544e-05,1.5550031093880534e-06,0.0009920949996740092,0.004007905000325991,0.004086190998350503,0,0,0,200.0,0.0,0,0.0,nan,nan,nan,,,,,unknown,unknown,nan,,nan,,1.0,0.0,0.0,nan,nan,0.0,0,,216722853,F04_M01_05,MDCEB22F,measured,baseline,0.5,,0,0,nan,nan,nan,nan,nan,-0.0035051450352193148,0.0,0.09041540509841156,0.09048332178267877,1,0,0,0,ad4b715165e84dd399d377549dc111fb1309cda1260e23e9ee621d07fad63984,6ba3dffa4798388fb8057a608cfa40a0e24aeba9257d245b2d5103a1844d1115
4,1.3908373849990312,nan,PREP,,KFB_TIMING,kfb_timing,-0.010066207501255808,-0.001148661801681466,0.11016897400897432,1,-28.28571428571429,0,0.3124935850816483,-0.0014108114275370046,0.454379548206369,0.3124905069409639,-0.0014110400337795492,0.4543563773672848,-0.6058838454463107,0.48877972020477234,0.7800133926507137,-0.46496327221569667,-0.6063650973194116,0.1926889858866362,1.1020080497758358,200.0,13.0,1.2,0.5,0.3,3.0,IDLE,0.08,nan,0,0.05,20.0,0,unknown,unknown,nan,0,0.0,0,0.005164951999176992,1,0.00021943100000498816,2.190400118706748e-05,0.00015668099877075292,9.249997674487531e-07,3.8810030673630536e-06,1.0700023267418146e-07,1.949400029843673e-05,2.8289978217799217e-06,0.0004861920024268329,0.004513807997573167,0.004674908999731997,0,0,0,200.0,0.0,0,0.0,nan,nan,nan,,,,,unknown,unknown,nan,,nan,,1.0,0.0,0.0,nan,nan,0.0,0,,222241234,F04_M01_05,MDCEB22F,measured,baseline,0.5,,0,0,nan,nan,nan,nan,nan,-0.0029419227231553546,0.0,0.09000669632535685,0.09005476274308885,1,0,0,0,ad4b715165e84dd399d377549dc111fb1309cda1260e23e9ee621d07fad63984,6ba3dffa4798388fb8057a608cfa40a0e24aeba9257d245b2d5103a1844d1115
4,1.3959988800015708,nan,PREP,,KFB_TIMING,kfb_timing,-0.010073444038926016,-0.00127464553660894,0.11013800126746028,1,-28.28571428571429,0,0.3124935850816483,-0.0014108114275370046,0.454379548206369,0.312489906056857,-0.0014111638178732344,0.45435438450463683,-0.6091249070472252,0.4895424746696841,0.7789882093893298,-0.4657491531061221,-0.6080954200177948,0.1939632678783873,1.10340727623965,200.0,13.0,1.2,0.5,0.3,3.0,IDLE,0.08,nan,0,0.05,20.0,0,unknown,unknown,nan,0,0.0,0,0.005161495002539596,1,0.00038715600021532737,2.5074998120544478e-05,0.00031676999788032845,1.5080004232004285e-06,5.25900031789206e-06,1.4200122677721083e-07,2.763399970717728e-05,1.162003172794357e-06,0.0008457870026177261,0.004154212997382274,0.004311651999159949,0,0,0,200.0,0.0,0,0.0,nan,nan,nan,,,,,unknown,unknown,nan,,nan,,1.0,0.0,0.0,nan,nan,0.0,0,,227537513,F04_M01_05,MDCEB22F,measured,baseline,0.5,,0,0,nan,nan,nan,nan,nan,-0.00456245352361262,0.0,0.0894941046946649,0.0896103272913048,1,0,0,0,ad4b715165e84dd399d377549dc111fb1309cda1260e23e9ee621d07fad63984,6ba3dffa4798388fb8057a608cfa40a0e24aeba9257d245b2d5103a1844d1115
4,1.401183038000454,nan,PREP,,KFB_TIMING,kfb_timing,-0.010060023399471013,-0.0013810970373832126,0.11010315488803354,1,-28.28571428571429,0,0.3124935850816483,-0.0014108114275370046,0.454379548206369,0.31249004958386956,-0.0014111033798299075,0.4543572138161114,-0.6115818898412426,0.48939942702862105,0.777424509294746,-0.46599473335833114,-0.6090812007527633,0.1950613114407868,1.103600052016085,200.0,13.0,1.2,0.5,0.3,3.0,IDLE,0.08,nan,0,0.05,20.0,0,unknown,unknown,nan,0,0.0,0,0.005184157998883165,1,0.00044240799979888834,3.684499824885279e-05,0.00031681900145485997,2.4289984139613807e-06,1.1468000593595207e-05,3.3299875212833285e-07,5.538600089494139e-05,2.515000232961029e-06,0.0010090789983223658,0.003990921001677634,0.004161158001807053,0,0,0,200.0,0.0,0,0.0,nan,nan,nan,,,,,unknown,unknown,nan,,nan,,1.0,0.0,0.0,nan,nan,0.0,0,,232656552,F04_M01_05,MDCEB22F,measured,baseline,0.5,,0,0,nan,nan,nan,nan,nan,-0.0057909449206213215,0.0,0.08871225464737303,0.08890106392892061,1,0,0,0,ad4b715165e84dd399d377549dc111fb1309cda1260e23e9ee621d07fad63984,6ba3dffa4798388fb8057a608cfa40a0e24aeba9257d245b2d5103a1844d1115
4,1.4063545009994414,nan,PREP,,KFB_TIMING,kfb_timing,-0.010046598551479602,-0.001468118807970387,0.11007351816741781,1,-28.28571428571429,0,0.3124935850816483,-0.0014108114275370046,0.454379548206369,0.31249063545079825,-0.0014123075354289683,0.45435712443990084,-0.610441850332981,0.4863150785318389,0.7767068347697704,-0.4643724178576724,-0.607992420746495,0.1952819883221658,1.101097232501952,200.0,13.0,1.2,0.5,0.3,3.0,IDLE,0.08,nan,0,0.05,20.0,0,unknown,unknown,nan,0,0.0,0,0.005171462998987408,1,0.00027864600269822404,5.56840022909455e-05,0.0002908120004576631,4.280998837202787e-06,1.6100999346235767e-05,4.210014594718814e-07,0.00010355500126024708,4.542001988738775e-06,0.0009929510015354026,0.0040070489984645975,0.004171324002527399,0,0,0,200.0,0.0,0,0.0,nan,nan,nan,,,,,unknown,unknown,nan,,nan,,1.0,0.0,0.0,nan,nan,0.0,0,,237521914,F04_M01_05,MDCEB22F,measured,baseline,0.5,,0,0,nan,nan,nan,nan,nan,-0.005220925166490531,0.0,0.08835341738488522,0.08850753879292901,1,0,0,0,ad4b715165e84dd399d377549dc111fb1309cda1260e23e9ee621d07fad63984,6ba3dffa4798388fb8057a608cfa40a0e24aeba9257d245b2d5103a1844d1115
4,1.4115687830017123,nan,PREP,,KFB_TIMING,kfb_timing,-0.01002633526100613,-0.0015550551775241964,0.11004083321536165,1,-28.28571428571429,0,0.3124935850816483,-0.0014108114275370046,0.454379548206369,0.3124898497388941,-0.0014112006509890218,0.4543561638445982,-0.6537612495557757,0.4870461448669852,0.789115316712097,-0.46512558071165766,-0.640225588084282,0.1962588723824469,1.134601560778124,200.0,13.0,1.2,0.5,0.3,3.0,IDLE,0.08,nan,0,0.05,20.0,0,unknown,unknown,nan,0,0.0,0,0.00521428200227092,1,0.0002826669988280628,3.772999843931757e-05,0.00015789099779794924,2.402000973233953e-06,7.398000889224932e-06,1.4699980965815485e-07,4.0306997107109055e-05,1.6649973986204714e-06,0.0006216930014488753,0.004378306998551125,0.004581873999995878,0,0,0,200.0,0.0,0,0.0,nan,nan,nan,,,,,unknown,unknown,nan,,nan,,1.0,0.0,0.0,nan,nan,0.0,0,,242721721,F04_M01_05,MDCEB22F,measured,baseline,0.5,,0,0,nan,nan,nan,nan,nan,-0.026880624777887885,0.0,0.09455765835604851,0.09830421528209658,1,0,0,0,ad4b715165e84dd399d377549dc111fb1309cda1260e23e9ee621d07fad63984,6ba3dffa4798388fb8057a608cfa40a0e24aeba9257d245b2d5103a1844d1115
4,1.4167590420001943,nan,PREP,,KFB_TIMING,kfb_timing,-0.01001297003493079,-0.001632296151755072,0.11001377424962942,1,-28.28571428571429,0,0.3124935850816483,-0.0014108114275370046,0.454379548206369,0.3124890244424482,-0.0014095059584697048,0.45435530525540835,-0.6781426968633899,0.48378437387974293,0.7968212707706888,-0.4630547147092185,-0.658604755190952,0.19621308163035897,1.152757118942226,200.0,13.0,1.2,0.5,0.3,3.0,IDLE,0.08,nan,0,0.05,20.0,0,unknown,unknown,nan,0,0.0,0,0.0051902589984820224,1,0.0003258599972468801,1.3222001143731177e-05,0.00017513200145913288,1.0490002750884742e-06,3.7339996197260916e-06,1.0899748303927481e-07,1.855600203271024e-05,8.160022844094783e-07,0.0005858459990122356,0.0044141540009877646,0.004600567997840699,0,0,0,200.0,0.0,0,0.0,nan,nan,nan,,,,,unknown,unknown,nan,,nan,,1.0,0.0,0.0,nan,nan,0.0,0,,248332531,F04_M01_05,MDCEB22F,measured,baseline,0.5,,0,0,nan,nan,nan,nan,nan,-0.03907134843169496,0.0,0.09841063538534439,0.10588306486505815,1,0,0,0,ad4b715165e84dd399d377549dc111fb1309cda1260e23e9ee621d07fad63984,6ba3dffa4798388fb8057a608cfa40a0e24aeba9257d245b2d5103a1844d1115
4,1.4219487469999876,nan,PREP,,KFB_TIMING,kfb_timing,-0.009999528622549103,-0.0016901817605555203,0.10999195452149826,1,-28.28571428571429,0,0.3124935850816483,-0.0014108114275370046,0.454379548206369,0.31249054740392485,-0.0014102254480062347,0.45435650042140624,-0.6690619463990829,0.4771320274923051,0.7937646458398241,-0.45860519603727046,-0.6517683498517737,0.19544361257832688,1.1425240359675013,200.0,13.0,1.2,0.5,0.3,3.0,IDLE,0.08,nan,0,0.05,20.0,0,unknown,unknown,nan,0,0.0,0,0.005189704999793321,1,0.0004603119996318128,6.478199793491513e-05,0.0002678560013009701,1.9330000213813037e-06,5.7159995776601136e-06,1.3499811757355928e-07,2.986399704241194e-05,1.2210002751089633e-06,0.0010174050003115553,0.003982594999688445,0.004161326000030385,0,0,0,200.0,0.0,0,0.0,nan,nan,nan,,,,,unknown,unknown,nan,,nan,,1.0,0.0,0.0,nan,nan,0.0,0,,252968926,F04_M01_05,MDCEB22F,measured,baseline,0.5,,0,0,nan,nan,nan,nan,nan,-0.03453097319954146,0.0,0.09688232291991206,0.10285218813649794,1,0,0,0,ad4b715165e84dd399d377549dc111fb1309cda1260e23e9ee621d07fad63984,6ba3dffa4798388fb8057a608cfa40a0e24aeba9257d245b2d5103a1844d1115
4,1.4271129260014277,nan,PREP,,KFB_TIMING,kfb_timing,-0.009986049231528626,-0.0017383891682900944,0.1099727538107895,1,-28.28571428571429,0,0.3124935850816483,-0.0014108114275370046,0.454379548206369,0.31248987877749607,-0.001409617359211278,0.45435660322928545,-0.6479849898685874,0.47109798587685026,0.7849434684420384,-0.4543799595595073,-0.6354871017165915,0.19498345084008425,1.1215855330923432,200.0,13.0,1.2,0.5,0.3,3.0,IDLE,0.08,nan,0,0.05,20.0,0,unknown,unknown,nan,0,0.0,0,0.005164179001440061,1,0.00018187800014857203,1.4052002370590344e-05,0.0001909870006784331,7.90998456068337e-07,3.5749981179833412e-06,1.1199881555512547e-07,1.7796999600250274e-05,2.6419984351377934e-06,0.0004541849993984215,0.004545815000601579,0.004706209001597017,0,0,0,200.0,0.0,0,0.0,nan,nan,nan,,,,,unknown,unknown,nan,,nan,,1.0,0.0,0.0,nan,nan,0.0,0,,258546776,F04_M01_05,MDCEB22F,measured,baseline,0.5,,0,0,nan,nan,nan,nan,nan,-0.02399249493429373,0.0,0.09247173422101923,0.0955335618670995,1,0,0,0,ad4b715165e84dd399d377549dc111fb1309cda1260e23e9ee621d07fad63984,6ba3dffa4798388fb8057a608cfa40a0e24aeba9257d245b2d5103a1844d1115
4,1.432289282001875,nan,PREP,,KFB_TIMING,kfb_timing,-0.009972454902445083,-0.0017672816537542054,0.1099588078584885,1,-28.28571428571429,0,0.3124935850816483,-0.0014108114275370046,0.454379548206369,0.3124897203295055,-0.0014095512627703448,0.4543545219058863,-0.6241043050204684,0.46575974240453866,0.776042416860909,-0.45053156336687494,-0.6175147363795455,0.19472898801630872,1.09939990629304,200.0,13.0,1.2,0.5,0.3,3.0,IDLE,0.08,nan,0,0.05,20.0,0,unknown,unknown,nan,0,0.0,0,0.005176356000447413,1,0.0003203549968020525,2.2709999029757455e-05,0.0004022879984404426,1.921001967275515e-06,7.390000973828137e-06,1.540029188618064e-07,4.1059000068344176e-05,1.5930017980281264e-06,0.0008894499987945892,0.004110550001205411,0.004282907000742853,0,0,0,200.0,0.0,0,0.0,nan,nan,nan,,,,,unknown,unknown,nan,,nan,,1.0,0.0,0.0,nan,nan,0.0,0,,263475670,F04_M01_05,MDCEB22F,measured,baseline,0.5,,0,0,nan,nan,nan,nan,nan,-0.012052152510234226,0.0,0.08802120843045452,0.08884248709760136,1,0,0,0,ad4b715165e84dd399d377549dc111fb1309cda1260e23e9ee621d07fad63984,6ba3dffa4798388fb8057a608cfa40a0e24aeba9257d245b2d5103a1844d1115
4,1.4374989669995557,nan,PREP,,KFB_TIMING,kfb_timing,-0.009951973332411324,-0.0017961378320583885,0.10994182979609553,1,-28.28571428571429,0,0.3124935850816483,-0.0014108114275370046,0.454379548206369,0.31249004305953887,-0.0014097084577683276,0.4543557393269793,-0.6065024940051894,0.4600376065748676,0.7702269983441381,-0.446456074049785,-0.6046571847504674,0.19412622594067555,1.0829263611510564,200.0,13.0,1.2,0.5,0.3,3.0,IDLE,0.08,nan,0,0.05,20.0,0,unknown,unknown,nan,0,0.0,0,0.005209684997680597,1,0.0003502489998936653,1.4788001863053069e-05,0.00018378499953541905,8.899987733457237e-07,3.8010002754162997e-06,1.1499651009216905e-07,1.8144997739000246e-05,7.829985406715423e-07,0.0006187309991219081,0.004381269000878092,0.004581421999318991,0,0,0,200.0,0.0,0,0.0,nan,nan,nan,,,,,unknown,unknown,nan,,nan,,1.0,0.0,0.0,nan,nan,0.0,0,,268990736,F04_M01_05,MDCEB22F,measured,baseline,0.5,,0,0,nan,nan,nan,nan,nan,-0.003251247002594715,0.0,0.08511349917206906,0.08517557366044377,1,0,0,0,ad4b715165e84dd399d377549dc111fb1309cda1260e23e9ee621d07fad63984,6ba3dffa4798388fb8057a608cfa40a0e24aeba9257d245b2d5103a1844d1115
4,1.442655859002116,nan,PREP,,KFB_TIMING,kfb_timing,-0.0099243962086078,-0.001796024078208876,0.10992971337770453,1,-28.28571428571429,0,0.3124935850816483,-0.0014108114275370046,0.454379548206369,0.312489228582342,-0.0014089115181344343,0.4543547881397044,-0.5973062154715203,0.4523413393117979,0.7643218514680497,-0.44112511380519526,-0.597284865172138,0.19265557317239668,1.070315511857531,200.0,13.0,1.2,0.5,0.3,3.0,IDLE,0.08,nan,0,0.05,20.0,0,unknown,unknown,nan,0,0.0,0,0.005156892002560198,1,0.0004477970032894518,3.514199852361344e-05,0.00032705299963708967,1.7999991541728377e-06,5.99100167164579e-06,1.1799784260801971e-07,2.90689968096558e-05,1.4789984561502934e-06,0.0009353010027552955,0.004064698997244705,0.004219585000100778,0,0,0,200.0,0.0,0,0.0,nan,nan,nan,,,,,unknown,unknown,nan,,nan,,1.0,0.0,0.0,nan,nan,0.0,0,,273720612,F04_M01_05,MDCEB22F,measured,baseline,0.5,,0,0,nan,nan,nan,nan,nan,0.0,0.0,0.08216092573402484,0.08216092573402484,1,0,0,0,ad4b715165e84dd399d377549dc111fb1309cda1260e23e9ee621d07fad63984,6ba3dffa4798388fb8057a608cfa40a0e24aeba9257d245b2d5103a1844d1115
4,1.4477564690023428,nan,PREP,,KFB_TIMING,kfb_timing,-0.009889924336930977,-0.001795881791020191,0.10991455782399633,1,-28.28571428571429,0,0.3124935850816483,-0.0014108114275370046,0.454379548206369,0.3124897096446443,-0.0014090231235259236,0.4543544734161734,-0.5886034722461518,0.44400611537726953,0.7595072760949686,-0.4352690634366969,-0.5905609940690681,0.19086456252623135,1.0585115873120325,200.0,13.0,1.2,0.5,0.3,3.0,IDLE,0.08,nan,0,0.05,20.0,0,unknown,unknown,nan,0,0.0,0,0.0051006100002268795,1,0.00023764400248182938,1.77549991349224e-05,0.0001722329980111681,9.070026862900704e-07,3.796998498728499e-06,1.2499731383286417e-07,1.7995000234805048e-05,7.589987944811583e-07,0.0004969410001649521,0.004503058999835048,0.004600226999173174,0,0,0,200.0,0.0,0,0.0,nan,nan,nan,,,,,unknown,unknown,nan,,nan,,1.0,0.0,0.0,nan,nan,0.0,0,,279376914,F04_M01_05,MDCEB22F,measured,baseline,0.5,,0,0,nan,nan,nan,nan,nan,0.0,0.0,0.07975363804748431,0.07975363804748431,1,0,0,0,ad4b715165e84dd399d377549dc111fb1309cda1260e23e9ee621d07fad63984,6ba3dffa4798388fb8057a608cfa40a0e24aeba9257d245b2d5103a1844d1115
4,1.4528185689996462,nan,PREP,,KFB_TIMING,kfb_timing,-0.009848488181889103,-0.0017860670400984889,0.1098989881503777,1,-28.28571428571429,0,0.3124935850816483,-0.0014108114275370046,0.454379548206369,0.31249123862954775,-0.0014112915717868725,0.4543587909137717,-0.585225686949568,0.43855291625309634,0.755772512220045,-0.4311938178816168,-0.5876158190348417,0.18985984999976505,1.051670031543681,200.0,13.0,1.2,0.5,0.3,3.0,IDLE,0.08,nan,0,0.05,20.0,0,unknown,unknown,nan,0,0.0,0,0.005062099997303449,1,0.0004668539986596443,2.0556999515974894e-05,0.0004638740028894972,1.3089993444737047e-06,5.838002834934741e-06,1.3800308806821704e-07,3.134600046905689e-05,1.2460004654712975e-06,0.0010659769977792166,0.0039340230022207835,0.0039930299972184,0,0,0,200.0,0.0,0,0.0,nan,nan,nan,,,,,unknown,unknown,nan,,nan,,1.0,0.0,0.0,nan,nan,0.0,0,,283975582,F04_M01_05,MDCEB22F,measured,baseline,0.5,,0,0,nan,nan,nan,nan,nan,0.0,0.0,0.07788625611002253,0.07788625611002253,1,0,0,0,ad4b715165e84dd399d377549dc111fb1309cda1260e23e9ee621d07fad63984,6ba3dffa4798388fb8057a608cfa40a0e24aeba9257d245b2d5103a1844d1115
4,1.4579802779990132,nan,PREP,,KFB_TIMING,kfb_timing,-0.009813877453036107,-0.001766636923357096,0.10988907028810296,1,-28.28571428571429,0,0.3124935850816483,-0.0014108114275370046,0.454379548206369,0.3124903809426102,-0.001409319999188089,0.4543579911604982,-0.5841266674949778,0.43391902072367894,0.7507042088463247,-0.4276098403727988,-0.585675345462067,0.18906079475757565,1.0454886366690799,200.0,13.0,1.2,0.5,0.3,3.0,IDLE,0.08,nan,0,0.05,20.0,0,unknown,unknown,nan,0,0.0,0,0.005161708999366965,1,0.0003290329987066798,1.6809000953799114e-05,0.00016611500177532434,9.889990906231105e-07,4.331999662099406e-06,1.2300006346777081e-07,2.2202999389264733e-05,9.309987945016474e-07,0.0005935020017204806,0.0044064979982795195,0.004558501001156401,0,0,0,200.0,0.0,0,0.0,nan,nan,nan,,,,,unknown,unknown,nan,,nan,,1.0,0.0,0.0,nan,nan,0.0,0,,289390187,F04_M01_05,MDCEB22F,measured,baseline,0.5,,0,0,nan,nan,nan,nan,nan,0.0,0.0,0.07535210442316237,0.07535210442316237,1,0,0,0,ad4b715165e84dd399d377549dc111fb1309cda1260e23e9ee621d07fad63984,6ba3dffa4798388fb8057a608cfa40a0e24aeba9257d245b2d5103a1844d1115
4,1.46305811899947,nan,PREP,,KFB_TIMING,kfb_timing,-0.009765313092939515,-0.001737385050173274,0.10987048699938996,1,-28.28571428571429,0,0.3124935850816483,-0.0014108114275370046,0.454379548206369,0.3124901729808504,-0.0014087084963397504,0.45435666257969465,-0.5843117262987823,0.4298002725684853,0.7473980418386198,-0.42424336660552353,-0.5850672304648123,0.18840539823967742,1.0415144265608665,200.0,13.0,1.2,0.5,0.3,3.0,IDLE,0.08,nan,0,0.05,20.0,0,unknown,unknown,nan,0,0.0,0,0.005077841000456829,1,0.0002043250024144072,2.077699900837615e-05,0.0005109080011607148,1.553002221044153e-06,5.828002031194046e-06,1.320004230365157e-07,3.229700087103993e-05,3.995999577455223e-06,0.0008591990008426365,0.004140800999157364,0.004216862998873694,0,0,0,200.0,0.0,0,0.0,nan,nan,nan,,,,,unknown,unknown,nan,,nan,,1.0,0.0,0.0,nan,nan,0.0,0,,294221988,F04_M01_05,MDCEB22F,measured,baseline,0.5,,0,0,nan,nan,nan,nan,nan,0.0,0.0,0.07369902091930991,0.07369902091930991,1,0,0,0,ad4b715165e84dd399d377549dc111fb1309cda1260e23e9ee621d07fad63984,6ba3dffa4798388fb8057a608cfa40a0e24aeba9257d245b2d5103a1844d1115
4,1.468161354001495,nan,PREP,,KFB_TIMING,kfb_timing,-0.009723743546588198,-0.001708283044060008,0.10986012553357055,1,-28.28571428571429,0,0.3124935850816483,-0.0014108114275370046,0.454379548206369,0.312489856838341,-0.0014099922803785673,0.4543572584699789,-0.5861675930512327,0.42764867795094064,0.7451146054772686,-0.42211959288746104,-0.5858271893859761,0.18812139114326132,1.0400344293302066,200.0,13.0,1.2,0.5,0.3,3.0,IDLE,0.08,nan,0,0.05,20.0,0,unknown,unknown,nan,0,0.0,0,0.0051032350020250306,1,0.00031436499921255745,1.3493001461029053e-05,0.00020337900059530511,8.549977792426944e-07,3.6810015444643795e-06,1.1500014807097614e-07,1.8369999452261254e-05,7.220005500130355e-07,0.0005964590018265881,0.004403540998173412,0.004502982999838423,0,0,0,200.0,0.0,0,0.0,nan,nan,nan,,,,,unknown,unknown,nan,,nan,,1.0,0.0,0.0,nan,nan,0.0,0,,299240937,F04_M01_05,MDCEB22F,measured,baseline,0.5,,0,0,nan,nan,nan,nan,nan,0.0,0.0,0.07255730273863431,0.07255730273863431,1,0,0,0,ad4b715165e84dd399d377549dc111fb1309cda1260e23e9ee621d07fad63984,6ba3dffa4798388fb8057a608cfa40a0e24aeba9257d245b2d5103a1844d1115
4,1.473339752999891,nan,PREP,,KFB_TIMING,kfb_timing,-0.009675216994830926,-0.0016695055221904378,0.10984932652705008,1,-28.28571428571429,0,0.3124935850816483,-0.0014108114275370046,0.454379548206369,0.3124898131793326,-0.0014107254372468644,0.45435517794932845,-0.5919838504362226,0.42326774581435317,0.7462754354481776,-0.4186228357541194,-0.5901053207030735,0.18678612243112236,1.0423662932853437,200.0,13.0,1.2,0.5,0.3,3.0,IDLE,0.08,nan,0,0.05,20.0,0,unknown,unknown,nan,0,0.0,0,0.0051783989983960055,1,0.00024067899721558206,1.9636001525213942e-05,0.00014533599824062549,1.2730015441775322e-06,5.090998456580564e-06,1.2999953469261527e-07,2.6687001081882045e-05,1.0700023267418146e-06,0.0005204570006753784,0.004479542999324622,0.004643784999643685,0,0,0,200.0,0.0,0,0.0,nan,nan,nan,,,,,unknown,unknown,nan,,nan,,1.0,0.0,0.0,nan,nan,0.0,0,,304494509,F04_M01_05,MDCEB22F,measured,baseline,0.5,,0,0,nan,nan,nan,nan,nan,0.0,0.0,0.07313771772408884,0.07313771772408884,1,0,0,0,ad4b715165e84dd399d377549dc111fb1309cda1260e23e9ee621d07fad63984,6ba3dffa4798388fb8057a608cfa40a0e24aeba9257d245b2d5103a1844d1115
4,1.47853748900161,nan,PREP,,KFB_TIMING,kfb_timing,-0.009626634842122311,-0.0016210751266146257,0.10984112618519185,1,-28.28571428571429,0,0.3124935850816483,-0.0014108114275370046,0.454379548206369,0.3124906467238096,-0.0014099796965822793,0.45435456611660086,-0.5987887812999829,0.4182479800044579,0.7477066039597626,-0.4148804109859478,-0.5950848509174727,0.1847704495196631,1.045248555604632,200.0,13.0,1.2,0.5,0.3,3.0,IDLE,0.08,nan,0,0.05,20.0,0,unknown,unknown,nan,0,0.0,0,0.005197736001719022,1,0.00029754800198134035,2.9139002435840666e-05,0.00015164399883360602,1.6479971236549318e-06,4.969999281456694e-06,1.129992597270757e-07,2.541400317568332e-05,1.1020019883289933e-06,0.0005942540010437369,0.004405745998956263,0.004599116000463255,0,0,0,200.0,0.0,0,0.0,nan,nan,nan,,,,,unknown,unknown,nan,,nan,,1.0,0.0,0.0,nan,nan,0.0,0,,309796080,F04_M01_05,MDCEB22F,measured,baseline,0.5,,0,0,nan,nan,nan,nan,nan,0.0,0.0,0.07385330197988133,0.07385330197988133,1,0,0,0,ad4b715165e84dd399d377549dc111fb1309cda1260e23e9ee621d07fad63984,6ba3dffa4798388fb8057a608cfa40a0e24aeba9257d245b2d5103a1844d1115
4,1.4836508660009713,nan,PREP,,KFB_TIMING,kfb_timing,-0.00959191443657953,-0.001582341158458718,0.10983637506628252,1,-28.28571428571429,0,0.3124935850816483,-0.0014108114275370046,0.454379548206369,0.31249005039236993,-0.00141006243266234,0.45435399599950327,-0.6048569913660005,0.41673331475244413,0.746181829274629,-0.4134552320458394,-0.5986818853394817,0.18358659656764836,1.0470463017309792,200.0,13.0,1.2,0.5,0.3,3.0,IDLE,0.08,nan,0,0.05,20.0,0,unknown,unknown,nan,0,0.0,0,0.005113376999361208,1,0.00039119799839681946,2.2781998268328607e-05,0.00016994299949146807,1.5799996617715806e-06,5.994003004161641e-06,1.4300167094916105e-07,3.2915999327087775e-05,1.3120006769895554e-06,0.0007057340008032043,0.004294265999196796,0.004405843999848003,0,0,0,200.0,0.0,0,0.0,nan,nan,nan,,,,,unknown,unknown,nan,,nan,,1.0,0.0,0.0,nan,nan,0.0,0,,314725925,F04_M01_05,MDCEB22F,measured,baseline,0.5,,0,0,nan,nan,nan,nan,nan,-0.0024284956830002424,0.0,0.07309091463731449,0.07313124772490583,1,0,0,0,ad4b715165e84dd399d377549dc111fb1309cda1260e23e9ee621d07fad63984,6ba3dffa4798388fb8057a608cfa40a0e24aeba9257d245b2d5103a1844d1115
4,1.488727411000582,nan,PREP,,KFB_TIMING,kfb_timing,-0.00955720091242282,-0.001543602186850593,0.10983160729563862,1,-28.28571428571429,0,0.3124935850816483,-0.0014108114275370046,0.454379548206369,0.31248979267038623,-0.0014107318248402848,0.45435466066935787,-0.6058211555486009,0.4187205692505225,0.7442527063919311,-0.41450526723758174,-0.5987702708159353,0.18312001742878986,1.0470235329711735,200.0,13.0,1.2,0.5,0.3,3.0,IDLE,0.08,nan,0,0.05,20.0,0,unknown,unknown,nan,0,0.0,0,0.005076544999610633,1,0.00023821499780751765,1.3335000403458253e-05,0.00018837799871107563,8.850001904647797e-07,4.181998519925401e-06,1.2500095181167126e-07,1.9623999833129346e-05,8.499991963617504e-07,0.0005089430014777463,0.004491056998522254,0.004561301997455303,0,0,0,200.0,0.0,0,0.0,nan,nan,nan,,,,,unknown,unknown,nan,,nan,,1.0,0.0,0.0,nan,nan,0.0,0,,320091077,F04_M01_05,MDCEB22F,measured,baseline,0.5,,0,0,nan,nan,nan,nan,nan,-0.0029105777743004824,0.0,0.07212635319596555,0.07218505585181341,1,0,0,0,ad4b715165e84dd399d377549dc111fb1309cda1260e23e9ee621d07fad63984,6ba3dffa4798388fb8057a608cfa40a0e24aeba9257d245b2d5103a1844d1115
4,1.4938978019999922,nan,PREP,,KFB_TIMING,kfb_timing,-0.00952939211385112,-0.0015048824969702964,0.1098298791456343,1,-28.28571428571429,0,0.3124935850816483,-0.0014108114275370046,0.454379548206369,0.3124907977677183,-0.0014109882844581222,0.45435673177003394,-0.606487843959039,0.4215769523203048,0.7415440559768804,-0.4161808336458814,-0.5984648726586093,0.1827327180203975,1.0466337556912653,200.0,13.0,1.2,0.5,0.3,3.0,IDLE,0.08,nan,0,0.05,20.0,0,unknown,unknown,nan,0,0.0,0,0.0051703909994103014,1,0.00021994499911670573,3.6115001421421766e-05,0.00040648900176165625,1.5930017980281264e-06,7.248003385029733e-06,1.6400008462369442e-07,3.6582001484930515e-05,1.3980024959892035e-06,0.0008145729989337269,0.004185427001066273,0.004353066000476247,0,0,0,200.0,0.0,0,0.0,nan,nan,nan,,,,,unknown,unknown,nan,,nan,,1.0,0.0,0.0,nan,nan,0.0,0,,324975610,F04_M01_05,MDCEB22F,measured,baseline,0.5,,0,0,nan,nan,nan,nan,nan,-0.003243921979519504,0.0,0.07077202798844023,0.07084633353537625,1,0,0,0,ad4b715165e84dd399d377549dc111fb1309cda1260e23e9ee621d07fad63984,6ba3dffa4798388fb8057a608cfa40a0e24aeba9257d245b2d5103a1844d1115
4,1.4990780970001651,nan,PREP,,KFB_TIMING,kfb_timing,-0.009508438664518865,-0.0014565213489975174,0.1098338173227145,1,-28.28571428571429,0,0.3124935850816483,-0.0014108114275370046,0.454379548206369,0.3124902643632609,-0.0014088460583956,0.4543556598363998,-0.6060980204617934,0.42338242183968466,0.7390805694760185,-0.41736630454810103,-0.5975213951594444,0.18195656743480798,1.0453935018487235,200.0,13.0,1.2,0.5,0.3,3.0,IDLE,0.08,nan,0,0.05,20.0,0,unknown,unknown,nan,0,0.0,0,0.005180295000172919,1,0.00026481000168132596,1.7689999367576092e-05,0.0001565910024510231,9.920004231389612e-07,3.9379992813337594e-06,1.219996192958206e-07,1.900599818327464e-05,3.4370023058727384e-06,0.0005136520012456458,0.004486347998754354,0.004662280000047758,0,0,0,200.0,0.0,0,0.0,nan,nan,nan,,,,,unknown,unknown,nan,,nan,,1.0,0.0,0.0,nan,nan,0.0,0,,330578473,F04_M01_05,MDCEB22F,measured,baseline,0.5,,0,0,nan,nan,nan,nan,nan,-0.0030490102308967093,0.0,0.06954028473800927,0.0696070949317059,1,0,0,0,ad4b715165e84dd399d377549dc111fb1309cda1260e23e9ee621d07fad63984,6ba3dffa4798388fb8057a608cfa40a0e24aeba9257d245b2d5103a1844d1115
4,1.504178060000413,nan,PREP,,KFB_TIMING,kfb_timing,-0.009494398122841557,-0.0014081705473201348,0.10984080232076036,1,-28.28571428571429,0,0.3124935850816483,-0.0014108114275370046,0.454379548206369,0.3124895403771859,-0.0014120637914657687,0.4543560888072844,-0.6086053793096381,0.4245675077340104,0.736421268883284,-0.41819345025459376,-0.5984030344003827,0.18085288432487678,1.045454141324125,200.0,13.0,1.2,0.5,0.3,3.0,IDLE,0.08,nan,0,0.05,20.0,0,unknown,unknown,nan,0,0.0,0,0.0050999630002479535,1,0.0003781890009122435,3.153999932692386e-05,0.0003992549973190762,1.7169986676890403e-06,6.064998160582036e-06,1.360021997243166e-07,3.2571002520853654e-05,1.8890023056883365e-06,0.0009479610016569495,0.004052038998343051,0.004144627997447969,0,0,0,200.0,0.0,0,0.0,nan,nan,nan,,,,,unknown,unknown,nan,,nan,,1.0,0.0,0.0,nan,nan,0.0,0,,335258411,F04_M01_05,MDCEB22F,measured,baseline,0.5,,0,0,nan,nan,nan,nan,nan,-0.0043026896548190585,0.0,0.06821063444164199,0.06834620537525843,1,0,0,0,ad4b715165e84dd399d377549dc111fb1309cda1260e23e9ee621d07fad63984,6ba3dffa4798388fb8057a608cfa40a0e24aeba9257d245b2d5103a1844d1115
4,1.509365378999064,nan,PREP,,KFB_TIMING,kfb_timing,-0.00948037267103527,-0.0013598058469522375,0.10984777785818389,1,-28.28571428571429,0,0.3124935850816483,-0.0014108114275370046,0.454379548206369,0.31249027391478107,-0.0014125328866523785,0.45435493192832455,-0.6131549328321992,0.4292594681502202,0.7368204564342467,-0.42123547070349976,-0.6015575640532206,0.18094358284709147,1.0502985516856815,200.0,13.0,1.2,0.5,0.3,3.0,IDLE,0.08,nan,0,0.05,20.0,0,unknown,unknown,nan,0,0.0,0,0.0051873189986508805,1,0.00023391500144498423,3.058600123040378e-05,0.00012367399904178455,2.125998435076326e-06,5.626003257930279e-06,1.4599936548620462e-07,3.062100222450681e-05,1.3879980542697012e-06,0.0005253689996607136,0.0044746310003392865,0.004657191999285715,0,0,0,200.0,0.0,0,0.0,nan,nan,nan,,,,,unknown,unknown,nan,,nan,,1.0,0.0,0.0,nan,nan,0.0,0,,340896136,F04_M01_05,MDCEB22F,measured,baseline,0.5,,0,0,nan,nan,nan,nan,nan,-0.006577466416099631,0.0,0.06841022821712334,0.06872570399183857,1,0,0,0,ad4b715165e84dd399d377549dc111fb1309cda1260e23e9ee621d07fad63984,6ba3dffa4798388fb8057a608cfa40a0e24aeba9257d245b2d5103a1844d1115
4,1.5144851639997796,nan,PREP,,KFB_TIMING,kfb_timing,-0.009473302942840822,-0.0013211169509210318,0.10985518757199983,1,-28.28571428571429,0,0.3124935850816483,-0.0014108114275370046,0.454379548206369,0.3124909532359659,-0.00141151996875152,0.4543573598301372,-0.6169984908900137,0.4349651044230503,0.7378934545691529,-0.4248341294617886,-0.6044992016989673,0.18157285029730014,1.0556365520965574,200.0,13.0,1.2,0.5,0.3,3.0,IDLE,0.08,nan,0,0.05,20.0,0,unknown,unknown,nan,0,0.0,0,0.005119785000715638,1,0.0003555149996827822,2.3956999939400703e-05,0.0004613450000761077,3.234999894630164e-06,7.0019996201153845e-06,1.3799945008940995e-07,4.355000055511482e-05,1.3380013115238398e-06,0.000987979001365602,0.004012020998634398,0.0041279170000052545,0,0,0,200.0,0.0,0,0.0,nan,nan,nan,,,,,unknown,unknown,nan,,nan,,1.0,0.0,0.0,nan,nan,0.0,0,,345468020,F04_M01_05,MDCEB22F,measured,baseline,0.5,,0,0,nan,nan,nan,nan,nan,-0.008499245445006853,0.0,0.06894672728457646,0.06946861432609859,1,0,0,0,ad4b715165e84dd399d377549dc111fb1309cda1260e23e9ee621d07fad63984,6ba3dffa4798388fb8057a608cfa40a0e24aeba9257d245b2d5103a1844d1115
4,1.5196149559997139,nan,PREP,,KFB_TIMING,kfb_timing,-0.009473182175769479,-0.0012921097178657886,0.10986303660080743,1,-28.28571428571429,0,0.3124935850816483,-0.0014108114275370046,0.454379548206369,0.3124901762628773,-0.0014126573128304294,0.4543553017272103,-0.6237798168946266,0.44232015054638,0.7390479204337745,-0.42943195842942194,-0.6094268675065451,0.1829164614903239,1.0634567241980055,200.0,13.0,1.2,0.5,0.3,3.0,IDLE,0.08,nan,0,0.05,20.0,0,unknown,unknown,nan,0,0.0,0,0.005129791999934241,1,0.00016662399866618216,1.8324000848224387e-05,0.00014798700067331083,9.699979273136705e-07,4.696998075814918e-06,1.2499731383286417e-07,2.24069990508724e-05,9.550021786708385e-07,0.0004194370012555737,0.004580562998744426,0.004706422998424387,0,0,0,200.0,0.0,0,0.0,nan,nan,nan,,,,,unknown,unknown,nan,,nan,,1.0,0.0,0.0,nan,nan,0.0,0,,350740137,F04_M01_05,MDCEB22F,measured,baseline,0.5,,0,0,nan,nan,nan,nan,nan,-0.011889908447313302,0.0,0.06952396021688728,0.07053333231263653,1,0,0,0,ad4b715165e84dd399d377549dc111fb1309cda1260e23e9ee621d07fad63984,6ba3dffa4798388fb8057a608cfa40a0e24aeba9257d245b2d5103a1844d1115
4,1.5246775199993863,nan,PREP,,KFB_TIMING,kfb_timing,-0.00947303062273297,-0.0012534239520915061,0.10987349790293957,1,-28.28571428571429,0,0.3124935850816483,-0.0014108114275370046,0.454379548206369,0.31249066165857753,-0.0014104536776575055,0.4543557147217225,-0.6254081594079438,0.44706964312085934,0.7349488955324369,-0.43227671596112505,-0.6094699403317707,0.18380498503721612,1.0635584190342313,200.0,13.0,1.2,0.5,0.3,3.0,IDLE,0.08,nan,0,0.05,20.0,0,unknown,unknown,nan,0,0.0,0,0.00506256399967242,1,0.0002585870024631731,2.004800262511708e-05,0.00018349799938732758,1.8780010577756912e-06,4.839999746764079e-06,1.2799864634871483e-07,3.1911000405671075e-05,1.5080004232004285e-06,0.0005711289995815605,0.00442887100041844,0.0044886270006827544,0,0,0,200.0,0.0,0,0.0,nan,nan,nan,,,,,unknown,unknown,nan,,nan,,1.0,0.0,0.0,nan,nan,0.0,0,,356043975,F04_M01_05,MDCEB22F,measured,baseline,0.5,,0,0,nan,nan,nan,nan,nan,-0.012704079703971916,0.0,0.06747444776621847,0.06865999375532317,1,0,0,0,ad4b715165e84dd399d377549dc111fb1309cda1260e23e9ee621d07fad63984,6ba3dffa4798388fb8057a608cfa40a0e24aeba9257d245b2d5103a1844d1115
4,1.5297412450017873,nan,PREP,,KFB_TIMING,kfb_timing,-0.009479859263941709,-0.001234097092418644,0.10988178680666785,1,-28.28571428571429,0,0.3124935850816483,-0.0014108114275370046,0.454379548206369,0.31249026298442084,-0.001413049172715018,0.4543563746441923,-0.6264044663542897,0.45330551041509853,0.7334421543385299,-0.4361777584368842,-0.6100644131535371,0.1853480105230781,1.0657419176339267,200.0,13.0,1.2,0.5,0.3,3.0,IDLE,0.08,nan,0,0.05,20.0,0,unknown,unknown,nan,0,0.0,0,0.005063725002401043,1,0.00026810599956661463,2.241200127173215e-05,0.00041466000038781203,1.410000550094992e-06,4.875000740867108e-06,1.2600139598362148e-07,2.500899790902622e-05,1.0900002962443978e-06,0.0008056870028667618,0.004194312997133238,0.004255947002093308,0,0,0,200.0,0.0,0,0.0,nan,nan,nan,,,,,unknown,unknown,nan,,nan,,1.0,0.0,0.0,nan,nan,0.0,0,,360731356,F04_M01_05,MDCEB22F,measured,baseline,0.5,,0,0,nan,nan,nan,nan,nan,-0.013202233177144862,0.0,0.06672107716926495,0.06801471237527006,1,0,0,0,ad4b715165e84dd399d377549dc111fb1309cda1260e23e9ee621d07fad63984,6ba3dffa4798388fb8057a608cfa40a0e24aeba9257d245b2d5103a1844d1115
4,1.5348040310018405,nan,PREP,,KFB_TIMING,kfb_timing,-0.009479696972513246,-0.0012146630094506915,0.10988182698758138,1,-28.28571428571429,0,0.3124935850816483,-0.0014108114275370046,0.454379548206369,0.3124896909768618,-0.0014114773577310873,0.45435474371423346,-0.6270351063607573,0.45707000629056926,0.7298590214218278,-0.43866127360662643,-0.6099514875890902,0.1863488984485817,1.0652606283957629,200.0,13.0,1.2,0.5,0.3,3.0,IDLE,0.08,nan,0,0.05,20.0,0,unknown,unknown,nan,0,0.0,0,0.0050627860000531655,1,0.00014379300046130084,1.5906000044196844e-05,0.00018724599794950336,1.1499978427309543e-06,4.382996849017218e-06,1.320004230365157e-07,2.1484000171767548e-05,3.834000381175429e-06,0.0004288579984859098,0.00457114200151409,0.004630397001164965,0,0,0,200.0,0.0,0,0.0,nan,nan,nan,,,,,unknown,unknown,nan,,nan,,1.0,0.0,0.0,nan,nan,0.0,0,,365987766,F04_M01_05,MDCEB22F,measured,baseline,0.5,,0,0,nan,nan,nan,nan,nan,-0.013517553180378672,0.0,0.0649295107109139,0.06632168276772725,1,0,0,0,ad4b715165e84dd399d377549dc111fb1309cda1260e23e9ee621d07fad63984,6ba3dffa4798388fb8057a608cfa40a0e24aeba9257d245b2d5103a1844d1115
4,1.5398773050001182,nan,PREP,,KFB_TIMING,kfb_timing,-0.009479663493489388,-0.0012049876911758525,0.10988444071131112,1,-28.28571428571429,0,0.3124935850816483,-0.0014108114275370046,0.454379548206369,0.3124898336415593,-0.0014116656834930958,0.45435627544119894,-0.6233710031011556,0.46028227449168524,0.7251746037895779,-0.44099062829145497,-0.6066483083311472,0.18749091602905305,1.0612866651852133,200.0,13.0,1.2,0.5,0.3,3.0,IDLE,0.08,nan,0,0.05,20.0,0,unknown,unknown,nan,0,0.0,0,0.0050732739982777275,1,0.00034613499883562326,1.9240000256104395e-05,0.00015954999980749562,1.6459998732898384e-06,4.988000000594184e-06,1.5200203051790595e-07,2.7900001441594213e-05,1.1230004020035267e-06,0.0006258760004129726,0.0043741239995870275,0.004440286997123621,0,0,0,200.0,0.0,0,0.0,nan,nan,nan,,,,,unknown,unknown,nan,,nan,,1.0,0.0,0.0,nan,nan,0.0,0,,370991956,F04_M01_05,MDCEB22F,measured,baseline,0.5,,0,0,nan,nan,nan,nan,nan,-0.011685501550577793,0.0,0.06258730189478895,0.06366884092676738,1,0,0,0,ad4b715165e84dd399d377549dc111fb1309cda1260e23e9ee621d07fad63984,6ba3dffa4798388fb8057a608cfa40a0e24aeba9257d245b2d5103a1844d1115
4,1.545034659000521,nan,PREP,,KFB_TIMING,kfb_timing,-0.009479663493489388,-0.0012049876911758525,0.10988444071131112,1,-28.28571428571429,0,0.3124935850816483,-0.0014108114275370046,0.454379548206369,0.31249023615514515,-0.0014126209214654325,0.4543552379665968,-0.6250084051100183,0.46397701412314873,0.7223349267930809,-0.44373392658629623,-0.607300363427216,0.18887867599563127,1.0619218062352644,200.0,13.0,1.2,0.5,0.3,3.0,IDLE,0.08,nan,0,0.05,20.0,0,unknown,unknown,nan,0,0.0,0,0.005157354000402847,1,0.0002870620010071434,2.9240000003483146e-05,0.00012566099758259952,2.1569976524915546e-06,5.564997991314158e-06,1.2800228432752192e-07,2.9506001737900078e-05,1.1789998097810894e-06,0.0005580880024353974,0.004441911997564603,0.004594442998495651,0,0,0,200.0,0.0,0,0.0,nan,nan,nan,,,,,unknown,unknown,nan,,nan,,1.0,0.0,0.0,nan,nan,0.0,0,,376639254,F04_M01_05,MDCEB22F,measured,baseline,0.5,,0,0,nan,nan,nan,nan,nan,-0.01250420255500917,0.0,0.061167463396540445,0.06243247279984842,1,0,0,0,ad4b715165e84dd399d377549dc111fb1309cda1260e23e9ee621d07fad63984,6ba3dffa4798388fb8057a608cfa40a0e24aeba9257d245b2d5103a1844d1115
4,1.5501149960000475,nan,PREP,,KFB_TIMING,kfb_timing,-0.009486724932879442,-0.0012244423810506087,0.10988746041583879,1,-28.28571428571429,0,0.3124935850816483,-0.0014108114275370046,0.454379548206369,0.31249058701360555,-0.001409708420245192,0.45435576813731576,-0.6288416661921182,0.46590443423461875,0.7206273778933139,-0.4452730123961367,-0.6096557726812978,0.1897490627694936,1.0638668153242457,200.0,13.0,1.2,0.5,0.3,3.0,IDLE,0.08,nan,0,0.05,20.0,0,unknown,unknown,nan,0,0.0,0,0.00508033699952648,1,0.000371000001905486,3.7706999137299135e-05,0.0004794289998244494,4.1050006984733045e-06,7.6260002970229834e-06,1.320004230365157e-07,4.6591998398071155e-05,1.7649981600698084e-06,0.001065382999513531,0.003934617000486469,0.004012842997326516,0,0,0,200.0,0.0,0,0.0,nan,nan,nan,,,,,unknown,unknown,nan,,nan,,1.0,0.0,0.0,nan,nan,0.0,0,,381230503,F04_M01_05,MDCEB22F,measured,baseline,0.5,,0,0,nan,nan,nan,nan,nan,-0.014420833096059127,0.0,0.06031368894665695,0.06201372026848964,1,0,0,0,ad4b715165e84dd399d377549dc111fb1309cda1260e23e9ee621d07fad63984,6ba3dffa4798388fb8057a608cfa40a0e24aeba9257d245b2d5103a1844d1115
4,1.5552928630022507,nan,PREP,,KFB_TIMING,kfb_timing,-0.009493625340778633,-0.0012244622996326851,0.10989051954082718,1,-28.28571428571429,0,0.3124935850816483,-0.0014108114275370046,0.454379548206369,0.3124901925123533,-0.0014115425291337698,0.45435531475898283,-0.6354403094592808,0.4703144962022943,0.7202010039532889,-0.4483815378551399,-0.6141736981415995,0.19145146164500565,1.0694248913874456,200.0,13.0,1.2,0.5,0.3,3.0,IDLE,0.08,nan,0,0.05,20.0,0,unknown,unknown,nan,0,0.0,0,0.005177867002203129,1,0.0002832220015989151,1.3775999832432717e-05,0.00018150899995816872,8.839997462928295e-07,5.190002411836758e-06,1.2400050763972104e-07,3.0184997740434483e-05,8.269998943433166e-07,0.0005598360003205016,0.0044401639996794985,0.004614175002643606,0,0,0,200.0,0.0,0,0.0,nan,nan,nan,,,,,unknown,unknown,nan,,nan,,1.0,0.0,0.0,nan,nan,0.0,0,,386506848,F04_M01_05,MDCEB22F,measured,baseline,0.5,,0,0,nan,nan,nan,nan,nan,-0.01772015472964039,0.0,0.06010050197664446,0.06265839306499203,1,0,0,0,ad4b715165e84dd399d377549dc111fb1309cda1260e23e9ee621d07fad63984,6ba3dffa4798388fb8057a608cfa40a0e24aeba9257d245b2d5103a1844d1115
4,1.560401800001273,nan,PREP,,KFB_TIMING,kfb_timing,-0.009500560229926569,-0.0012341573030084,0.10989096411883453,1,-28.28571428571429,0,0.3124935850816483,-0.0014108114275370046,0.454379548206369,0.3124905708665561,-0.0014106144611398877,0.45435598853410203,-0.6330775587291447,0.47382742177072423,0.7163081278910017,-0.4507737626368611,-0.6118046704495089,0.193122835670057,1.0669568665466553,200.0,13.0,1.2,0.5,0.3,3.0,IDLE,0.08,nan,0,0.05,20.0,0,unknown,unknown,nan,0,0.0,0,0.005108936999022262,1,0.00035147300150129013,1.9738999981200323e-05,0.00017332899733446538,1.4239994925446808e-06,5.958001565886661e-06,1.5600016922689974e-07,3.1509000109508634e-05,1.2349992175586522e-06,0.0006597020001208875,0.004340297999879113,0.004443171997991158,0,0,0,200.0,0.0,0,0.0,nan,nan,nan,,,,,unknown,unknown,nan,,nan,,1.0,0.0,0.0,nan,nan,0.0,0,,391555509,F04_M01_05,MDCEB22F,measured,baseline,0.5,,0,0,nan,nan,nan,nan,nan,-0.016538779364572376,0.0,0.05815406394550088,0.06046012219841612,1,0,0,0,ad4b715165e84dd399d377549dc111fb1309cda1260e23e9ee621d07fad63984,6ba3dffa4798388fb8057a608cfa40a0e24aeba9257d245b2d5103a1844d1115
4,1.5655121769996185,nan,PREP,,KFB_TIMING,kfb_timing,-0.009514431470956708,-0.0012535461819419365,0.10989185093480708,1,-28.28571428571429,0,0.3124935850816483,-0.0014108114275370046,0.454379548206369,0.31249025842969863,-0.001409822180916254,0.4543562738203035,-0.6331124418472283,0.4751829870886942,0.7126672925153089,-0.4518538575020742,-0.6111085969481406,0.1942302463046491,1.0651407911921291,200.0,13.0,1.2,0.5,0.3,3.0,IDLE,0.08,nan,0,0.05,20.0,0,unknown,unknown,nan,0,0.0,0,0.0051103769983456004,1,0.0002494609980203677,1.4457000361289829e-05,0.00023272399994311854,1.529002474853769e-06,5.840000085299835e-06,1.3299722922965884e-07,3.161799759254791e-05,1.267999323317781e-06,0.0005996639993099961,0.004400336000690004,0.004503849002503557,0,0,0,200.0,0.0,0,0.0,nan,nan,nan,,,,,unknown,unknown,nan,,nan,,1.0,0.0,0.0,nan,nan,0.0,0,,396728785,F04_M01_05,MDCEB22F,measured,baseline,0.5,,0,0,nan,nan,nan,nan,nan,-0.01655622092361414,0.0,0.05633364625765447,0.05871616601885775,1,0,0,0,ad4b715165e84dd399d377549dc111fb1309cda1260e23e9ee621d07fad63984,6ba3dffa4798388fb8057a608cfa40a0e24aeba9257d245b2d5103a1844d1115
4,1.570695753001928,nan,PREP,,KFB_TIMING,kfb_timing,-0.009528304661302639,-0.0012729335548959683,0.10989273463097987,1,-28.28571428571429,0,0.3124935850816483,-0.0014108114275370046,0.454379548206369,0.31249024943257325,-0.0014108968282394024,0.4543552408900431,-0.6328402616791594,0.47763078986860247,0.711116601724754,-0.45363211609129017,-0.6107264880630634,0.19581581429255507,1.0650374591915603,200.0,13.0,1.2,0.5,0.3,3.0,IDLE,0.08,nan,0,0.05,20.0,0,unknown,unknown,nan,0,0.0,0,0.0051835760023095645,1,0.0003686299969558604,1.2263000826351345e-05,0.00020034500266774558,8.700008038431406e-07,3.6240016925148666e-06,1.1500014807097614e-07,1.7938000382855535e-05,3.0960000003688037e-06,0.0006510830025945324,0.004348916997405468,0.004525948999798857,0,0,0,200.0,0.0,0,0.0,nan,nan,nan,,,,,unknown,unknown,nan,,nan,,1.0,0.0,0.0,nan,nan,0.0,0,,401998353,F04_M01_05,MDCEB22F,measured,baseline,0.5,,0,0,nan,nan,nan,nan,nan,-0.016420130839579716,0.0,0.05555830086237701,0.057933975277925806,1,0,0,0,ad4b715165e84dd399d377549dc111fb1309cda1260e23e9ee621d07fad63984,6ba3dffa4798388fb8057a608cfa40a0e24aeba9257d245b2d5103a1844d1115
4,1.5757625330006704,nan,PREP,,KFB_TIMING,kfb_timing,-0.009549041505119621,-0.0012826682838538636,0.10989928660362676,1,-28.28571428571429,0,0.3124935850816483,-0.0014108114275370046,0.454379548206369,0.312490641317314,-0.001412087735854376,0.45435669426790726,-0.6300915766159042,0.4809110909243022,0.7085679933094605,-0.4559171098186715,-0.6083033228371363,0.19775269236536303,1.0631836499113942,200.0,13.0,1.2,0.5,0.3,3.0,IDLE,0.08,nan,0,0.05,20.0,0,unknown,unknown,nan,0,0.0,0,0.005066779998742277,1,0.00026761600020108745,3.275500057497993e-05,0.00032033800016506575,1.9990002328995615e-06,5.965001037111506e-06,1.1399970389902592e-07,3.062999894609675e-05,1.434000296285376e-06,0.0007476979990315158,0.004252302000968484,0.0043164710004930384,0,0,0,200.0,0.0,0,0.0,nan,nan,nan,,,,,unknown,unknown,nan,,nan,,1.0,0.0,0.0,nan,nan,0.0,0,,406729963,F04_M01_05,MDCEB22F,measured,baseline,0.5,,0,0,nan,nan,nan,nan,nan,-0.015045788307952113,0.0,0.05428399665473027,0.05633052492759566,1,0,0,0,ad4b715165e84dd399d377549dc111fb1309cda1260e23e9ee621d07fad63984,6ba3dffa4798388fb8057a608cfa40a0e24aeba9257d245b2d5103a1844d1115
4,1.5809241499991913,nan,PREP,,KFB_TIMING,kfb_timing,-0.009569816725495395,-0.001302075078544478,0.10990321779042572,1,-28.28571428571429,0,0.3124935850816483,-0.0014108114275370046,0.454379548206369,0.31249003556679755,-0.0014114055024666223,0.4543552843803915,-0.6280287152153007,0.47959846555992947,0.7082367125432455,-0.4551663694399254,-0.6068977303799358,0.19834236224773327,1.061147490359603,200.0,13.0,1.2,0.5,0.3,3.0,IDLE,0.08,nan,0,0.05,20.0,0,unknown,unknown,nan,0,0.0,0,0.005161616998520913,1,0.0001397439991706051,1.650700141908601e-05,0.00016994799807434902,8.889983291737735e-07,3.834997187368572e-06,1.1500014807097614e-07,1.9187998987035826e-05,8.589995559304953e-07,0.00040083600106299855,0.0045991639989370016,0.0047564880005666055,0,0,0,200.0,0.0,0,0.0,nan,nan,nan,,,,,unknown,unknown,nan,,nan,,1.0,0.0,0.0,nan,nan,0.0,0,,412339947,F04_M01_05,MDCEB22F,measured,baseline,0.5,,0,0,nan,nan,nan,nan,nan,-0.014014357607650352,0.0,0.05411835627162276,0.05590347667808682,1,0,0,0,ad4b715165e84dd399d377549dc111fb1309cda1260e23e9ee621d07fad63984,6ba3dffa4798388fb8057a608cfa40a0e24aeba9257d245b2d5103a1844d1115
4,1.5859850859997096,nan,PREP,,KFB_TIMING,kfb_timing,-0.00960439199715496,-0.0013215237095122,0.10991324751755192,1,-28.28571428571429,0,0.3124935850816483,-0.0014108114275370046,0.454379548206369,0.31249079266647234,-0.0014120255879456539,0.4543560257936321,-0.6308465584076836,0.4817980557682576,0.708752909211954,-0.45665684299716386,-0.6089282749501395,0.19989938052982084,1.0641557372458696,200.0,13.0,1.2,0.5,0.3,3.0,IDLE,0.08,nan,0,0.05,20.0,0,unknown,unknown,nan,0,0.0,0,0.005060936000518268,1,0.0003043609976884909,3.208899943274446e-05,0.0003871629996865522,1.630000042496249e-06,5.8919977163895965e-06,1.320004230365157e-07,3.259699951740913e-05,1.2759992387145758e-06,0.0008627740025985986,0.0041372259974014015,0.0041963240000768565,0,0,0,200.0,0.0,0,0.0,nan,nan,nan,,,,,unknown,unknown,nan,,nan,,1.0,0.0,0.0,nan,nan,0.0,0,,416981586,F04_M01_05,MDCEB22F,measured,baseline,0.5,,0,0,nan,nan,nan,nan,nan,-0.015423279203841789,0.0,0.05437645460597701,0.05652146810651274,1,0,0,0,ad4b715165e84dd399d377549dc111fb1309cda1260e23e9ee621d07fad63984,6ba3dffa4798388fb8057a608cfa40a0e24aeba9257d245b2d5103a1844d1115
4,1.5910893000000215,nan,PREP,,KFB_TIMING,kfb_timing,-0.009638967795227965,-0.0013409725595839393,0.10992326449250252,1,-28.28571428571429,0,0.3124935850816483,-0.0014108114275370046,0.454379548206369,0.31249022585268554,-0.001412635470245364,0.4543567554400054,-0.6284163273749072,0.48203577410301146,0.7096087871421496,-0.45680948424099177,-0.60756369556962,0.20075224094403582,1.0633955984561008,200.0,13.0,1.2,0.5,0.3,3.0,IDLE,0.08,nan,0,0.05,20.0,0,unknown,unknown,nan,0,0.0,0,0.005104214000311913,1,0.00015931300004012883,1.3731998478760943e-05,0.00018635800006450154,9.489995136391371e-07,3.991000994574279e-06,1.2500095181167126e-07,1.9464001525193453e-05,8.57999111758545e-07,0.00043021100282203406,0.004569788997177966,0.0046700080019945744,0,0,0,200.0,0.0,0,0.0,nan,nan,nan,,,,,unknown,unknown,nan,,nan,,1.0,0.0,0.0,nan,nan,0.0,0,,422631442,F04_M01_05,MDCEB22F,measured,baseline,0.5,,0,0,nan,nan,nan,nan,nan,-0.01420816368745359,0.0,0.054804393571074805,0.05661619441522664,1,0,0,0,ad4b715165e84dd399d377549dc111fb1309cda1260e23e9ee621d07fad63984,6ba3dffa4798388fb8057a608cfa40a0e24aeba9257d245b2d5103a1844d1115
4,1.596151865000138,nan,PREP,,KFB_TIMING,kfb_timing,-0.009680442824822472,-0.0013604435649853682,0.10993631548534259,1,-28.28571428571429,0,0.3124935850816483,-0.0014108114275370046,0.454379548206369,0.3124897686634617,-0.001410342516970948,0.4543549910268879,-0.6258445740796489,0.4806960644421666,0.708843401395113,-0.45590879084385977,-0.6055797875470333,0.20095106410508531,1.0607587402310283,200.0,13.0,1.2,0.5,0.3,3.0,IDLE,0.08,nan,0,0.05,20.0,0,unknown,unknown,nan,0,0.0,0,0.005062565000116592,1,0.0003594859990698751,2.3349999537458643e-05,0.0004743309982586652,2.7080022846348584e-06,6.285998097155243e-06,1.1999873095192015e-07,4.17219998780638e-05,1.2999989849049598e-06,0.0009979019996535499,0.00400209800034645,0.004062681000505108,0,0,0,200.0,0.0,0,0.0,nan,nan,nan,,,,,unknown,unknown,nan,,nan,,1.0,0.0,0.0,nan,nan,0.0,0,,427248742,F04_M01_05,MDCEB22F,measured,baseline,0.5,,0,0,nan,nan,nan,nan,nan,-0.012922287039824454,0.0,0.05442170069755653,0.05593484610825384,1,0,0,0,ad4b715165e84dd399d377549dc111fb1309cda1260e23e9ee621d07fad63984,6ba3dffa4798388fb8057a608cfa40a0e24aeba9257d245b2d5103a1844d1115
4,1.6013160760012397,nan,PREP,,KFB_TIMING,kfb_timing,-0.00972881622047811,-0.0013799375553135464,0.1099523923346651,1,-28.28571428571429,0,0.3124935850816483,-0.0014108114275370046,0.454379548206369,0.3124906565566943,-0.0014097536886468337,0.45435641347852096,-0.6208476704097484,0.4787065111719203,0.7071648710687787,-0.45465049645799904,-0.6017572354543967,0.20083680807366883,1.055790655653537,200.0,13.0,1.2,0.5,0.3,3.0,IDLE,0.08,nan,0,0.05,20.0,0,unknown,unknown,nan,0,0.0,0,0.0051642110011016484,1,0.0002505330012354534,1.3807002687826753e-05,0.00018082699898513965,9.129980753641576e-07,4.306002665543929e-06,1.3300086720846593e-07,2.0216000848449767e-05,8.57999111758545e-07,0.0005312409994076006,0.0044687590005923995,0.004625655001291307,0,0,0,200.0,0.0,0,0.0,nan,nan,nan,,,,,unknown,unknown,nan,,nan,,1.0,0.0,0.0,nan,nan,0.0,0,,432885773,F04_M01_05,MDCEB22F,measured,baseline,0.5,,0,0,nan,nan,nan,nan,nan,-0.010423835204874221,0.0,0.05358243553438935,0.0545869374317278,1,0,0,0,ad4b715165e84dd399d377549dc111fb1309cda1260e23e9ee621d07fad63984,6ba3dffa4798388fb8057a608cfa40a0e24aeba9257d245b2d5103a1844d1115
4,1.6064366120008344,nan,PREP,,KFB_TIMING,kfb_timing,-0.009770248223889416,-0.0013897409251271923,0.10996802498858511,1,-28.28571428571429,0,0.3124935850816483,-0.0014108114275370046,0.454379548206369,0.31249028163919684,-0.0014103548813492817,0.4543545697767862,-0.6201488423958925,0.47789651290234736,0.7075273029404406,-0.4542515812650937,-0.6013897772930028,0.2007984954497942,1.0552556790538314,200.0,13.0,1.2,0.5,0.3,3.0,IDLE,0.08,nan,0,0.05,20.0,0,unknown,unknown,nan,0,0.0,0,0.005120535999594722,1,0.00039281499994103797,2.1645999368047342e-05,0.0004818500019609928,1.5810001059435308e-06,7.386002835119143e-06,1.9100116332992911e-07,3.9391001337207854e-05,4.07900006393902e-06,0.0010259720002068207,0.0039740279997931794,0.004087904999323655,0,0,0,200.0,0.0,0,0.0,nan,nan,nan,,,,,unknown,unknown,nan,,nan,,1.0,0.0,0.0,nan,nan,0.0,0,,437505596,F04_M01_05,MDCEB22F,measured,baseline,0.5,,0,0,nan,nan,nan,nan,nan,-0.01007442119794627,0.0,0.05376365147022033,0.054699398368583126,1,0,0,0,ad4b715165e84dd399d377549dc111fb1309cda1260e23e9ee621d07fad63984,6ba3dffa4798388fb8057a608cfa40a0e24aeba9257d245b2d5103a1844d1115
4,1.6116174910021073,nan,PREP,,KFB_TIMING,kfb_timing,-0.00981172197339178,-0.0014092149288314996,0.10998102074719468,1,-28.28571428571429,0,0.3124935850816483,-0.0014108114275370046,0.454379548206369,0.3124901478435736,-0.0014092928935603329,0.4543555357490484,-0.6146672866679554,0.478527233170834,0.7060337906458721,-0.45482468667996145,-0.5971718847977421,0.2008074199272314,1.0513267330947405,200.0,13.0,1.2,0.5,0.3,3.0,IDLE,0.08,nan,0,0.05,20.0,0,unknown,unknown,nan,0,0.0,0,0.005180879001272842,1,0.00021216299865045585,2.9187001928221434e-05,0.0001497169978392776,2.5900008040480316e-06,5.1009992603212595e-06,1.1600059224292636e-07,2.649999805726111e-05,1.1500014807097614e-06,0.0005095849992358126,0.0044904150007641875,0.004666597000323236,0,0,0,200.0,0.0,0,0.0,nan,nan,nan,,,,,unknown,unknown,nan,,nan,,1.0,0.0,0.0,nan,nan,0.0,0,,442760302,F04_M01_05,MDCEB22F,measured,baseline,0.5,,0,0,nan,nan,nan,nan,nan,-0.007333643333977735,0.0,0.053016895322936075,0.053521710681116656,1,0,0,0,ad4b715165e84dd399d377549dc111fb1309cda1260e23e9ee621d07fad63984,6ba3dffa4798388fb8057a608cfa40a0e24aeba9257d245b2d5103a1844d1115
4,1.6166774000012083,nan,PREP,,KFB_TIMING,kfb_timing,-0.009846254298384677,-0.0014189977308767046,0.10999358428108644,1,-28.28571428571429,0,0.3124935850816483,-0.0014108114275370046,0.454379548206369,0.3124901002368566,-0.0014091021710353046,0.4543561575308896,-0.6124499113224708,0.4747476340355785,0.7063526644226327,-0.45265271127708795,-0.5955342419641695,0.19907385872878222,1.0485295877743432,200.0,13.0,1.2,0.5,0.3,3.0,IDLE,0.08,nan,0,0.05,20.0,0,unknown,unknown,nan,0,0.0,0,0.005059908999101026,1,0.00033073799932026304,2.2508000256493688e-05,0.0001166949987236876,1.5110017557162791e-06,5.649999366141856e-06,1.3800308806821704e-07,2.970200148411095e-05,1.2380005500745028e-06,0.0005866859974048566,0.0044133140025951435,0.004471013002330437,0,0,0,200.0,0.0,0,0.0,nan,nan,nan,,,,,unknown,unknown,nan,,nan,,1.0,0.0,0.0,nan,nan,0.0,0,,447813806,F04_M01_05,MDCEB22F,measured,baseline,0.5,,0,0,nan,nan,nan,nan,nan,-0.006224955661235432,0.0,0.053176332211316346,0.05353944695673114,1,0,0,0,ad4b715165e84dd399d377549dc111fb1309cda1260e23e9ee621d07fad63984,6ba3dffa4798388fb8057a608cfa40a0e24aeba9257d245b2d5103a1844d1115
4,1.6218450230007875,nan,PREP,,KFB_TIMING,kfb_timing,-0.009873932452811374,-0.0014384272996528,0.11000048113566886,1,-28.28571428571429,0,0.3124935850816483,-0.0014108114275370046,0.454379548206369,0.3124902604815476,-0.0014092254702855848,0.45435609611174077,-0.6135428260455538,0.472684767271712,0.7098015986925265,-0.45135037571627723,-0.5969168820452438,0.1976816326063674,1.0505636573331212,200.0,13.0,1.2,0.5,0.3,3.0,IDLE,0.08,nan,0,0.05,20.0,0,unknown,unknown,nan,0,0.0,0,0.00516762299957918,1,0.00022660099784843624,1.369700112263672e-05,0.00023910299933049828,1.3459975889418274e-06,5.924001015955582e-06,1.4999750419519842e-07,3.334900247864425e-05,1.2119999155402184e-06,0.0005838699980813544,0.004416130001918646,0.004581836001307238,0,0,0,200.0,0.0,0,0.0,nan,nan,nan,,,,,unknown,unknown,nan,,nan,,1.0,0.0,0.0,nan,nan,0.0,0,,452983735,F04_M01_05,MDCEB22F,measured,baseline,0.5,,0,0,nan,nan,nan,nan,nan,-0.006771413022776895,0.0,0.05490079934626324,0.05531681302446563,1,0,0,0,ad4b715165e84dd399d377549dc111fb1309cda1260e23e9ee621d07fad63984,6ba3dffa4798388fb8057a608cfa40a0e24aeba9257d245b2d5103a1844d1115
4,1.6270063560004928,nan,PREP,,KFB_TIMING,kfb_timing,-0.00990841953038496,-0.001438542470969366,0.11001564495824306,1,-28.28571428571429,0,0.3124935850816483,-0.0014108114275370046,0.454379548206369,0.3124905423526361,-0.001408719317122908,0.45435542177644805,-0.6114254632123433,0.4704189626563843,0.7100277717024907,-0.4497972978293022,-0.5952481486769263,0.19612252581418715,1.0484629388204152,200.0,13.0,1.2,0.5,0.3,3.0,IDLE,0.08,nan,0,0.05,20.0,0,unknown,unknown,nan,0,0.0,0,0.005161332999705337,1,0.0002882009976019617,1.2618998880498111e-05,0.00020186699839541689,1.0180010576732457e-06,3.997000021627173e-06,1.2599775800481439e-07,2.058199970633723e-05,8.780007192399353e-07,0.0005736649982281961,0.004426335001771804,0.004583967001963174,0,0,0,200.0,0.0,0,0.0,nan,nan,nan,,,,,unknown,unknown,nan,,nan,,1.0,0.0,0.0,nan,nan,0.0,0,,458557685,F04_M01_05,MDCEB22F,measured,baseline,0.5,,0,0,nan,nan,nan,nan,nan,-0.005712731606171639,0.0,0.05501388585124534,0.0553097002239029,1,0,0,0,ad4b715165e84dd399d377549dc111fb1309cda1260e23e9ee621d07fad63984,6ba3dffa4798388fb8057a608cfa40a0e24aeba9257d245b2d5103a1844d1115
4,1.6321002450022206,nan,PREP,,KFB_TIMING,kfb_timing,-0.009929155576171689,-0.0014482809754508214,0.1100221160938174,1,-28.28571428571429,0,0.3124935850816483,-0.0014108114275370046,0.454379548206369,0.3124904287592116,-0.0014102150251633005,0.4543543438708628,-0.6123554754281093,0.46724826871934766,0.7094493193724328,-0.44742189307862157,-0.595347800323036,0.19433134830868853,1.0471955450946215,200.0,13.0,1.2,0.5,0.3,3.0,IDLE,0.08,nan,0,0.05,20.0,0,unknown,unknown,nan,0,0.0,0,0.005093889001727803,1,0.0005187959977774881,2.471799962222576e-05,0.0003007179984706454,3.364999429322779e-06,6.443999154726043e-06,1.5800105757080019e-07,4.451799759408459e-05,1.4639990695286542e-06,0.0010097849990415853,0.003990215000958415,0.004081917999428697,0,0,0,200.0,0.0,0,0.0,nan,nan,nan,,,,,unknown,unknown,nan,,nan,,1.0,0.0,0.0,nan,nan,0.0,0,,463236135,F04_M01_05,MDCEB22F,measured,baseline,0.5,,0,0,nan,nan,nan,nan,nan,-0.006177737714054665,0.0,0.054724659686216426,0.05507225091673532,1,0,0,0,ad4b715165e84dd399d377549dc111fb1309cda1260e23e9ee621d07fad63984,6ba3dffa4798388fb8057a608cfa40a0e24aeba9257d245b2d5103a1844d1115
4,1.6372941310000897,nan,PREP,,KFB_TIMING,kfb_timing,-0.009949891595364385,-0.001458019655413983,0.11002858279837786,1,-28.28571428571429,0,0.3124935850816483,-0.0014108114275370046,0.454379548206369,0.3124901195126001,-0.0014110820446891076,0.45435573119034256,-0.612339714290459,0.46739973965980675,0.7087976708129803,-0.4471318172364119,-0.594958215710747,0.1936697053619137,1.0468125813541227,200.0,13.0,1.2,0.5,0.3,3.0,IDLE,0.08,nan,0,0.05,20.0,0,unknown,unknown,nan,0,0.0,0,0.005193885997869074,1,0.00028542600193759426,1.3983997632749379e-05,0.00019766799960052595,9.449977369513363e-07,4.175002686679363e-06,1.320004230365157e-07,2.2673000785289332e-05,8.539973350707442e-07,0.0005728329997509718,0.004427167000249028,0.004613592001987854,0,0,0,200.0,0.0,0,0.0,nan,nan,nan,,,,,unknown,unknown,nan,,nan,,1.0,0.0,0.0,nan,nan,0.0,0,,468811419,F04_M01_05,MDCEB22F,measured,baseline,0.5,,0,0,nan,nan,nan,nan,nan,-0.006169857145229496,0.0,0.054398835406490154,0.05474760662143092,1,0,0,0,ad4b715165e84dd399d377549dc111fb1309cda1260e23e9ee621d07fad63984,6ba3dffa4798388fb8057a608cfa40a0e24aeba9257d245b2d5103a1844d1115
4,1.6424784539995017,nan,PREP,,KFB_TIMING,kfb_timing,-0.009963685691502244,-0.0014580662509357757,0.11003463976967907,1,-28.28571428571429,0,0.3124935850816483,-0.0014108114275370046,0.454379548206369,0.3124915231649128,-0.0014121226929101694,0.45435643926049607,-0.612795468848679,0.46449639960379474,0.7077085956024951,-0.4449700818455091,-0.5948672655862571,0.19216349242844488,1.045048634359194,200.0,13.0,1.2,0.5,0.3,3.0,IDLE,0.08,nan,0,0.05,20.0,0,unknown,unknown,nan,0,0.0,0,0.005184322999411961,1,0.00041606000013416633,3.3577001886442304e-05,0.00038367500019376166,2.3120010155253112e-06,6.0920028772670776e-06,1.1500014807097614e-07,3.2153999200090766e-05,4.279998393030837e-06,0.0009662750017014332,0.004033724998298567,0.0042151629968429916,0,0,0,200.0,0.0,0,0.0,nan,nan,nan,,,,,unknown,unknown,nan,,nan,,1.0,0.0,0.0,nan,nan,0.0,0,,473550843,F04_M01_05,MDCEB22F,measured,baseline,0.5,,0,0,nan,nan,nan,nan,nan,-0.006397734424339496,0.0,0.053854297801247564,0.05423298256070596,1,0,0,0,ad4b715165e84dd399d377549dc111fb1309cda1260e23e9ee621d07fad63984,6ba3dffa4798388fb8057a608cfa40a0e24aeba9257d245b2d5103a1844d1115
4,1.647719249001966,nan,PREP,,KFB_TIMING,kfb_timing,-0.00997062758656131,-0.0014677585093927634,0.1100350450723449,1,-28.28571428571429,0,0.3124935850816483,-0.0014108114275370046,0.454379548206369,0.3124902554135093,-0.0014101759123797165,0.4543552536846095,-0.6152041555995676,0.4592009782287067,0.70537115026459,-0.4412523791890277,-0.59575372886913,0.19003898593656124,1.0425402395585357,200.0,13.0,1.2,0.5,0.3,3.0,IDLE,0.08,nan,0,0.05,20.0,0,unknown,unknown,nan,0,0.0,0,0.005240795002464438,1,0.000163846998475492,1.8335998902330175e-05,0.0002209960002801381,1.5750010788906366e-06,6.242000381462276e-06,1.4399847714230418e-07,3.2694002584321424e-05,1.3419994502328336e-06,0.0005193990000407211,0.004480600999959279,0.004717973999504466,0,0,0,200.0,0.0,0,0.0,nan,nan,nan,,,,,unknown,unknown,nan,,nan,,1.0,0.0,0.0,nan,nan,0.0,0,,479126879,F04_M01_05,MDCEB22F,measured,baseline,0.5,,0,0,nan,nan,nan,nan,nan,-0.007602077799783835,0.0,0.05268557513229499,0.05323120714294075,1,0,0,0,ad4b715165e84dd399d377549dc111fb1309cda1260e23e9ee621d07fad63984,6ba3dffa4798388fb8057a608cfa40a0e24aeba9257d245b2d5103a1844d1115
4,1.6528180060013256,nan,PREP,,KFB_TIMING,kfb_timing,-0.00997756996355495,-0.0014774503776756164,0.11003544959609553,1,-28.28571428571429,0,0.3124935850816483,-0.0014108114275370046,0.454379548206369,0.3124902306330037,-0.001409216206682433,0.45435486072106956,-0.6156299736628114,0.45272507842121706,0.7022383817124195,-0.4369248728127215,-0.5951715468183908,0.18768047487209225,1.037833804543699,200.0,13.0,1.2,0.5,0.3,3.0,IDLE,0.08,nan,0,0.05,20.0,0,unknown,unknown,nan,0,0.0,0,0.005098756999359466,1,0.00025383000320289284,2.114200106007047e-05,0.0004638879981939681,1.2840027920901775e-06,5.897996743442491e-06,1.450025592930615e-07,3.0920000426704064e-05,1.2229975254740566e-06,0.0008528629987267777,0.004147137001273222,0.0042421989965077955,0,0,0,200.0,0.0,0,0.0,nan,nan,nan,,,,,unknown,unknown,nan,,nan,,1.0,0.0,0.0,nan,nan,0.0,0,,484445916,F04_M01_05,MDCEB22F,measured,baseline,0.5,,0,0,nan,nan,nan,nan,nan,-0.00781498683140569,0.0,0.05111919085620975,0.05171310948849086,1,0,0,0,ad4b715165e84dd399d377549dc111fb1309cda1260e23e9ee621d07fad63984,6ba3dffa4798388fb8057a608cfa40a0e24aeba9257d245b2d5103a1844d1115
4,1.6579747479991056,nan,PREP,,KFB_TIMING,kfb_timing,-0.009984466766445266,-0.001477473958535961,0.1100384764790267,1,-28.279562542720438,0,0.3124935850816483,-0.0014108114275370046,0.454379548206369,0.3124903298566195,-0.001409817350934376,0.4543550610028623,-0.6230116179438866,0.4470028699903036,0.7034236088077302,-0.4331318192986182,-0.6005812782285276,0.1857656538034383,1.0405574541084786,200.0,13.0,1.2,0.5,0.3,3.0,IDLE,0.08,nan,0,0.05,20.0,0,unknown,unknown,nan,0,0.0,0,0.0051567419977800455,1,0.0003282779980509076,6.469399886555038e-05,0.000412263998441631,4.3909967644140124e-06,1.7740003386279568e-05,3.940003807656467e-07,6.144600047264248e-05,1.2329983292147517e-06,0.0011011360002157744,0.0038988639997842257,0.004052200001751771,0,0,0,200.0,0.0,0,0.0,nan,nan,nan,,,,,unknown,unknown,nan,,nan,,1.0,0.0,0.0,nan,nan,0.0,0,,489375086,F04_M01_05,MDCEB22F,measured,baseline,0.5,,0,0,nan,nan,nan,nan,nan,-0.01150580897194331,0.0,0.051711804403865136,0.05297635656406032,1,0,0,0,ad4b715165e84dd399d377549dc111fb1309cda1260e23e9ee621d07fad63984,6ba3dffa4798388fb8057a608cfa40a0e24aeba9257d245b2d5103a1844d1115
4,1.6631088399990404,nan,PREP,,KFB_TIMING,kfb_timing,-0.009984466766445266,-0.001477473958535961,0.1100384764790267,1,-28.279562542720438,0,0.3124935850816483,-0.0014108114275370046,0.454379548206369,0.31249012293377293,-0.0014090898967800605,0.4543545516904243,-0.6269148487416327,0.4441163293253449,0.7029624967491165,-0.43110340774854405,-0.6033456278391545,0.18511608120105547,1.0413538367826347,200.0,13.0,1.2,0.5,0.3,3.0,IDLE,0.08,nan,0,0.05,20.0,0,unknown,unknown,nan,0,0.0,0,0.005134091999934753,1,0.0002616239980852697,2.0229002984706312e-05,0.00045092799700796604,1.3309982023201883e-06,5.878999218111858e-06,1.400003384333104e-07,3.0203998903743923e-05,1.2749987945426255e-06,0.0008449150009255391,0.004155084999074461,0.00427568200029782,0,0,0,200.0,0.0,0,0.0,nan,nan,nan,,,,,unknown,unknown,nan,,nan,,1.0,0.0,0.0,nan,nan,0.0,0,,494301504,F04_M01_05,MDCEB22F,measured,baseline,0.5,,0,0,nan,nan,nan,nan,nan,-0.013457424370816373,0.0,0.05148124837455825,0.053211100391734045,1,0,0,0,ad4b715165e84dd399d377549dc111fb1309cda1260e23e9ee621d07fad63984,6ba3dffa4798388fb8057a608cfa40a0e24aeba9257d245b2d5103a1844d1115
4,1.6682919340018998,nan,PREP,,KFB_TIMING,kfb_timing,-0.009991363548360527,-0.0014774975359216022,0.11004150291613936,1,-28.279562542720438,0,0.3124935850816483,-0.0014108114275370046,0.454379548206369,0.3124893547572426,-0.0014112601923550955,0.454356568789939,-0.6284976462508204,0.4397390852708067,0.7014551211903047,-0.42813055974086117,-0.6042606434371969,0.18422253197967964,1.0394320764252623,200.0,13.0,1.2,0.5,0.3,3.0,IDLE,0.08,nan,0,0.05,20.0,0,unknown,unknown,nan,0,0.0,0,0.005183094002859434,1,0.00032670199652784504,1.958000211743638e-05,0.00017142000069725327,1.2570017133839428e-06,5.877001967746764e-06,1.4399847714230418e-07,3.0195998988347128e-05,1.2410018825903535e-06,0.0006372040006681345,0.0043627959993318656,0.004542381000646856,0,0,0,200.0,0.0,0,0.0,nan,nan,nan,,,,,unknown,unknown,nan,,nan,,1.0,0.0,0.0,nan,nan,0.0,0,,499747037,F04_M01_05,MDCEB22F,measured,baseline,0.5,,0,0,nan,nan,nan,nan,nan,-0.014248823125410204,0.0,0.05072756059515238,0.052690742682126625,1,0,0,0,ad4b715165e84dd399d377549dc111fb1309cda1260e23e9ee621d07fad63984,6ba3dffa4798388fb8057a608cfa40a0e24aeba9257d245b2d5103a1844d1115
4,1.673473925999133,nan,PREP,,KFB_TIMING,kfb_timing,-0.009991363548360527,-0.0014774975359216022,0.11004150291613936,1,-28.279562542720438,0,0.3124935850816483,-0.0014108114275370046,0.454379548206369,0.31249003612486514,-0.0014096750234513164,0.4543547102890815,-0.6273103400052592,0.43526289563941534,0.6988046636980092,-0.42499379893358724,-0.6030957682624635,0.18358586680739955,1.0350362355995129,200.0,13.0,1.2,0.5,0.3,3.0,IDLE,0.08,nan,0,0.05,20.0,0,unknown,unknown,nan,0,0.0,0,0.005181991997233126,1,0.0004172260014456697,1.9748000340769067e-05,0.0003518679986882489,1.2179989425931126e-06,5.779998900834471e-06,1.2599775800481439e-07,3.068299702135846e-05,1.2689997674897313e-06,0.0009001660000649281,0.004099833999935072,0.004278297998098424,0,0,0,200.0,0.0,0,0.0,nan,nan,nan,,,,,unknown,unknown,nan,,nan,,1.0,0.0,0.0,nan,nan,0.0,0,,504780830,F04_M01_05,MDCEB22F,measured,baseline,0.5,,0,0,nan,nan,nan,nan,nan,-0.013655170002629613,0.0,0.04940233184900461,0.05125479548217796,1,0,0,0,ad4b715165e84dd399d377549dc111fb1309cda1260e23e9ee621d07fad63984,6ba3dffa4798388fb8057a608cfa40a0e24aeba9257d245b2d5103a1844d1115
4,1.6787513720009883,nan,PREP,,KFB_TIMING,kfb_timing,-0.00999821510040691,-0.0014678522359211103,0.11004715179689699,1,-28.279562542720438,0,0.3124935850816483,-0.0014108114275370046,0.454379548206369,0.31249022348990163,-0.0014104342899263983,0.45435525947760114,-0.6287032680482104,0.4311650972103199,0.6990451666706214,-0.42221698420729337,-0.6044274980315623,0.18303710054960973,1.034328422384516,200.0,13.0,1.2,0.5,0.3,3.0,IDLE,0.08,nan,0,0.05,20.0,0,unknown,unknown,nan,0,0.0,0,0.005277446001855424,1,0.0002559180029493291,1.968400101759471e-05,0.0003528909983288031,1.4689976524095982e-06,7.654998626094311e-06,1.7900310922414064e-07,3.9898000977700576e-05,3.4380027500446886e-06,0.0007631130029039923,0.004236886997096008,0.00451099699785118,0,0,0,200.0,0.0,0,0.0,nan,nan,nan,,,,,unknown,unknown,nan,,nan,,1.0,0.0,0.0,nan,nan,0.0,0,,510059112,F04_M01_05,MDCEB22F,measured,baseline,0.5,,0,0,nan,nan,nan,nan,nan,-0.01435163402410522,0.0,0.04952258333531073,0.05156021391891863,1,0,0,0,ad4b715165e84dd399d377549dc111fb1309cda1260e23e9ee621d07fad63984,6ba3dffa4798388fb8057a608cfa40a0e24aeba9257d245b2d5103a1844d1115
4,1.6838948799995705,nan,PREP,,KFB_TIMING,kfb_timing,-0.010005067478589369,-0.0014582059551837597,0.11005279998311127,1,-28.28571428571429,0,0.3124935850816483,-0.0014108114275370046,0.454379548206369,0.3124903776861124,-0.0014105201843077914,0.45435595317715416,-0.6323731044579274,0.426485466088739,0.698445392120135,-0.4190881807179346,-0.6069112768160789,0.18226023243493,1.0342202675448469,200.0,13.0,1.2,0.5,0.3,3.0,IDLE,0.08,nan,0,0.05,20.0,0,unknown,unknown,nan,0,0.0,0,0.0051435079985822085,1,0.00022771200019633397,2.0544001017697155e-05,0.00040253199767903425,1.2719974620267749e-06,4.934998287353665e-06,1.3399767340160906e-07,2.4691998987691477e-05,1.0609983291942626e-06,0.0007466919996659271,0.004253308000334073,0.0043934480017924216,0,0,0,200.0,0.0,0,0.0,nan,nan,nan,,,,,unknown,unknown,nan,,nan,,1.0,0.0,0.0,nan,nan,0.0,0,,514994648,F04_M01_05,MDCEB22F,measured,baseline,0.5,,0,0,nan,nan,nan,nan,nan,-0.016186552228963702,0.0,0.04922269606006752,0.05181581110513234,1,0,0,0,ad4b715165e84dd399d377549dc111fb1309cda1260e23e9ee621d07fad63984,6ba3dffa4798388fb8057a608cfa40a0e24aeba9257d245b2d5103a1844d1115
4,1.6890582449996145,nan,PREP,,KFB_TIMING,kfb_timing,-0.010011877671780745,-0.001438887477087363,0.11006106953316443,1,-28.28571428571429,0,0.3124935850816483,-0.0014108114275370046,0.454379548206369,0.3124903782688893,-0.0014121470925133406,0.4543552688812257,-0.6312407548206607,0.42225624978476073,0.6947722139273994,-0.41620857762098423,-0.6053265817061596,0.18165075613970336,1.0293073691927148,200.0,13.0,1.2,0.5,0.3,3.0,IDLE,0.08,nan,0,0.05,20.0,0,unknown,unknown,nan,0,0.0,0,0.005163365000043996,1,0.0003032320018974133,2.0191000658087432e-05,0.00011938099851249717,1.2700002116616815e-06,4.918001650366932e-06,1.219996192958206e-07,2.4304998078150675e-05,1.128999429056421e-06,0.0005384960022638552,0.004461503997736145,0.004616808000719175,0,0,0,200.0,0.0,0,0.0,nan,nan,nan,,,,,unknown,unknown,nan,,nan,,1.0,0.0,0.0,nan,nan,0.0,0,,520260132,F04_M01_05,MDCEB22F,measured,baseline,0.5,,0,0,nan,nan,nan,nan,nan,-0.015620377410330344,0.0,0.047386106963699715,0.04989428147209206,1,0,0,0,ad4b715165e84dd399d377549dc111fb1309cda1260e23e9ee621d07fad63984,6ba3dffa4798388fb8057a608cfa40a0e24aeba9257d245b2d5103a1844d1115
4,1.6942289250000613,nan,PREP,,KFB_TIMING,kfb_timing,-0.01001873246410892,-0.0014292384036680296,0.1100667160597137,1,-28.28571428571429,0,0.3124935850816483,-0.0014108114275370046,0.454379548206369,0.3124914053834002,-0.0014098384117274734,0.454356434244137,-0.633812289281888,0.42177376776370357,0.6928019930558519,-0.4158848947355232,-0.6067232025328171,0.18196852403599456,1.0293618075295483,200.0,13.0,1.2,0.5,0.3,3.0,IDLE,0.08,nan,0,0.05,20.0,0,unknown,unknown,nan,0,0.0,0,0.005170680000446737,1,0.0003513020019454416,3.4811000659829006e-05,0.0001314349974563811,2.381999365752563e-06,6.456997653003782e-06,1.2400050763972104e-07,3.1149000278674066e-05,1.5039986465126276e-06,0.0006475420013885014,0.004352457998611499,0.0045182530011516064,0,0,0,200.0,0.0,0,0.0,nan,nan,nan,,,,,unknown,unknown,nan,,nan,,1.0,0.0,0.0,nan,nan,0.0,0,,525540284,F04_M01_05,MDCEB22F,measured,baseline,0.5,,0,0,nan,nan,nan,nan,nan,-0.016906144640944032,0.0,0.04640099652792595,0.049384918805290313,1,0,0,0,ad4b715165e84dd399d377549dc111fb1309cda1260e23e9ee621d07fad63984,6ba3dffa4798388fb8057a608cfa40a0e24aeba9257d245b2d5103a1844d1115
4,1.6994600290017843,nan,PREP,,KFB_TIMING,kfb_timing,-0.010025588083073772,-0.0014195883484848923,0.11007236189120304,1,-28.28571428571429,0,0.3124935850816483,-0.0014108114275370046,0.454379548206369,0.3124897641272185,-0.0014114517290026657,0.45435498056763474,-0.6351311869324044,0.4217848275080139,0.6926662375307209,-0.41591264303713915,-0.6076894991483776,0.18237809269806954,1.0300876574083853,200.0,13.0,1.2,0.5,0.3,3.0,IDLE,0.08,nan,0,0.05,20.0,0,unknown,unknown,nan,0,0.0,0,0.005231104001722997,1,0.0002683460006664973,3.766399822779931e-05,0.0002997130031872075,1.2429991329554468e-06,5.8969999372493476e-06,1.320004230365157e-07,3.060000017285347e-05,1.314998371526599e-06,0.0007562979990325402,0.00424370200096746,0.004471305997867603,0,0,0,200.0,0.0,0,0.0,nan,nan,nan,,,,,unknown,unknown,nan,,nan,,1.0,0.0,0.0,nan,nan,0.0,0,,530893380,F04_M01_05,MDCEB22F,measured,baseline,0.5,,0,0,nan,nan,nan,nan,nan,-0.017565593466202234,0.0,0.04633311876536045,0.04955106425037593,1,0,0,0,ad4b715165e84dd399d377549dc111fb1309cda1260e23e9ee621d07fad63984,6ba3dffa4798388fb8057a608cfa40a0e24aeba9257d245b2d5103a1844d1115
4,1.7046504730024026,nan,PREP,,KFB_TIMING,kfb_timing,-0.010032485255066503,-0.001419611019458133,0.11007538577987705,1,-28.28571428571429,0,0.3124935850816483,-0.0014108114275370046,0.454379548206369,0.3124904074940574,-0.0014108137133460059,0.454355296767577,-0.6359587624540417,0.42220349688581876,0.6931385669592357,-0.4164484323963007,-0.6081375927481824,0.1827580138632467,1.0310870057036858,200.0,13.0,1.2,0.5,0.3,3.0,IDLE,0.08,nan,0,0.05,20.0,0,unknown,unknown,nan,0,0.0,0,0.0051904440006182995,1,0.00028048999956808984,1.9322000298416242e-05,0.0004662259998440277,1.3210010365583003e-06,5.828002031194046e-06,1.2899909052066505e-07,3.0318002245621756e-05,1.172000338556245e-06,0.000877791997481836,0.004122208002518164,0.004308488001697697,0,0,0,200.0,0.0,0,0.0,nan,nan,nan,,,,,unknown,unknown,nan,,nan,,1.0,0.0,0.0,nan,nan,0.0,0,,536060658,F04_M01_05,MDCEB22F,measured,baseline,0.5,,0,0,nan,nan,nan,nan,nan,-0.017979381227020863,0.0,0.04656928347961786,0.0499194983259203,1,0,0,0,ad4b715165e84dd399d377549dc111fb1309cda1260e23e9ee621d07fad63984,6ba3dffa4798388fb8057a608cfa40a0e24aeba9257d245b2d5103a1844d1115
4,1.7097267329991155,nan,PREP,,KFB_TIMING,kfb_timing,-0.010032298369055254,-0.0014001649832898482,0.11007543260283603,1,-28.28571428571429,0,0.3124935850816483,-0.0014108114275370046,0.454379548206369,0.3124904474952628,-0.0014112727206201927,0.4543579830249888,-0.6363834728645608,0.42248876883507175,0.6925208480186447,-0.4170439158787478,-0.6077823574826888,0.18310771592294817,1.0310508276837747,200.0,13.0,1.2,0.5,0.3,3.0,IDLE,0.08,nan,0,0.05,20.0,0,unknown,unknown,nan,0,0.0,0,0.005076259996712906,1,0.0003275950002716854,2.1408999600680545e-05,0.00040024499685387127,1.2160016922280192e-06,5.2440009312704206e-06,1.400003384333104e-07,2.5995999749284238e-05,1.1609990906435996e-06,0.0008504669967805967,0.004149533003219403,0.0042222880001645535,0,0,0,200.0,0.0,0,0.0,nan,nan,nan,,,,,unknown,unknown,nan,,nan,,1.0,0.0,0.0,nan,nan,0.0,0,,540748816,F04_M01_05,MDCEB22F,measured,baseline,0.5,,0,0,nan,nan,nan,nan,nan,-0.018191736432280392,0.0,0.04626042400932234,0.049708813141573244,1,0,0,0,ad4b715165e84dd399d377549dc111fb1309cda1260e23e9ee621d07fad63984,6ba3dffa4798388fb8057a608cfa40a0e24aeba9257d245b2d5103a1844d1115
4,1.714834312999301,nan,PREP,,KFB_TIMING,kfb_timing,-0.010032258919437348,-0.001390490580726152,0.11007805353392403,1,-28.28571428571429,0,0.3124935850816483,-0.0014108114275370046,0.454379548206369,0.3124906004864019,-0.0014112742223019777,0.4543575890660716,-0.6310987495254644,0.4255216362939341,0.6902685686905089,-0.41935388802910933,-0.6032361542047976,0.1845397725697689,1.027533450321164,200.0,13.0,1.2,0.5,0.3,3.0,IDLE,0.08,nan,0,0.05,20.0,0,unknown,unknown,nan,0,0.0,0,0.005107580000185408,1,0.00022110799909569323,2.0493000192800537e-05,0.00012195399904157966,1.1550000635907054e-06,5.354999302653596e-06,1.410007826052606e-07,2.6123998395632952e-05,4.016997991129756e-06,0.00046527300219167955,0.0045347269978083206,0.004638352998881601,0,0,0,200.0,0.0,0,0.0,nan,nan,nan,,,,,unknown,unknown,nan,,nan,,1.0,0.0,0.0,nan,nan,0.0,0,,545995946,F04_M01_05,MDCEB22F,measured,baseline,0.5,,0,0,nan,nan,nan,nan,nan,-0.015549374762732215,0.0,0.04513428434525446,0.04773768614910211,1,0,0,0,ad4b715165e84dd399d377549dc111fb1309cda1260e23e9ee621d07fad63984,6ba3dffa4798388fb8057a608cfa40a0e24aeba9257d245b2d5103a1844d1115
4,1.7199839130007604,nan,PREP,,KFB_TIMING,kfb_timing,-0.010025361665604082,-0.0013904683682900475,0.11007502961556025,1,-28.28571428571429,0,0.3124935850816483,-0.0014108114275370046,0.454379548206369,0.3124895857265116,-0.001411498016368886,0.45435694051594877,-0.6328458927425203,0.4274363706850035,0.6916503781100872,-0.4209361840603235,-0.6045704885105155,0.18570059896915692,1.0303281130228719,200.0,13.0,1.2,0.5,0.3,3.0,IDLE,0.08,nan,0,0.05,20.0,0,unknown,unknown,nan,0,0.0,0,0.005149600001459476,1,0.0003159909974783659,2.0242998289177194e-05,0.00016841500109876506,1.2540003808680922e-06,4.898000042885542e-06,1.3700264389626682e-07,2.5073000870179385e-05,1.1810006981249899e-06,0.0006011380028212443,0.004398861997178756,0.004541452999546891,0,0,0,200.0,0.0,0,0.0,nan,nan,nan,,,,,unknown,unknown,nan,,nan,,1.0,0.0,0.0,nan,nan,0.0,0,,551387174,F04_M01_05,MDCEB22F,measured,baseline,0.5,,0,0,nan,nan,nan,nan,nan,-0.016422946371260183,0.0,0.045825189055043625,0.04867916514735825,1,0,0,0,ad4b715165e84dd399d377549dc111fb1309cda1260e23e9ee621d07fad63984,6ba3dffa4798388fb8057a608cfa40a0e24aeba9257d245b2d5103a1844d1115
4,1.725177268999687,nan,PREP,,KFB_TIMING,kfb_timing,-0.010011606802601325,-0.0014000978919627436,0.11006635957314465,1,-28.28571428571429,0,0.3124935850816483,-0.0014108114275370046,0.454379548206369,0.31249095275857774,-0.0014111679086266163,0.45435754041527776,-0.6321177234713404,0.4288861085123611,0.6911699867785294,-0.42214637232825075,-0.6038145743238279,0.18681203019056347,1.0301611820607974,200.0,13.0,1.2,0.5,0.3,3.0,IDLE,0.08,nan,0,0.05,20.0,0,unknown,unknown,nan,0,0.0,0,0.005193355998926563,1,0.00023493100161431357,3.889900108333677e-05,0.0004280760003894102,2.269000106025487e-06,7.929000275908038e-06,1.3299722922965884e-07,3.836100222542882e-05,1.5559999155811965e-06,0.0008558500012441073,0.004144149998755893,0.00433369600068545,0,0,0,200.0,0.0,0,0.0,nan,nan,nan,,,,,unknown,unknown,nan,,nan,,1.0,0.0,0.0,nan,nan,0.0,0,,556344891,F04_M01_05,MDCEB22F,measured,baseline,0.5,,0,0,nan,nan,nan,nan,nan,-0.016058861735670227,0.0,0.045584993389264694,0.048330928633171115,1,0,0,0,ad4b715165e84dd399d377549dc111fb1309cda1260e23e9ee621d07fad63984,6ba3dffa4798388fb8057a608cfa40a0e24aeba9257d245b2d5103a1844d1115
4,1.7304010699990613,nan,PREP,,KFB_TIMING,kfb_timing,-0.009990955688610192,-0.0014097036025966102,0.11005466143436934,1,-28.28571428571429,0,0.3124935850816483,-0.0014108114275370046,0.454379548206369,0.3124896851856624,-0.0014118310084515091,0.4543562494246329,-0.6255762506400607,0.43268605112508063,0.6881411061059075,-0.4247513980479116,-0.5984887888272881,0.18878264141966355,1.0257197697791312,200.0,13.0,1.2,0.5,0.3,3.0,IDLE,0.08,nan,0,0.05,20.0,0,unknown,unknown,nan,0,0.0,0,0.005223800999374362,1,0.0002456170004734304,2.0769999537151307e-05,0.00023181600045063533,1.3889984984416515e-06,5.916001100558788e-06,1.5099794836714864e-07,3.065800046897493e-05,1.2780001270584762e-06,0.0006125720028649084,0.004387427997135092,0.004607673999998951,0,0,0,200.0,0.0,0,0.0,nan,nan,nan,,,,,unknown,unknown,nan,,nan,,1.0,0.0,0.0,nan,nan,0.0,0,,561898314,F04_M01_05,MDCEB22F,measured,baseline,0.5,,0,0,nan,nan,nan,nan,nan,-0.012788125320030375,0.0,0.044070553052953765,0.04588844947907931,1,0,0,0,ad4b715165e84dd399d377549dc111fb1309cda1260e23e9ee621d07fad63984,6ba3dffa4798388fb8057a608cfa40a0e24aeba9257d245b2d5103a1844d1115
4,1.7355712940006924,nan,PREP,,KFB_TIMING,kfb_timing,-0.009977244907947908,-0.0014290015671789666,0.11004336490208035,1,-28.28571428571429,0,0.3124935850816483,-0.0014108114275370046,0.454379548206369,0.3124904248957058,-0.0014118310797574859,0.4543562992336906,-0.623547164718773,0.43461829400731655,0.6876627518283801,-0.4262672029305986,-0.596986883967418,0.19009531574944008,1.0249800916929221,200.0,13.0,1.2,0.5,0.3,3.0,IDLE,0.08,nan,0,0.05,20.0,0,unknown,unknown,nan,0,0.0,0,0.005170224001631141,1,0.0003250900008424651,2.0040999515913427e-05,0.0004849280012422241,1.357999281026423e-06,5.858000804437324e-06,1.2500095181167126e-07,3.0419003451243043e-05,1.2380005500745028e-06,0.0009420580026926473,0.004057941997307353,0.004224749001878081,0,0,0,200.0,0.0,0,0.0,nan,nan,nan,,,,,unknown,unknown,nan,,nan,,1.0,0.0,0.0,nan,nan,0.0,0,,566748550,F04_M01_05,MDCEB22F,measured,baseline,0.5,,0,0,nan,nan,nan,nan,nan,-0.011773582359386525,0.0,0.04383137591419006,0.04538509398584847,1,0,0,0,ad4b715165e84dd399d377549dc111fb1309cda1260e23e9ee621d07fad63984,6ba3dffa4798388fb8057a608cfa40a0e24aeba9257d245b2d5103a1844d1115
4,1.7407404789992142,nan,PREP,,KFB_TIMING,kfb_timing,-0.009956596712204363,-0.0014386031100219378,0.11003165949586163,1,-28.28571428571429,0,0.3124935850816483,-0.0014108114275370046,0.454379548206369,0.3124895541142369,-0.0014105687917536566,0.45435446641101523,-0.6230760826813742,0.43833762807802257,0.6879361920238526,-0.42894450458948385,-0.596913951282689,0.1918964623960036,1.0264598800220652,200.0,13.0,1.2,0.5,0.3,3.0,IDLE,0.08,nan,0,0.05,20.0,0,unknown,unknown,nan,0,0.0,0,0.005169184998521814,1,0.0003814189985860139,1.9752002117456868e-05,0.00011896100113517605,1.143002009484917e-06,5.060002877144143e-06,1.6700141713954508e-07,2.507599856471643e-05,1.2019991117995232e-06,0.00061667100089835,0.00438332899910165,0.004549129000224639,0,0,0,200.0,0.0,0,0.0,nan,nan,nan,,,,,unknown,unknown,nan,,nan,,1.0,0.0,0.0,nan,nan,0.0,0,,571749655,F04_M01_05,MDCEB22F,measured,baseline,0.5,,0,0,nan,nan,nan,nan,nan,-0.011538041340687089,0.0,0.043968096011926305,0.04545679118562345,1,0,0,0,ad4b715165e84dd399d377549dc111fb1309cda1260e23e9ee621d07fad63984,6ba3dffa4798388fb8057a608cfa40a0e24aeba9257d245b2d5103a1844d1115
4,1.7458941740005685,nan,PREP,,KFB_TIMING,kfb_timing,-0.009935905488122787,-0.0014385341331963,0.11002257200526955,1,-28.28571428571429,0,0.3124935850816483,-0.0014108114275370046,0.454379548206369,0.3124902060248763,-0.0014112120899476815,0.45435683705051066,-0.6229638563741998,0.4390700021904054,0.6877017771826012,-0.42969536297797967,-0.5969936718505934,0.19260599843511667,1.0265476937347846,200.0,13.0,1.2,0.5,0.3,3.0,IDLE,0.08,nan,0,0.05,20.0,0,unknown,unknown,nan,0,0.0,0,0.005153695001354208,1,0.00017072299669962376,1.9065999367740005e-05,0.00016266199963865802,1.1629999789875e-06,5.1339993660803884e-06,1.400003384333104e-07,2.4775999918347225e-05,1.14399881567806e-06,0.00044823900316259824,0.004551760996837402,0.004702122001617681,0,0,0,200.0,0.0,0,0.0,nan,nan,nan,,,,,unknown,unknown,nan,,nan,,1.0,0.0,0.0,nan,nan,0.0,0,,577062332,F04_M01_05,MDCEB22F,measured,baseline,0.5,,0,0,nan,nan,nan,nan,nan,-0.011481928187099921,0.0,0.043850888591300596,0.045329186018947844,1,0,0,0,ad4b715165e84dd399d377549dc111fb1309cda1260e23e9ee621d07fad63984,6ba3dffa4798388fb8057a608cfa40a0e24aeba9257d245b2d5103a1844d1115
4,1.7509886830011965,nan,PREP,,KFB_TIMING,kfb_timing,-0.009922111235413006,-0.001438488131722265,0.11001651144857125,1,-28.28571428571429,0,0.3124935850816483,-0.0014108114275370046,0.454379548206369,0.3124893026881584,-0.001410531487430403,0.45435379428394534,-0.6199417517760692,0.4402503193271442,0.6865031648567486,-0.4306727268580466,-0.5948877588588734,0.19333003197741133,1.0244192084401609,200.0,13.0,1.2,0.5,0.3,3.0,IDLE,0.08,nan,0,0.05,20.0,0,unknown,unknown,nan,0,0.0,0,0.0050945090006280225,1,0.0003089950005232822,1.998200241359882e-05,0.00017189900245284662,1.4609977370128036e-06,5.932000931352377e-06,1.4400211512111127e-07,3.03939996229019e-05,3.239998477511108e-06,0.0006149379987618886,0.0043850620012381115,0.004476081001484999,0,0,0,200.0,0.0,0,0.0,nan,nan,nan,,,,,unknown,unknown,nan,,nan,,1.0,0.0,0.0,nan,nan,0.0,0,,582349049,F04_M01_05,MDCEB22F,measured,baseline,0.5,,0,0,nan,nan,nan,nan,nan,-0.009970875888034636,0.0,0.04325158242837429,0.044386008477143406,1,0,0,0,ad4b715165e84dd399d377549dc111fb1309cda1260e23e9ee621d07fad63984,6ba3dffa4798388fb8057a608cfa40a0e24aeba9257d245b2d5103a1844d1115
4,1.7561627230024897,nan,PREP,,KFB_TIMING,kfb_timing,-0.009894522483626211,-0.0014383960881534125,0.11000438498350958,1,-28.28571428571429,0,0.3124935850816483,-0.0014108114275370046,0.454379548206369,0.31248983264883057,-0.0014113783330513708,0.45435644584049373,-0.6158371237072229,0.44251905105505,0.6862131034911741,-0.43232122982898863,-0.5922482923559972,0.19430622263214045,1.0227252303945749,200.0,13.0,1.2,0.5,0.3,3.0,IDLE,0.08,nan,0,0.05,20.0,0,unknown,unknown,nan,0,0.0,0,0.005174040001293179,1,0.00022927100144443102,2.0063002011738718e-05,0.0004421960002218839,1.4800025383010507e-06,6.047001079423353e-06,1.5199839253909886e-07,3.1569001293974e-05,1.2079981388524175e-06,0.0008061709995672572,0.004193829000432743,0.004358763999334769,0,0,0,200.0,0.0,0,0.0,nan,nan,nan,,,,,unknown,unknown,nan,,nan,,1.0,0.0,0.0,nan,nan,0.0,0,,587550150,F04_M01_05,MDCEB22F,measured,baseline,0.5,,0,0,nan,nan,nan,nan,nan,-0.00791856185361145,0.0,0.043106551745587085,0.04382782706482775,1,0,0,0,ad4b715165e84dd399d377549dc111fb1309cda1260e23e9ee621d07fad63984,6ba3dffa4798388fb8057a608cfa40a0e24aeba9257d245b2d5103a1844d1115
4,1.761325781000778,nan,PREP,,KFB_TIMING,kfb_timing,-0.009866978299288731,-0.0014479714313040486,0.10998962949961633,1,-28.279562542720438,0,0.3124935850816483,-0.0014108114275370046,0.454379548206369,0.31249067714327555,-0.0014112739170039886,0.4543560648819713,-0.6121889500755741,0.44476860606677693,0.6836780453160357,-0.4338208058105041,-0.5893159824517151,0.19528014572358732,1.0198088512973267,200.0,13.0,1.2,0.5,0.3,3.0,IDLE,0.08,nan,0,0.05,20.0,0,unknown,unknown,nan,0,0.0,0,0.005163057998288423,1,0.00032018199999583885,3.6964000173611566e-05,0.0003250699992349837,2.4279979697894305e-06,7.970000297063962e-06,1.2500095181167126e-07,3.934099731850438e-05,1.4029974408913404e-06,0.000840540997160133,0.004159459002839867,0.004318622002756456,0,0,0,200.0,0.0,0,0.0,nan,nan,nan,,,,,unknown,unknown,nan,,nan,,1.0,0.0,0.0,nan,nan,0.0,0,,592570205,F04_M01_05,MDCEB22F,measured,baseline,0.5,,0,0,nan,nan,nan,nan,nan,-0.006094475037787039,0.0,0.041839022658017866,0.042280568148551904,1,0,0,0,ad4b715165e84dd399d377549dc111fb1309cda1260e23e9ee621d07fad63984,6ba3dffa4798388fb8057a608cfa40a0e24aeba9257d245b2d5103a1844d1115
4,1.76649529900169,nan,PREP,,KFB_TIMING,kfb_timing,-0.00983943515466601,-0.0014575448553584966,0.10997486675684029,1,-28.28571428571429,0,0.3124935850816483,-0.0014108114275370046,0.454379548206369,0.3124904407727989,-0.0014112143676788882,0.45435751638495353,-0.6128236572396142,0.4489801579529248,0.6832088738410506,-0.4365937063610055,-0.5898704762049473,0.19662453453840162,1.021719326626998,200.0,13.0,1.2,0.5,0.3,3.0,IDLE,0.08,nan,0,0.05,20.0,0,unknown,unknown,nan,0,0.0,0,0.005169518000911921,1,0.0003770279981836211,2.1634998120134696e-05,0.00017495099746156484,1.3669996405951679e-06,5.870999302715063e-06,1.3400131138041615e-07,3.0972998501965776e-05,1.3030003174208105e-06,0.0006896570012031589,0.004310342998796841,0.004476349997275975,0,0,0,200.0,0.0,0,0.0,nan,nan,nan,,,,,unknown,unknown,nan,,nan,,1.0,0.0,0.0,nan,nan,0.0,0,,597559418,F04_M01_05,MDCEB22F,measured,baseline,0.5,,0,0,nan,nan,nan,nan,nan,-0.006411828619807103,0.0,0.04160443692052529,0.0420956139962793,1,0,0,0,ad4b715165e84dd399d377549dc111fb1309cda1260e23e9ee621d07fad63984,6ba3dffa4798388fb8057a608cfa40a0e24aeba9257d245b2d5103a1844d1115
4,1.7716355240008852,nan,PREP,,KFB_TIMING,kfb_timing,-0.009791201325909576,-0.0014670458366285496,0.10995098135260369,1,-28.28571428571429,0,0.3124935850816483,-0.0014108114275370046,0.454379548206369,0.31249027963026105,-0.0014114004948446324,0.4543553330175173,-0.6127046057759996,0.4464713817815792,0.6819953128548963,-0.4350143456230453,-0.589755587390449,0.19562232180932285,1.0197358655284827,200.0,13.0,1.2,0.5,0.3,3.0,IDLE,0.08,nan,0,0.05,20.0,0,unknown,unknown,nan,0,0.0,0,0.005140224999195198,1,0.0002199260015913751,1.954300023498945e-05,0.00015721000090707093,1.3089993444737047e-06,5.926998710492626e-06,1.309999788645655e-07,2.995999966515228e-05,1.252999936696142e-06,0.0005084389995317906,0.0044915610004682095,0.004627128000720404,0,0,0,200.0,0.0,0,0.0,nan,nan,nan,,,,,unknown,unknown,nan,,nan,,1.0,0.0,0.0,nan,nan,0.0,0,,603149765,F04_M01_05,MDCEB22F,measured,baseline,0.5,,0,0,nan,nan,nan,nan,nan,-0.006352302887999817,0.0,0.04099765642744818,0.04148686038402971,1,0,0,0,ad4b715165e84dd399d377549dc111fb1309cda1260e23e9ee621d07fad63984,6ba3dffa4798388fb8057a608cfa40a0e24aeba9257d245b2d5103a1844d1115
4,1.7767590900002688,nan,PREP,,KFB_TIMING,kfb_timing,-0.00973602252455169,-0.0014668576210469264,0.10992665397827286,1,-28.279562542720438,0,0.3124935850816483,-0.0014108114275370046,0.454379548206369,0.3124905029170763,-0.001410372105700818,0.454356090635645,-0.6128332593747777,0.4494440733752781,0.6803124234598853,-0.43688828661369705,-0.5896340641217765,0.19609320645890885,1.0199948884195147,200.0,13.0,1.2,0.5,0.3,3.0,IDLE,0.08,nan,0,0.05,20.0,0,unknown,unknown,nan,0,0.0,0,0.0051235659993835725,1,0.0003290489985374734,2.2267002350417897e-05,0.0004890679992968217,2.019998646574095e-06,6.070000381441787e-06,1.2999953469261527e-07,3.2609001209493726e-05,1.2749987945426255e-06,0.0009610310007701628,0.004038968999229837,0.004159962998528499,0,0,0,200.0,0.0,0,0.0,nan,nan,nan,,,,,unknown,unknown,nan,,nan,,1.0,0.0,0.0,nan,nan,0.0,0,,607746893,F04_M01_05,MDCEB22F,measured,baseline,0.5,,0,0,nan,nan,nan,nan,nan,-0.006416629687388875,0.0,0.04015621172994266,0.04066564246443261,1,0,0,0,ad4b715165e84dd399d377549dc111fb1309cda1260e23e9ee621d07fad63984,6ba3dffa4798388fb8057a608cfa40a0e24aeba9257d245b2d5103a1844d1115
4,1.7819335860003775,nan,PREP,,KFB_TIMING,kfb_timing,-0.00967394489210846,-0.0014666456141593886,0.10989925153614269,1,-28.279562542720438,0,0.3124935850816483,-0.0014108114275370046,0.454379548206369,0.31249025237137856,-0.0014105724496773983,0.4543552371126566,-0.6185432024220985,0.4541033701207672,0.6822090646189192,-0.43984905881734804,-0.5941426559332944,0.1966013063546425,1.0267496149820774,200.0,13.0,1.2,0.5,0.3,3.0,IDLE,0.08,nan,0,0.05,20.0,0,unknown,unknown,nan,0,0.0,0,0.005174496000108775,1,0.00015655800234526396,2.0612998923752457e-05,0.00016531700021005236,9.610012057237327e-07,4.579000233206898e-06,1.3400131138041615e-07,2.216400025645271e-05,9.969990060199052e-07,0.0004242590002832003,0.0045757409997168,0.004746408001665259,0,0,0,200.0,0.0,0,0.0,nan,nan,nan,,,,,unknown,unknown,nan,,nan,,1.0,0.0,0.0,nan,nan,0.0,0,,613350158,F04_M01_05,MDCEB22F,measured,baseline,0.5,,0,0,nan,nan,nan,nan,nan,-0.009271601211049252,0.0,0.041104532309459596,0.042137218292100605,1,0,0,0,ad4b715165e84dd399d377549dc111fb1309cda1260e23e9ee621d07fad63984,6ba3dffa4798388fb8057a608cfa40a0e24aeba9257d245b2d5103a1844d1115
4,1.7870271530009632,nan,PREP,,KFB_TIMING,kfb_timing,-0.00961871414804047,-0.0014567961864539983,0.10987748514856456,1,-28.279562542720438,0,0.3124935850816483,-0.0014108114275370046,0.454379548206369,0.3124898287268554,-0.001411435345602994,0.45435581879409237,-0.6194092614409251,0.4565204562800672,0.6802845454128731,-0.44137734356806285,-0.5943253224029375,0.19613896621582044,1.0270666107359114,200.0,13.0,1.2,0.5,0.3,3.0,IDLE,0.08,nan,0,0.05,20.0,0,unknown,unknown,nan,0,0.0,0,0.005093567000585608,1,0.0003069750018767081,2.5371002266183496e-05,0.0004014879996248055,1.4360011846292764e-06,5.8679979701992124e-06,1.5200203051790595e-07,3.1529001716990024e-05,4.1050006984733045e-06,0.0008652750002511311,0.004134724999748869,0.00421988599919132,0,0,0,200.0,0.0,0,0.0,nan,nan,nan,,,,,unknown,unknown,nan,,nan,,1.0,0.0,0.0,nan,nan,0.0,0,,618271446,F04_M01_05,MDCEB22F,measured,baseline,0.5,,0,0,nan,nan,nan,nan,nan,-0.00970463072046257,0.0,0.040142272706436555,0.04129869144971142,1,0,0,0,ad4b715165e84dd399d377549dc111fb1309cda1260e23e9ee621d07fad63984,6ba3dffa4798388fb8057a608cfa40a0e24aeba9257d245b2d5103a1844d1115
4,1.7922004089996335,nan,PREP,,KFB_TIMING,kfb_timing,-0.009570330989463083,-0.0014373105168368897,0.10986136420753136,1,-28.279562542720438,0,0.3124935850816483,-0.0014108114275370046,0.454379548206369,0.3124899428584052,-0.001410960183344686,0.454356470161467,-0.6187691633715213,0.4572691284401535,0.6793604503695464,-0.4417490568091704,-0.5938174421890459,0.195135715810419,1.026401946067048,200.0,13.0,1.2,0.5,0.3,3.0,IDLE,0.08,nan,0,0.05,20.0,0,unknown,unknown,nan,0,0.0,0,0.005173255998670356,1,0.000381409001420252,3.047399877686985e-05,0.00014705300054629333,2.2569984139408916e-06,1.4319997717393562e-05,1.309999788645655e-07,2.9464001272572204e-05,1.4270008250605315e-06,0.0006882509987917729,0.004311749001208227,0.00448040400078753,0,0,0,200.0,0.0,0,0.0,nan,nan,nan,,,,,unknown,unknown,nan,,nan,,1.0,0.0,0.0,nan,nan,0.0,0,,623554540,F04_M01_05,MDCEB22F,measured,baseline,0.5,,0,0,nan,nan,nan,nan,nan,-0.009384581685760673,0.0,0.03968022518477321,0.04077487761025194,1,0,0,0,ad4b715165e84dd399d377549dc111fb1309cda1260e23e9ee621d07fad63984,6ba3dffa4798388fb8057a608cfa40a0e24aeba9257d245b2d5103a1844d1115
4,1.7973834040021757,nan,PREP,,KFB_TIMING,kfb_timing,-0.0095149089057312,-0.0014080438671839823,0.109839588983516,1,-28.279562542720438,0,0.3124935850816483,-0.0014108114275370046,0.454379548206369,0.3124905515748052,-0.0014109785684897867,0.4543533617947045,-0.6220783848656626,0.4602339996915302,0.6787377784946694,-0.4434467580649474,-0.5959318539106074,0.1947766868901875,1.0293113345072102,200.0,13.0,1.2,0.5,0.3,3.0,IDLE,0.08,nan,0,0.05,20.0,0,unknown,unknown,nan,0,0.0,0,0.005182995002542157,1,0.0002380500009167008,3.227900015190244e-05,0.0003907979989890009,1.6599988157395273e-06,6.0540005506481975e-06,1.539992808829993e-07,3.3473999792477116e-05,1.3550015864893794e-06,0.0008018700027605519,0.004198129997239448,0.004370860999188153,0,0,0,200.0,0.0,0,0.0,nan,nan,nan,,,,,unknown,unknown,nan,,nan,,1.0,0.0,0.0,nan,nan,0.0,0,,628621888,F04_M01_05,MDCEB22F,measured,baseline,0.5,,0,0,nan,nan,nan,nan,nan,-0.011039192432831302,0.0,0.039368889247334726,0.04088732334279156,1,0,0,0,ad4b715165e84dd399d377549dc111fb1309cda1260e23e9ee621d07fad63984,6ba3dffa4798388fb8057a608cfa40a0e24aeba9257d245b2d5103a1844d1115
4,1.8025330630007375,nan,PREP,,KFB_TIMING,kfb_timing,-0.009466619924860115,-0.0014078845980035571,0.1098181783912202,1,-28.279562542720438,0,0.3124935850816483,-0.0014108114275370046,0.454379548206369,0.3124905025736656,-0.0014099331370595143,0.45435738669146397,-0.622425848468306,0.46250517846653416,0.6770542591024497,-0.4446226315774602,-0.5956553577280093,0.1942126644477167,1.0294306420146129,200.0,13.0,1.2,0.5,0.3,3.0,IDLE,0.08,nan,0,0.05,20.0,0,unknown,unknown,nan,0,0.0,0,0.00514965899856179,1,0.0002750960011326242,1.413000063621439e-05,0.0002920139995694626,1.3140015653334558e-06,5.927999154664576e-06,1.539992808829993e-07,3.1463001505471766e-05,1.2330019671935588e-06,0.0006842849979875609,0.004315715002012439,0.004463511002541054,0,0,0,200.0,0.0,0,0.0,nan,nan,nan,,,,,unknown,unknown,nan,,nan,,1.0,0.0,0.0,nan,nan,0.0,0,,633834930,F04_M01_05,MDCEB22F,measured,baseline,0.5,,0,0,nan,nan,nan,nan,nan,-0.011212924234152988,0.0,0.03852712955122484,0.04012566985531478,1,0,0,0,ad4b715165e84dd399d377549dc111fb1309cda1260e23e9ee621d07fad63984,6ba3dffa4798388fb8057a608cfa40a0e24aeba9257d245b2d5103a1844d1115
4,1.8077461190005124,nan,PREP,,KFB_TIMING,kfb_timing,-0.00941833008147186,-0.001407725165949674,0.10979674589891344,1,-28.279562542720438,0,0.3124935850816483,-0.0014108114275370046,0.454379548206369,0.31249011696619244,-0.0014084356413184675,0.4543551887952781,-0.6231316370540563,0.46036621048525744,0.6759659030194006,-0.4429838674856078,-0.5957354169603908,0.1924084744905173,1.0281828567424465,200.0,13.0,1.2,0.5,0.3,3.0,IDLE,0.08,nan,0,0.05,20.0,0,unknown,unknown,nan,0,0.0,0,0.0052130559997749515,1,0.0003820060010184534,1.2665997928706929e-05,0.00021691099755116738,3.425997419981286e-06,1.2702999811153859e-05,4.6100103645585477e-07,6.277899956330657e-05,2.6149973564315587e-06,0.0007795150013407692,0.004220484998659231,0.004429301003256114,0,0,0,200.0,0.0,0,0.0,nan,nan,nan,,,,,unknown,unknown,nan,,nan,,1.0,0.0,0.0,nan,nan,0.0,0,,639016303,F04_M01_05,MDCEB22F,measured,baseline,0.5,,0,0,nan,nan,nan,nan,nan,-0.011565818527028149,0.0,0.037982951509700325,0.039704820407456744,1,0,0,0,ad4b715165e84dd399d377549dc111fb1309cda1260e23e9ee621d07fad63984,6ba3dffa4798388fb8057a608cfa40a0e24aeba9257d245b2d5103a1844d1115
4,1.8129116290001548,nan,PREP,,KFB_TIMING,kfb_timing,-0.009370039390939805,-0.001407565570985232,0.1097752915016045,1,-28.279562542720438,0,0.3124935850816483,-0.0014108114275370046,0.454379548206369,0.3124903770514882,-0.0014108804633502017,0.4543559606364619,-0.6232837565103782,0.4606336269078969,0.6782427313872487,-0.442939452770874,-0.5964406045815568,0.19152627758572774,1.0298928012408124,200.0,13.0,1.2,0.5,0.3,3.0,IDLE,0.08,nan,0,0.05,20.0,0,unknown,unknown,nan,0,0.0,0,0.0051655099996423814,1,0.0002437349976389669,2.0209001377224922e-05,0.00033442999847466126,2.6080015231855214e-06,5.588997737504542e-06,1.2400050763972104e-07,3.8321002648444846e-05,1.5160003385972232e-06,0.0007224719993246254,0.004277528000675375,0.004441197001142427,0,0,0,200.0,0.0,0,0.0,nan,nan,nan,,,,,unknown,unknown,nan,,nan,,1.0,0.0,0.0,nan,nan,0.0,0,,643996066,F04_M01_05,MDCEB22F,measured,baseline,0.5,,0,0,nan,nan,nan,nan,nan,-0.011641878255189086,0.0,0.039121365693624344,0.04081684190432832,1,0,0,0,ad4b715165e84dd399d377549dc111fb1309cda1260e23e9ee621d07fad63984,6ba3dffa4798388fb8057a608cfa40a0e24aeba9257d245b2d5103a1844d1115
4,1.8180679870019958,nan,PREP,,KFB_TIMING,kfb_timing,-0.009328597746011413,-0.001397770794155697,0.10975950391253647,1,-28.279562542720438,0,0.3124935850816483,-0.0014108114275370046,0.454379548206369,0.31249084289416923,-0.001410808076635006,0.4543569045779536,-0.6202798318609712,0.4603506519150232,0.677705319669526,-0.44259319111979084,-0.5942275849645187,0.1906591315584318,1.0275963666928936,200.0,13.0,1.2,0.5,0.3,3.0,IDLE,0.08,nan,0,0.05,20.0,0,unknown,unknown,nan,0,0.0,0,0.005156358001840999,1,0.0002669809982762672,1.3201999536249787e-05,0.00016814999980852008,1.052998413797468e-06,3.92099900636822e-06,1.2400050763972104e-07,1.965100091183558e-05,8.479983080178499e-07,0.0005183380017115269,0.004481661998288473,0.004634247001376934,0,0,0,200.0,0.0,0,0.0,nan,nan,nan,,,,,unknown,unknown,nan,,nan,,1.0,0.0,0.0,nan,nan,0.0,0,,649646599,F04_M01_05,MDCEB22F,measured,baseline,0.5,,0,0,nan,nan,nan,nan,nan,-0.010139915930485632,0.0,0.03885265983476299,0.040154041780537136,1,0,0,0,ad4b715165e84dd399d377549dc111fb1309cda1260e23e9ee621d07fad63984,6ba3dffa4798388fb8057a608cfa40a0e24aeba9257d245b2d5103a1844d1115
4,1.8231542850007827,nan,PREP,,KFB_TIMING,kfb_timing,-0.009280256037927676,-0.0013879544762239557,0.10974062756522968,1,-28.279562542720438,0,0.3124935850816483,-0.0014108114275370046,0.454379548206369,0.312489730483736,-0.001409231312154655,0.45435555341589384,-0.6225293508322244,0.4596226556739199,0.6763982195525918,-0.442149910350806,-0.5952770905932584,0.18973808151657567,1.0277695897769372,200.0,13.0,1.2,0.5,0.3,3.0,IDLE,0.08,nan,0,0.05,20.0,0,unknown,unknown,nan,0,0.0,0,0.005086297998786904,1,0.00039604799894732423,2.3541997506981716e-05,0.00047258899940061383,1.4700017345603555e-06,5.959002010058612e-06,1.3400131138041615e-07,3.228599962312728e-05,3.5429984563961625e-06,0.0010273909974785056,0.0039726090025214945,0.004053455999383004,0,0,0,200.0,0.0,0,0.0,nan,nan,nan,,,,,unknown,unknown,nan,,nan,,1.0,0.0,0.0,nan,nan,0.0,0,,654265809,F04_M01_05,MDCEB22F,measured,baseline,0.5,,0,0,nan,nan,nan,nan,nan,-0.011264675416112202,0.0,0.038199109776295925,0.03982543031697046,1,0,0,0,ad4b715165e84dd399d377549dc111fb1309cda1260e23e9ee621d07fad63984,6ba3dffa4798388fb8057a608cfa40a0e24aeba9257d245b2d5103a1844d1115
4,1.8283265579993895,nan,PREP,,KFB_TIMING,kfb_timing,-0.00922491791264149,-0.0013588011126601648,0.10972388899606803,1,-28.279562542720438,0,0.3124935850816483,-0.0014108114275370046,0.454379548206369,0.3124905342840719,-0.001409731766103003,0.4543560171170981,-0.6212025262468516,0.4549997713577846,0.6777662761192957,-0.43915563093788335,-0.5947588239031295,0.1879885821687134,1.0258091906371887,200.0,13.0,1.2,0.5,0.3,3.0,IDLE,0.08,nan,0,0.05,20.0,0,unknown,unknown,nan,0,0.0,0,0.005172272998606786,1,0.00027373299963073805,2.7427999157225713e-05,0.0001368890007142909,1.9510007405187935e-06,5.021000106353313e-06,1.2600139598362148e-07,3.454799661994912e-05,1.1320007615722716e-06,0.0005518399993889034,0.004448160000611097,0.0046158650002325885,0,0,0,200.0,0.0,0,0.0,nan,nan,nan,,,,,unknown,unknown,nan,,nan,,1.0,0.0,0.0,nan,nan,0.0,0,,659914273,F04_M01_05,MDCEB22F,measured,baseline,0.5,,0,0,nan,nan,nan,nan,nan,-0.010601263123425797,0.0,0.03888313805964788,0.04030242182769846,1,0,0,0,ad4b715165e84dd399d377549dc111fb1309cda1260e23e9ee621d07fad63984,6ba3dffa4798388fb8057a608cfa40a0e24aeba9257d245b2d5103a1844d1115
4,1.8334396339996601,nan,PREP,,KFB_TIMING,kfb_timing,-0.009169626937609088,-0.0013393078319069748,0.10970450134355586,1,-28.279562542720438,0,0.3124935850816483,-0.0014108114275370046,0.454379548206369,0.31249051168717684,-0.0014103218292069574,0.4543559662804255,-0.6241640326190174,0.45440422310403006,0.6789871442381419,-0.4388076560478918,-0.5970970976894476,0.18780375767972107,1.0281475962286146,200.0,13.0,1.2,0.5,0.3,3.0,IDLE,0.08,nan,0,0.05,20.0,0,unknown,unknown,nan,0,0.0,0,0.0051130760002706666,1,0.0003969409990531858,2.332800067961216e-05,0.0004727849991468247,3.894998371833935e-06,7.208000170066953e-06,1.4699980965815485e-07,4.700299905380234e-05,1.6209996829275042e-06,0.0010488520019862335,0.003951147998013767,0.004055782002978958,0,0,0,200.0,0.0,0,0.0,nan,nan,nan,,,,,unknown,unknown,nan,,nan,,1.0,0.0,0.0,nan,nan,0.0,0,,664495264,F04_M01_05,MDCEB22F,measured,baseline,0.5,,0,0,nan,nan,nan,nan,nan,-0.012082016309508725,0.0,0.03949357211907095,0.04130033119513079,1,0,0,0,ad4b715165e84dd399d377549dc111fb1309cda1260e23e9ee621d07fad63984,6ba3dffa4798388fb8057a608cfa40a0e24aeba9257d245b2d5103a1844d1115
4,1.8385879679990467,nan,PREP,,KFB_TIMING,kfb_timing,-0.009107434823051153,-0.0013197949337719571,0.10968199975453063,1,-28.279562542720438,0,0.3124935850816483,-0.0014108114275370046,0.454379548206369,0.312490132648737,-0.0014098486378602013,0.45435705483718497,-0.6229051156553924,0.4487072720328026,0.6800095896530302,-0.4351564616691309,-0.5965621506726017,0.1865956222037043,1.0255545042097274,200.0,13.0,1.2,0.5,0.3,3.0,IDLE,0.08,nan,0,0.05,20.0,0,unknown,unknown,nan,0,0.0,0,0.005148333999386523,1,0.00022946600074646994,1.1833999451482669e-05,0.00017363199731335044,8.379975042771548e-07,3.80200071958825e-06,1.1900192475877702e-07,1.862299905042164e-05,8.010028977878392e-07,0.0004885010021098424,0.004511498997890158,0.004655995002394775,0,0,0,200.0,0.0,0,0.0,nan,nan,nan,,,,,unknown,unknown,nan,,nan,,1.0,0.0,0.0,nan,nan,0.0,0,,669756489,F04_M01_05,MDCEB22F,measured,baseline,0.5,,0,0,nan,nan,nan,nan,nan,-0.01145255782769622,0.0,0.04000479482651509,0.04161183353216119,1,0,0,0,ad4b715165e84dd399d377549dc111fb1309cda1260e23e9ee621d07fad63984,6ba3dffa4798388fb8057a608cfa40a0e24aeba9257d245b2d5103a1844d1115
4,1.8437500020008883,nan,PREP,,KFB_TIMING,kfb_timing,-0.009052187142120693,-0.0013099643794292292,0.1096599319106751,1,-28.279562542720438,0,0.3124935850816483,-0.0014108114275370046,0.454379548206369,0.3124905629199214,-0.001409782480552165,0.45435534035696434,-0.5754359399342285,0.4415000236641133,0.6631581799963523,-0.43034726434820214,-0.5602244159992571,0.18570756991014897,0.9827652637122845,200.0,13.0,1.2,0.5,0.3,3.0,IDLE,0.08,nan,0,0.05,20.0,0,unknown,unknown,nan,0,0.0,0,0.0051620340018416755,1,0.0003272100002504885,2.0524003048194572e-05,0.00016068300101323985,1.4979996194597334e-06,5.016001523472369e-06,1.320004230365157e-07,2.9253002139739692e-05,1.1520023690536618e-06,0.000611985000432469,0.004388014999567531,0.004547214000922395,0,0,0,200.0,0.0,0,0.0,nan,nan,nan,,,,,unknown,unknown,nan,,nan,,1.0,0.0,0.0,nan,nan,0.0,0,,674747968,F04_M01_05,MDCEB22F,measured,baseline,0.5,,0,0,nan,nan,nan,nan,nan,0.0,0.0,0.03157908999817616,0.03157908999817616,1,0,0,0,ad4b715165e84dd399d377549dc111fb1309cda1260e23e9ee621d07fad63984,6ba3dffa4798388fb8057a608cfa40a0e24aeba9257d245b2d5103a1844d1115
4,1.8489111510025396,nan,PREP,,KFB_TIMING,kfb_timing,-0.008989911528356681,-0.001290367774549623,0.1096321703600791,1,-28.279562542720438,0,0.3124935850816483,-0.0014108114275370046,0.454379548206369,0.3124910701827379,-0.0014122508982956335,0.4543562806179296,-0.545767538985126,0.4350904836271464,0.6543349556420905,-0.4260586175441232,-0.5378051083317603,0.18501616035600743,0.956723664245806,200.0,13.0,1.2,0.5,0.3,3.0,IDLE,0.08,nan,0,0.05,20.0,0,unknown,unknown,nan,0,0.0,0,0.005161149001651211,1,0.0001515910007583443,1.950799924088642e-05,0.0001863610013970174,1.0549993021413684e-06,4.000998160336167e-06,1.270018401555717e-07,2.0696999854408205e-05,8.940005500335246e-07,0.0004330140000092797,0.00456698599999072,0.004724333997728536,0,0,0,200.0,0.0,0,0.0,nan,nan,nan,,,,,unknown,unknown,nan,,nan,,1.0,0.0,0.0,nan,nan,0.0,0,,680388434,F04_M01_05,MDCEB22F,measured,baseline,0.5,,0,0,nan,nan,nan,nan,nan,0.0,0.0,0.027167477821045283,0.027167477821045283,1,0,0,0,ad4b715165e84dd399d377549dc111fb1309cda1260e23e9ee621d07fad63984,6ba3dffa4798388fb8057a608cfa40a0e24aeba9257d245b2d5103a1844d1115
4,1.8540077690013277,nan,PREP,,KFB_TIMING,kfb_timing,-0.008927761052034938,-0.0012805207687927081,0.10960694525636588,1,-28.279562542720438,0,0.3124935850816483,-0.0014108114275370046,0.454379548206369,0.3124908428317151,-0.001411512802585225,0.45435690143037993,-0.5546869327233641,0.4323126077955904,0.6595944263694727,-0.42404186240937775,-0.5447896668948317,0.18515697514968577,0.9641766391542328,200.0,13.0,1.2,0.5,0.3,3.0,IDLE,0.08,nan,0,0.05,20.0,0,unknown,unknown,nan,0,0.0,0,0.005096617998788133,1,0.0003403490009077359,2.478600072208792e-05,0.00042024399954243563,1.3359967852011323e-06,6.000998837407678e-06,1.2399686966091394e-07,3.134199869236909e-05,1.2570017133839428e-06,0.0009230059986293782,0.004076994001370622,0.004165293998084962,0,0,0,200.0,0.0,0,0.0,nan,nan,nan,,,,,unknown,unknown,nan,,nan,,1.0,0.0,0.0,nan,nan,0.0,0,,685501779,F04_M01_05,MDCEB22F,measured,baseline,0.5,,0,0,nan,nan,nan,nan,nan,0.0,0.0,0.029797213184736382,0.029797213184736382,1,0,0,0,ad4b715165e84dd399d377549dc111fb1309cda1260e23e9ee621d07fad63984,6ba3dffa4798388fb8057a608cfa40a0e24aeba9257d245b2d5103a1844d1115
4,1.8591785000025993,nan,PREP,,KFB_TIMING,kfb_timing,-0.008872509439275617,-0.001270696503768761,0.10958478238314479,1,-28.279562542720438,0,0.3124935850816483,-0.0014108114275370046,0.454379548206369,0.31249049724540356,-0.0014096448309317512,0.45435463611274973,-0.5749478219522928,0.43097663316197055,0.6677249442536088,-0.4228704429794117,-0.5600712212069229,0.18565420673145955,0.9808988008341115,200.0,13.0,1.2,0.5,0.3,3.0,IDLE,0.08,nan,0,0.05,20.0,0,unknown,unknown,nan,0,0.0,0,0.005170731001271633,1,0.00048604900075588375,2.9111997719155625e-05,0.0003046349993383046,2.1649975678883493e-06,5.4159972933121026e-06,1.2499731383286417e-07,2.9253002139739692e-05,4.518999048741534e-06,0.0009404490010638256,0.0040595509989361745,0.00422557400088408,0,0,0,200.0,0.0,0,0.0,nan,nan,nan,,,,,unknown,unknown,nan,,nan,,1.0,0.0,0.0,nan,nan,0.0,0,,690598931,F04_M01_05,MDCEB22F,measured,baseline,0.5,,0,0,nan,nan,nan,nan,nan,0.0,0.0,0.03386247212680443,0.03386247212680443,1,0,0,0,ad4b715165e84dd399d377549dc111fb1309cda1260e23e9ee621d07fad63984,6ba3dffa4798388fb8057a608cfa40a0e24aeba9257d245b2d5103a1844d1115
4,1.8642901820021507,nan,PREP,,KFB_TIMING,kfb_timing,-0.008810355208268894,-0.0012608530479907858,0.10955948738273769,1,-28.279562542720438,0,0.3124935850816483,-0.0014108114275370046,0.454379548206369,0.3124905986378688,-0.0014110239236081127,0.454355322637311,-0.5942469577577432,0.42538039208689876,0.6741964252891113,-0.4190026172595722,-0.5742674554374553,0.18476265891389634,0.9942930879016272,200.0,13.0,1.2,0.5,0.3,3.0,IDLE,0.08,nan,0,0.05,20.0,0,unknown,unknown,nan,0,0.0,0,0.005111681999551365,1,0.00031973599834600464,3.2218998967437074e-05,0.00037549099943134934,1.9459985196590424e-06,5.979996785754338e-06,1.450025592930615e-07,3.3608997910050675e-05,1.3460012269206345e-06,0.0008684169988555368,0.004131583001144463,0.00423897599830525,0,0,0,200.0,0.0,0,0.0,nan,nan,nan,,,,,unknown,unknown,nan,,nan,,1.0,0.0,0.0,nan,nan,0.0,0,,695504481,F04_M01_05,MDCEB22F,measured,baseline,0.5,,0,0,nan,nan,nan,nan,nan,0.0,0.0,0.03709821264455565,0.03709821264455565,1,0,0,0,ad4b715165e84dd399d377549dc111fb1309cda1260e23e9ee621d07fad63984,6ba3dffa4798388fb8057a608cfa40a0e24aeba9257d245b2d5103a1844d1115
4,1.8693963949990575,nan,PREP,,KFB_TIMING,kfb_timing,-0.008748153633372113,-0.0012413563060964384,0.10953676857075788,1,-28.279562542720438,0,0.3124935850816483,-0.0014108114275370046,0.454379548206369,0.312490846944462,-0.0014116485647163697,0.45435692053910537,-0.612889104891976,0.424129523908407,0.6810007700865358,-0.41795699337481423,-0.5882820645421709,0.18508815244919458,1.0095944516510154,200.0,13.0,1.2,0.5,0.3,3.0,IDLE,0.08,nan,0,0.05,20.0,0,unknown,unknown,nan,0,0.0,0,0.005106212996906834,1,0.00038302000029943883,2.1526997443288565e-05,0.00016731199866626412,1.0789990483317524e-06,4.188997991150245e-06,1.2400050763972104e-07,2.0456001948332414e-05,8.429997251369059e-07,0.0006491079984698445,0.004350892001530156,0.00444696200065664,0,0,0,200.0,0.0,0,0.0,nan,nan,nan,,,,,unknown,unknown,nan,,nan,,1.0,0.0,0.0,nan,nan,0.0,0,,700510824,F04_M01_05,MDCEB22F,measured,baseline,0.5,,0,0,nan,nan,nan,nan,nan,-0.006444552445988017,0.0,0.04050038504326792,0.04100991885973502,1,0,0,0,ad4b715165e84dd399d377549dc111fb1309cda1260e23e9ee621d07fad63984,6ba3dffa4798388fb8057a608cfa40a0e24aeba9257d245b2d5103a1844d1115
4,1.8745039599998563,nan,PREP,,KFB_TIMING,kfb_timing,-0.00867904901376687,-0.0012218419774406978,0.10951090008806628,1,-28.279562542720438,0,0.3124935850816483,-0.0014108114275370046,0.454379548206369,0.31249025756920745,-0.0014114963212171188,0.45435664842125084,-0.6244366254612826,0.4262077706145446,0.6839202614243485,-0.4190834617119298,-0.5966359790991453,0.18619194965264796,1.0194709838619458,200.0,13.0,1.2,0.5,0.3,3.0,IDLE,0.08,nan,0,0.05,20.0,0,unknown,unknown,nan,0,0.0,0,0.005107565000798786,1,0.00026372199863544665,1.97669978660997e-05,0.00017274899801122956,9.249997674487531e-07,4.70700251753442e-06,1.6500052879564464e-07,2.272200072184205e-05,1.2169984984211624e-06,0.0005517320023500361,0.004448267997649964,0.004546055999526288,0,0,0,200.0,0.0,0,0.0,nan,nan,nan,,,,,unknown,unknown,nan,,nan,,1.0,0.0,0.0,nan,nan,0.0,0,,706119829,F04_M01_05,MDCEB22F,measured,baseline,0.5,,0,0,nan,nan,nan,nan,nan,-0.012218312730641334,0.0,0.04196013071217425,0.0437028572906452,1,0,0,0,ad4b715165e84dd399d377549dc111fb1309cda1260e23e9ee621d07fad63984,6ba3dffa4798388fb8057a608cfa40a0e24aeba9257d245b2d5103a1844d1115
4,1.8796208019994083,nan,PREP,,KFB_TIMING,kfb_timing,-0.00860288260504627,-0.001182919296962621,0.10948190659481062,1,-28.279562542720438,0,0.3124935850816483,-0.0014108114275370046,0.454379548206369,0.3124912391854696,-0.001409790150058726,0.4543563942240133,-0.6300692449541869,0.4273890639151794,0.6852329677535092,-0.4196930875487077,-0.6007562137579897,0.18662933103555468,1.0243011693284911,200.0,13.0,1.2,0.5,0.3,3.0,IDLE,0.08,nan,0,0.05,20.0,0,unknown,unknown,nan,0,0.0,0,0.00511684199955198,1,0.0002234189996670466,0.00011418799840612337,0.0004956220000167377,5.685000360244885e-06,1.5162997442530468e-05,3.630011633504182e-07,9.70859982771799e-05,3.697001375257969e-06,0.0011280540020379703,0.0038719459979620298,0.003982602000178304,0,0,0,200.0,0.0,0,0.0,nan,nan,nan,,,,,unknown,unknown,nan,,nan,,1.0,0.0,0.0,nan,nan,0.0,0,,711104485,F04_M01_05,MDCEB22F,measured,baseline,0.5,,0,0,nan,nan,nan,nan,nan,-0.015034622477093473,0.0,0.042616483876754596,0.04519075758433807,1,0,0,0,ad4b715165e84dd399d377549dc111fb1309cda1260e23e9ee621d07fad63984,6ba3dffa4798388fb8057a608cfa40a0e24aeba9257d245b2d5103a1844d1115
4,1.884693904001324,nan,PREP,,KFB_TIMING,kfb_timing,-0.00851997196365728,-0.0011633748976984928,0.10944969591229306,1,-28.279562542720438,0,0.3124935850816483,-0.0014108114275370046,0.454379548206369,0.312490027937594,-0.0014111901247730397,0.45435572505487876,-0.6330898549141917,0.4295437031996243,0.6858385853871498,-0.4210419463977648,-0.6029618786313442,0.18688874391960983,1.027465387523865,200.0,13.0,1.2,0.5,0.3,3.0,IDLE,0.08,nan,0,0.05,20.0,0,unknown,unknown,nan,0,0.0,0,0.005073102001915686,1,0.0002974300005007535,5.17980006407015e-05,0.00040517200250178576,2.963999577332288e-06,1.1498999811010435e-05,3.9999940781854093e-07,5.944599979557097e-05,2.329001290490851e-06,0.0009579400029906537,0.004042059997009346,0.00410763699983363,0,0,0,200.0,0.0,0,0.0,nan,nan,nan,,,,,unknown,unknown,nan,,nan,,1.0,0.0,0.0,nan,nan,0.0,0,,716088371,F04_M01_05,MDCEB22F,measured,baseline,0.5,,0,0,nan,nan,nan,nan,nan,-0.016544927457095848,0.0,0.04291929269357492,0.04599782940397642,1,0,0,0,ad4b715165e84dd399d377549dc111fb1309cda1260e23e9ee621d07fad63984,6ba3dffa4798388fb8057a608cfa40a0e24aeba9257d245b2d5103a1844d1115
4,1.8897640790019068,nan,PREP,,KFB_TIMING,kfb_timing,-0.008443919062209315,-0.001134198995448701,0.10942315499324215,1,-28.279562542720438,0,0.3124935850816483,-0.0014108114275370046,0.454379548206369,0.31249008137970774,-0.0014116257405457633,0.454355155983504,-0.6363944893446567,0.43343757642944114,0.6846588554279505,-0.42360068984810595,-0.6048347185926424,0.18717937303371085,1.0303513124392016,200.0,13.0,1.2,0.5,0.3,3.0,IDLE,0.08,nan,0,0.05,20.0,0,unknown,unknown,nan,0,0.0,0,0.005070175000582822,1,0.0002335760000278242,4.299299689591862e-05,0.0003576870003598742,4.031000571558252e-06,1.2420998245943338e-05,3.540008037816733e-07,7.32769985916093e-05,2.7229980332776904e-06,0.0008824379983707331,0.004117562001629267,0.004179987998213619,0,0,0,200.0,0.0,0,0.0,nan,nan,nan,,,,,unknown,unknown,nan,,nan,,1.0,0.0,0.0,nan,nan,0.0,0,,720762159,F04_M01_05,MDCEB22F,measured,baseline,0.5,,0,0,nan,nan,nan,nan,nan,-0.01819724467232836,0.0,0.04232942771397524,0.04607515777788762,1,0,0,0,ad4b715165e84dd399d377549dc111fb1309cda1260e23e9ee621d07fad63984,6ba3dffa4798388fb8057a608cfa40a0e24aeba9257d245b2d5103a1844d1115
4,1.8948265770013677,nan,PREP,,KFB_TIMING,kfb_timing,-0.008361044580560584,-0.001124318118014633,0.10938820671360203,1,-28.279562542720438,0,0.3124935850816483,-0.0014108114275370046,0.454379548206369,0.31249014701678923,-0.0014118682460661815,0.4543564458398121,-0.636545045111438,0.43777645595447956,0.6836725276087514,-0.4265423725514477,-0.6047643358091669,0.18727375918929393,1.031622966422775,200.0,13.0,1.2,0.5,0.3,3.0,IDLE,0.08,nan,0,0.05,20.0,0,unknown,unknown,nan,0,0.0,0,0.005062497999460902,1,0.00016894600048544817,3.1238003430189565e-05,0.00012413999866112135,1.93000232684426e-06,5.628000508295372e-06,1.2800228432752192e-07,2.6880999939749017e-05,3.827000909950584e-06,0.00044147199878352694,0.004558528001216473,0.004616900001565227,0,0,0,200.0,0.0,0,0.0,nan,nan,nan,,,,,unknown,unknown,nan,,nan,,1.0,0.0,0.0,nan,nan,0.0,0,,726014587,F04_M01_05,MDCEB22F,measured,baseline,0.5,,0,0,nan,nan,nan,nan,nan,-0.018272522555718984,0.0,0.04183626380437572,0.045652579879548724,1,0,0,0,ad4b715165e84dd399d377549dc111fb1309cda1260e23e9ee621d07fad63984,6ba3dffa4798388fb8057a608cfa40a0e24aeba9257d245b2d5103a1844d1115
4,1.8998872590018436,nan,PREP,,KFB_TIMING,kfb_timing,-0.008285028573369768,-0.0011048052415896879,0.1093589385686397,1,-28.279562542720438,0,0.3124935850816483,-0.0014108114275370046,0.454379548206369,0.3124905668954171,-0.0014120247007629013,0.45435831629979684,-0.6382413846598771,0.4466443403148719,0.682121196862708,-0.43247150385923655,-0.6056269874809987,0.1885546737070044,1.0354383414946915,200.0,13.0,1.2,0.5,0.3,3.0,IDLE,0.08,nan,0,0.05,20.0,0,unknown,unknown,nan,0,0.0,0,0.005060682000475936,1,0.00033001900010276586,2.1348001610022038e-05,0.00017381499856128357,2.5279987312387675e-06,4.493002052186057e-06,1.1700103641487658e-07,3.078199733863585e-05,1.305001205764711e-06,0.0006326559996523429,0.004367344000347657,0.004425492999871494,0,0,0,200.0,0.0,0,0.0,nan,nan,nan,,,,,unknown,unknown,nan,,nan,,1.0,0.0,0.0,nan,nan,0.0,0,,731000732,F04_M01_05,MDCEB22F,measured,baseline,0.5,,0,0,nan,nan,nan,nan,nan,-0.01912069232993857,0.0,0.04106059843135401,0.04529430006874025,1,0,0,0,ad4b715165e84dd399d377549dc111fb1309cda1260e23e9ee621d07fad63984,6ba3dffa4798388fb8057a608cfa40a0e24aeba9257d245b2d5103a1844d1115
4,1.904945714999485,nan,PREP,,KFB_TIMING,kfb_timing,-0.008202106953783483,-0.001085278077579996,0.10932647126822605,1,-28.279562542720438,0,0.3124935850816483,-0.0014108114275370046,0.454379548206369,0.3124900503266058,-0.001409470989321134,0.4543557501906326,-0.6349984164129745,0.45195820916562024,0.6782890475554666,-0.4361260762712781,-0.6026087537517021,0.1887950724974052,1.0332304891518067,200.0,13.0,1.2,0.5,0.3,3.0,IDLE,0.08,nan,0,0.05,20.0,0,unknown,unknown,nan,0,0.0,0,0.005058455997641431,1,0.00026568899920675904,1.64379998750519e-05,0.00019181999959982932,1.1109987099189311e-06,3.826000465778634e-06,1.180014805868268e-07,2.0964002032997087e-05,7.569979061372578e-07,0.0005485869987751357,0.004451413001224864,0.004507735000515822,0,0,0,200.0,0.0,0,0.0,nan,nan,nan,,,,,unknown,unknown,nan,,nan,,1.0,0.0,0.0,nan,nan,0.0,0,,736007650,F04_M01_05,MDCEB22F,measured,baseline,0.5,,0,0,nan,nan,nan,nan,nan,-0.01749920820648726,0.0,0.03914452377773331,0.042877920071285165,1,0,0,0,ad4b715165e84dd399d377549dc111fb1309cda1260e23e9ee621d07fad63984,6ba3dffa4798388fb8057a608cfa40a0e24aeba9257d245b2d5103a1844d1115
4,1.9100187479998567,nan,PREP,,KFB_TIMING,kfb_timing,-0.008112219589667957,-0.0010656656405410993,0.10928560970645818,1,-28.279562542720438,0,0.3124935850816483,-0.0014108114275370046,0.454379548206369,0.31249064138909405,-0.0014115707903813654,0.45435742808088164,-0.6347276503687357,0.45568554448689047,0.6788715578009483,-0.43873702350281363,-0.6028510089995992,0.18865592368317788,1.035082169486083,200.0,13.0,1.2,0.5,0.3,3.0,IDLE,0.08,nan,0,0.05,20.0,0,unknown,unknown,nan,0,0.0,0,0.005073033000371652,1,0.00022065300072426908,1.594999775988981e-05,0.00017235300038009882,1.6000012692529708e-06,4.213001375319436e-06,1.1199881555512547e-07,2.7905000024475157e-05,9.229988791048527e-07,0.0005032620028941892,0.004496737997105811,0.004563604001305066,0,0,0,200.0,0.0,0,0.0,nan,nan,nan,,,,,unknown,unknown,nan,,nan,,1.0,0.0,0.0,nan,nan,0.0,0,,741582197,F04_M01_05,MDCEB22F,measured,baseline,0.5,,0,0,nan,nan,nan,nan,nan,-0.017363825184367854,0.0,0.03943577890047417,0.04308924555524698,1,0,0,0,ad4b715165e84dd399d377549dc111fb1309cda1260e23e9ee621d07fad63984,6ba3dffa4798388fb8057a608cfa40a0e24aeba9257d245b2d5103a1844d1115
4,1.915091366001434,nan,PREP,,KFB_TIMING,kfb_timing,-0.008015527790325383,-0.0010557645151454008,0.1092440890867163,1,-28.279562542720438,0,0.3124935850816483,-0.0014108114275370046,0.454379548206369,0.31249068426709875,-0.0014117813410921363,0.4543568388973128,-0.6364856944239375,0.4634301518065749,0.677548973325976,-0.44381207854986615,-0.6038375588288225,0.19015527372495195,1.0387271807673424,200.0,13.0,1.2,0.5,0.3,3.0,IDLE,0.08,nan,0,0.05,20.0,0,unknown,unknown,nan,0,0.0,0,0.0050726180015772115,1,0.00048429000162286684,4.226199962431565e-05,0.0002604869987408165,3.234999894630164e-06,1.2857999536208808e-05,3.6399796954356134e-07,6.130099791334942e-05,2.739001502050087e-06,0.0010399400016467553,0.003960059998353245,0.004026110997074284,0,0,0,200.0,0.0,0,0.0,nan,nan,nan,,,,,unknown,unknown,nan,,nan,,1.0,0.0,0.0,nan,nan,0.0,0,,746579545,F04_M01_05,MDCEB22F,measured,baseline,0.5,,0,0,nan,nan,nan,nan,nan,-0.018242847211968782,0.0,0.038774486662987995,0.042851631128551816,1,0,0,0,ad4b715165e84dd399d377549dc111fb1309cda1260e23e9ee621d07fad63984,6ba3dffa4798388fb8057a608cfa40a0e24aeba9257d245b2d5103a1844d1115
4,1.9201832870021462,nan,PREP,,KFB_TIMING,kfb_timing,-0.00791197115585221,-0.0010554971243605523,0.10919671239014071,1,-28.279562542720438,0,0.3124935850816483,-0.0014108114275370046,0.454379548206369,0.31249106553687445,-0.0014122583105401904,0.4543555157883789,-0.6381326613104753,0.4666439391207786,0.6763085761958672,-0.4458690114059934,-0.6047206694756612,0.1906622010795472,1.040366834143336,200.0,13.0,1.2,0.5,0.3,3.0,IDLE,0.08,nan,0,0.05,20.0,0,unknown,unknown,nan,0,0.0,0,0.005091921000712318,1,0.0003931659994123038,4.6924000344006345e-05,0.00027344300178810954,3.48799949279055e-06,1.282599987462163e-05,3.4099866752512753e-07,6.83229991409462e-05,2.6609995984472334e-06,0.0009713059989735484,0.004028694001026452,0.004112926999368938,0,0,0,200.0,0.0,0,0.0,nan,nan,nan,,,,,unknown,unknown,nan,,nan,,1.0,0.0,0.0,nan,nan,0.0,0,,751623583,F04_M01_05,MDCEB22F,measured,baseline,0.5,,0,0,nan,nan,nan,nan,nan,-0.019066330655237662,0.0,0.038154288097933586,0.04265295610992246,1,0,0,0,ad4b715165e84dd399d377549dc111fb1309cda1260e23e9ee621d07fad63984,6ba3dffa4798388fb8057a608cfa40a0e24aeba9257d245b2d5103a1844d1115
4,1.9253036830014025,nan,PREP,,KFB_TIMING,kfb_timing,-0.0078084128885700654,-0.0010552291656890287,0.10914923439182886,1,-28.279562542720438,0,0.3124935850816483,-0.0014108114275370046,0.454379548206369,0.3124908539153113,-0.0014101060129922266,0.4543569110565183,-0.6356575183284974,0.4714662685861033,0.674375825785057,-0.44889789732416985,-0.6026832191272572,0.1921794932312172,1.0397709735443308,200.0,13.0,1.2,0.5,0.3,3.0,IDLE,0.08,nan,0,0.05,20.0,0,unknown,unknown,nan,0,0.0,0,0.005120395999256289,1,0.00029958999948576093,4.9457998102298006e-05,0.00027234899971517734,4.581001121550798e-06,1.660799898672849e-05,3.579989424906671e-07,8.124899977701716e-05,3.4469994716346264e-06,0.0009360969997942448,0.004063903000205755,0.004174858000624226,0,0,0,200.0,0.0,0,0.0,nan,nan,nan,,,,,unknown,unknown,nan,,nan,,1.0,0.0,0.0,nan,nan,0.0,0,,756519895,F04_M01_05,MDCEB22F,measured,baseline,0.5,,0,0,nan,nan,nan,nan,nan,-0.017828759164248698,0.0,0.037187912892528485,0.04124082344763582,1,0,0,0,ad4b715165e84dd399d377549dc111fb1309cda1260e23e9ee621d07fad63984,6ba3dffa4798388fb8057a608cfa40a0e24aeba9257d245b2d5103a1844d1115
4,1.9304044939999585,nan,PREP,,KFB_TIMING,kfb_timing,-0.007711757168157363,-0.001054978558347889,0.10910483015685951,1,-28.279562542720438,0,0.3124935850816483,-0.0014108114275370046,0.454379548206369,0.3124906469128309,-0.0014098489646684805,0.4543546751994086,-0.6789152829793805,0.47411523395767485,0.6862109826203129,-0.45082766972864424,-0.6348726796292844,0.1929694441359975,1.07545187209956,200.0,13.0,1.2,0.5,0.3,3.0,IDLE,0.08,nan,0,0.05,20.0,0,unknown,unknown,nan,0,0.0,0,0.005100810998555971,1,0.0003845210012514144,2.4237000616267323e-05,0.00013042499995208345,2.0419975044205785e-06,5.458998202811927e-06,1.4200122677721083e-07,3.659000140032731e-05,3.3430005714762956e-06,0.0006692030001431704,0.00433079699985683,0.004424849001225084,0,0,0,200.0,0.0,0,0.0,nan,nan,nan,,,,,unknown,unknown,nan,,nan,,1.0,0.0,0.0,nan,nan,0.0,0,,761495260,F04_M01_05,MDCEB22F,measured,baseline,0.5,,0,0,nan,nan,nan,nan,nan,-0.039457641489690276,0.0,0.04310549131015645,0.05843790596024896,1,0,0,0,ad4b715165e84dd399d377549dc111fb1309cda1260e23e9ee621d07fad63984,6ba3dffa4798388fb8057a608cfa40a0e24aeba9257d245b2d5103a1844d1115
4,1.9355124050016457,nan,PREP,,KFB_TIMING,kfb_timing,-0.007601338886688291,-0.0010643319073740708,0.10905136963493792,1,-28.279562542720438,0,0.3124935850816483,-0.0014108114275370046,0.454379548206369,0.312490265269645,-0.0014119903561672364,0.45435439828855695,-0.7022851930422789,0.47695617473762925,0.6909303720686499,-0.4529912121274847,-0.6518585976451292,0.19441128130422886,1.0945667928608587,200.0,13.0,1.2,0.5,0.3,3.0,IDLE,0.08,nan,0,0.05,20.0,0,unknown,unknown,nan,0,0.0,0,0.005107911001687171,1,0.0002604080000310205,1.452599826734513e-05,0.0001734830002533272,1.3450007827486843e-06,4.051998985232785e-06,1.1600059224292636e-07,2.2946998797124252e-05,8.440001693088561e-07,0.0005278280004858971,0.004472171999514103,0.004568280000967206,0,0,0,200.0,0.0,0,0.0,nan,nan,nan,,,,,unknown,unknown,nan,,nan,,1.0,0.0,0.0,nan,nan,0.0,0,,767087626,F04_M01_05,MDCEB22F,measured,baseline,0.5,,0,0,nan,nan,nan,nan,nan,-0.05114259652113945,0.0,0.04546518603432498,0.0684298788546337,1,0,0,0,ad4b715165e84dd399d377549dc111fb1309cda1260e23e9ee621d07fad63984,6ba3dffa4798388fb8057a608cfa40a0e24aeba9257d245b2d5103a1844d1115
4,1.9406241130018316,nan,PREP,,KFB_TIMING,kfb_timing,-0.007484018626374073,-0.0010736605474373382,0.10899460461971244,1,-28.279562542720438,0,0.3124935850816483,-0.0014108114275370046,0.454379548206369,0.31249016276229363,-0.0014109975570718936,0.4543564535429244,-0.6940239031524178,0.47488574903810665,0.6874233844972283,-0.45192478971294303,-0.6455484752160652,0.19484060546087606,1.0861567853399547,200.0,13.0,1.2,0.5,0.3,3.0,IDLE,0.08,nan,0,0.05,20.0,0,unknown,unknown,nan,0,0.0,0,0.0051117080001858994,1,0.0004248409968568012,3.832599759334698e-05,0.0003801419989031274,2.888002200052142e-06,1.2712000170722604e-05,3.8300277083180845e-07,5.973999941488728e-05,2.5360022846143693e-06,0.0010498099982214626,0.0039501900017785375,0.004056418001709972,0,0,0,200.0,0.0,0,0.0,nan,nan,nan,,,,,unknown,unknown,nan,,nan,,1.0,0.0,0.0,nan,nan,0.0,0,,772086149,F04_M01_05,MDCEB22F,measured,baseline,0.5,,0,0,nan,nan,nan,nan,nan,-0.04701195157620891,0.0,0.043711692248614153,0.06419373513234267,1,0,0,0,ad4b715165e84dd399d377549dc111fb1309cda1260e23e9ee621d07fad63984,6ba3dffa4798388fb8057a608cfa40a0e24aeba9257d245b2d5103a1844d1115
4,1.9456840550010384,nan,PREP,,KFB_TIMING,kfb_timing,-0.007366609149333514,-0.001073277458328108,0.10893513858308995,1,-28.279562542720438,0,0.3124935850816483,-0.0014108114275370046,0.454379548206369,0.3124909274358554,-0.001410141888088138,0.45435546269558835,-0.67319585600462,0.4741049396046775,0.6788620756491058,-0.45156180614197955,-0.6295282355728166,0.19588304662956257,1.0671559736298908,200.0,13.0,1.2,0.5,0.3,3.0,IDLE,0.08,nan,0,0.05,20.0,0,unknown,unknown,nan,0,0.0,0,0.005059941999206785,1,0.0003056429995922372,5.8382000133860856e-05,0.00035611500061349943,3.269997250754386e-06,1.2291999155422673e-05,3.770001058001071e-07,6.163999933050945e-05,2.474000211805105e-06,0.0009387239988427609,0.004061276001157239,0.004118504002690315,0,0,0,200.0,0.0,0,0.0,nan,nan,nan,,,,,unknown,unknown,nan,,nan,,1.0,0.0,0.0,nan,nan,0.0,0,,776754717,F04_M01_05,MDCEB22F,measured,baseline,0.5,,0,0,nan,nan,nan,nan,nan,-0.03659792800230999,0.0,0.03943103782455293,0.053797909606076603,1,0,0,0,ad4b715165e84dd399d377549dc111fb1309cda1260e23e9ee621d07fad63984,6ba3dffa4798388fb8057a608cfa40a0e24aeba9257d245b2d5103a1844d1115
4,1.9507535850025306,nan,PREP,,KFB_TIMING,kfb_timing,-0.007263155364504642,-0.0010922624747133495,0.10888191836097391,1,-28.279562542720438,0,0.3124935850816483,-0.0014108114275370046,0.454379548206369,0.31249016560265164,-0.0014102051359774588,0.4543554493580868,-0.6539891801020299,0.4728278207731537,0.6697111198853676,-0.45075532125545326,-0.6144395728389653,0.19681744734899095,1.0487044292295746,200.0,13.0,1.2,0.5,0.3,3.0,IDLE,0.08,nan,0,0.05,20.0,0,unknown,unknown,nan,0,0.0,0,0.0050695300014922395,1,0.00022547600019606762,1.3177999790059403e-05,0.0001934590000018943,1.1400006769690663e-06,3.869001375278458e-06,1.1200245353393257e-07,2.0193001546431333e-05,7.460002962034196e-07,0.0005049719984526746,0.0044950280015473255,0.004559831999358721,0,0,0,200.0,0.0,0,0.0,nan,nan,nan,,,,,unknown,unknown,nan,,nan,,1.0,0.0,0.0,nan,nan,0.0,0,,782075983,F04_M01_05,MDCEB22F,measured,baseline,0.5,,0,0,nan,nan,nan,nan,nan,-0.026994590051014955,0.0,0.0348555599426838,0.04408648263289303,1,0,0,0,ad4b715165e84dd399d377549dc111fb1309cda1260e23e9ee621d07fad63984,6ba3dffa4798388fb8057a608cfa40a0e24aeba9257d245b2d5103a1844d1115
4,1.955821745999856,nan,PREP,,KFB_TIMING,kfb_timing,-0.007145845463392947,-0.001101570623405614,0.1088247791589946,1,-28.28571428571429,0,0.3124935850816483,-0.0014108114275370046,0.454379548206369,0.312490385105029,-0.001411997767326532,0.4543552684676607,-0.6378041530041655,0.4686356729901283,0.6653779744620886,-0.4479125402054201,-0.6027351587932487,0.1968568839714157,1.033992930579094,200.0,13.0,1.2,0.5,0.3,3.0,IDLE,0.08,nan,0,0.05,20.0,0,unknown,unknown,nan,0,0.0,0,0.005068160997325322,1,0.0002020619976974558,3.894499968737364e-05,0.0003570179978851229,2.583001332823187e-06,1.0599000233924016e-05,3.400018613319844e-07,5.925100049353205e-05,2.3190004867501557e-06,0.0007963649986777455,0.004203635001322255,0.004264609997335356,0,0,0,200.0,0.0,0,0.0,nan,nan,nan,,,,,unknown,unknown,nan,,nan,,1.0,0.0,0.0,nan,nan,0.0,0,,787021424,F04_M01_05,MDCEB22F,measured,baseline,0.5,,0,0,nan,nan,nan,nan,nan,-0.018902076502082754,0.0,0.0326889872310443,0.03776054001576204,1,0,0,0,ad4b715165e84dd399d377549dc111fb1309cda1260e23e9ee621d07fad63984,6ba3dffa4798388fb8057a608cfa40a0e24aeba9257d245b2d5103a1844d1115
4,1.9608838000021933,nan,PREP,,KFB_TIMING,kfb_timing,-0.007042403636813854,-0.0011205330957409598,0.1087713428939962,1,-28.28571428571429,0,0.3124935850816483,-0.0014108114275370046,0.454379548206369,0.3124903154163396,-0.0014108547425525876,0.45435452937916093,-0.6299506543110243,0.4671530210443551,0.6602659664978808,-0.44678723201541504,-0.5962581430878056,0.1974631192282758,1.025193112761267,200.0,13.0,1.2,0.5,0.3,3.0,IDLE,0.08,nan,0,0.05,20.0,0,unknown,unknown,nan,0,0.0,0,0.0050620540023373906,1,0.00034860000232583843,2.9771999834338203e-05,0.00015172600251389667,2.5520021154079586e-06,5.333000444807112e-06,1.2100281310267746e-07,2.8407001082086936e-05,1.209999027196318e-06,0.0006422320002457127,0.004357767999754287,0.004416054001922021,0,0,0,200.0,0.0,0,0.0,nan,nan,nan,,,,,unknown,unknown,nan,,nan,,1.0,0.0,0.0,nan,nan,0.0,0,,792007964,F04_M01_05,MDCEB22F,measured,baseline,0.5,,0,0,nan,nan,nan,nan,nan,-0.014975327155512141,0.0,0.030132983248940426,0.033649028260791476,1,0,0,0,ad4b715165e84dd399d377549dc111fb1309cda1260e23e9ee621d07fad63984,6ba3dffa4798388fb8057a608cfa40a0e24aeba9257d245b2d5103a1844d1115
4,1.965942618000554,nan,PREP,,KFB_TIMING,kfb_timing,-0.006918198138857551,-0.0011298050990588696,0.10871073258136205,1,-28.28571428571429,0,0.3124935850816483,-0.0014108114275370046,0.454379548206369,0.31248998220660484,-0.0014095858863875438,0.4543544623605529,-0.6248866518987933,0.46637813053276944,0.6576296809645188,-0.4462003014193604,-0.5923808249589966,0.197943400519467,1.0200336688786402,200.0,13.0,1.2,0.5,0.3,3.0,IDLE,0.08,nan,0,0.05,20.0,0,unknown,unknown,nan,0,0.0,0,0.00505881799836061,1,0.00027591499747359194,2.0489998860284686e-05,0.00017918400044436567,1.5320001693908125e-06,4.0760023694019765e-06,1.360021997243166e-07,2.2340998839354143e-05,2.9579969123005867e-06,0.0005627350001304876,0.0044372649998695125,0.004493780001212144,0,0,0,200.0,0.0,0,0.0,nan,nan,nan,,,,,unknown,unknown,nan,,nan,,1.0,0.0,0.0,nan,nan,0.0,0,,797019770,F04_M01_05,MDCEB22F,measured,baseline,0.5,,0,0,nan,nan,nan,nan,nan,-0.012443325949396677,0.0,0.028814840482259407,0.03138680284293041,1,0,0,0,ad4b715165e84dd399d377549dc111fb1309cda1260e23e9ee621d07fad63984,6ba3dffa4798388fb8057a608cfa40a0e24aeba9257d245b2d5103a1844d1115
4,1.971001382000395,nan,PREP,,KFB_TIMING,kfb_timing,-0.006800811844496629,-0.0011293993746342768,0.10865064068405035,1,-28.28571428571429,0,0.3124935850816483,-0.0014108114275370046,0.454379548206369,0.31249063537419086,-0.0014109708686347224,0.4543566533398119,-0.6197676885443215,0.4655282733885536,0.6558329446968918,-0.4457060050542302,-0.5886520259872245,0.1980761490245372,1.0153548209554606,200.0,13.0,1.2,0.5,0.3,3.0,IDLE,0.08,nan,0,0.05,20.0,0,unknown,unknown,nan,0,0.0,0,0.005058763999841176,1,0.00023961300030350685,1.876299938885495e-05,0.00015116200302145444,3.159999323543161e-06,4.521996743278578e-06,1.1799784260801971e-07,3.403700247872621e-05,8.809984137769789e-07,0.0005244899984973017,0.004475510001502698,0.004532102000666782,0,0,0,200.0,0.0,0,0.0,nan,nan,nan,,,,,unknown,unknown,nan,,nan,,1.0,0.0,0.0,nan,nan,0.0,0,,802005037,F04_M01_05,MDCEB22F,measured,baseline,0.5,,0,0,nan,nan,nan,nan,nan,-0.009883844272160769,0.0,0.02791647234844591,0.02961452018820954,1,0,0,0,ad4b715165e84dd399d377549dc111fb1309cda1260e23e9ee621d07fad63984,6ba3dffa4798388fb8057a608cfa40a0e24aeba9257d245b2d5103a1844d1115
4,1.9760603230024572,nan,PREP,,KFB_TIMING,kfb_timing,-0.006690421017505499,-0.001138699557743724,0.10859623059998902,1,-28.28571428571429,0,0.3124935850816483,-0.0014108114275370046,0.454379548206369,0.31249052034017527,-0.0014106114800479458,0.45435604045734057,-0.6173267404305706,0.46218779975399826,0.6546350200661756,-0.44360560447184116,-0.5867225631266938,0.19704357429007516,1.0115616027653072,200.0,13.0,1.2,0.5,0.3,3.0,IDLE,0.08,nan,0,0.05,20.0,0,unknown,unknown,nan,0,0.0,0,0.005058941002062056,1,0.00015572300253552385,1.4896999346092343e-05,0.00018152600023313425,9.799987310543656e-07,3.992001438746229e-06,1.2300006346777081e-07,2.097000106004998e-05,8.180031727533787e-07,0.00043877899952349253,0.004561221000476508,0.004617464997863863,0,0,0,200.0,0.0,0,0.0,nan,nan,nan,,,,,unknown,unknown,nan,,nan,,1.0,0.0,0.0,nan,nan,0.0,0,,807271768,F04_M01_05,MDCEB22F,measured,baseline,0.5,,0,0,nan,nan,nan,nan,nan,-0.008663370215285293,0.0,0.0273175100330878,0.028658338016970646,1,0,0,0,ad4b715165e84dd399d377549dc111fb1309cda1260e23e9ee621d07fad63984,6ba3dffa4798388fb8057a608cfa40a0e24aeba9257d245b2d5103a1844d1115
4,1.9811215510017064,nan,PREP,,KFB_TIMING,kfb_timing,-0.0065870030069063445,-0.001157622333300506,0.10854234874812992,1,-28.28571428571429,0,0.3124935850816483,-0.0014108114275370046,0.454379548206369,0.3124905015078662,-0.001409558432162135,0.45435775198253225,-0.618439677765275,0.46280646101039,0.65495042478058,-0.4440719073605011,-0.587542076885432,0.19681988846299134,1.0127277592263584,200.0,13.0,1.2,0.5,0.3,3.0,IDLE,0.08,nan,0,0.05,20.0,0,unknown,unknown,nan,0,0.0,0,0.00506122799924924,1,0.0003793560026679188,1.381499896524474e-05,0.0001765570013958495,1.0369985830038786e-06,4.213001375319436e-06,1.3100361684337258e-07,2.052899799309671e-05,9.350005711894482e-07,0.000646341999527067,0.004353658000472933,0.004411631001858041,0,0,0,200.0,0.0,0,0.0,nan,nan,nan,,,,,unknown,unknown,nan,,nan,,1.0,0.0,0.0,nan,nan,0.0,0,,812268521,F04_M01_05,MDCEB22F,measured,baseline,0.5,,0,0,nan,nan,nan,nan,nan,-0.009219838882637499,0.0,0.027475212390289994,0.02898090276222152,1,0,0,0,ad4b715165e84dd399d377549dc111fb1309cda1260e23e9ee621d07fad63984,6ba3dffa4798388fb8057a608cfa40a0e24aeba9257d245b2d5103a1844d1115
4,1.9862091950017202,nan,PREP,,KFB_TIMING,kfb_timing,-0.006490565204222254,-0.001186157732906392,0.1084890146453405,1,-28.28571428571429,0,0.3124935850816483,-0.0014108114275370046,0.454379548206369,0.31249124359191516,-0.001410914847293816,0.45435636791221296,-0.6207576721356647,0.46313610596609267,0.6568277326208288,-0.44420705272540095,-0.5897019454775494,0.19632077373615303,1.015508646198812,200.0,13.0,1.2,0.5,0.3,3.0,IDLE,0.08,nan,0,0.05,20.0,0,unknown,unknown,nan,0,0.0,0,0.0050876440000138246,1,0.0002864880007109605,1.732300006551668e-05,0.00019779700232902542,1.0809999366756529e-06,4.282999725546688e-06,1.2300006346777081e-07,2.168200080632232e-05,8.120005077216774e-07,0.0005826769993291236,0.0044173230006708765,0.004491977997531649,0,0,0,200.0,0.0,0,0.0,nan,nan,nan,,,,,unknown,unknown,nan,,nan,,1.0,0.0,0.0,nan,nan,0.0,0,,817269727,F04_M01_05,MDCEB22F,measured,baseline,0.5,,0,0,nan,nan,nan,nan,nan,-0.010378836067832353,0.0,0.028413866310414426,0.03025009151769696,1,0,0,0,ad4b715165e84dd399d377549dc111fb1309cda1260e23e9ee621d07fad63984,6ba3dffa4798388fb8057a608cfa40a0e24aeba9257d245b2d5103a1844d1115
4,1.9913324040026055,nan,PREP,,KFB_TIMING,kfb_timing,-0.006387311489913172,-0.0012242522796001543,0.10842972409113377,1,-28.28571428571429,0,0.3124935850816483,-0.0014108114275370046,0.454379548206369,0.31249069211020347,-0.0014118076986305208,0.45435685985327334,-0.6221706774755135,0.464619397339084,0.6567044576761432,-0.4450932564102056,-0.5907333874536964,0.19599529090074858,1.0169701475588113,200.0,13.0,1.2,0.5,0.3,3.0,IDLE,0.08,nan,0,0.05,20.0,0,unknown,unknown,nan,0,0.0,0,0.005123209000885254,1,0.00022371199884219095,1.532500027678907e-05,0.00017296700025326572,1.5379991964437068e-06,4.916997568216175e-06,1.490006980020553e-07,2.4905002646846697e-05,9.499999578110874e-07,0.0004996489988116082,0.004500351001188392,0.004617078997398494,0,0,0,200.0,0.0,0,0.0,nan,nan,nan,,,,,unknown,unknown,nan,,nan,,1.0,0.0,0.0,nan,nan,0.0,0,,822517680,F04_M01_05,MDCEB22F,measured,baseline,0.5,,0,0,nan,nan,nan,nan,nan,-0.011085338737756745,0.0,0.02835222883807159,0.030442299765576,1,0,0,0,ad4b715165e84dd399d377549dc111fb1309cda1260e23e9ee621d07fad63984,6ba3dffa4798388fb8057a608cfa40a0e24aeba9257d245b2d5103a1844d1115
4,1.9964471849998517,nan,PREP,,KFB_TIMING,kfb_timing,-0.006297960961223731,-0.0012719555530823867,0.10837425744574014,1,-28.28571428571429,0,0.3124935850816483,-0.0014108114275370046,0.454379548206369,0.312490705339337,-0.0014099565654799202,0.4543569133930009,-0.6226207372074007,0.4633386728392058,0.6551735118646278,-0.44416993734633914,-0.590729846061629,0.19468164026339618,1.015672997966429,200.0,13.0,1.2,0.5,0.3,3.0,IDLE,0.08,nan,0,0.05,20.0,0,unknown,unknown,nan,0,0.0,0,0.005114780997246271,1,0.0003414370003156364,3.02339976769872e-05,0.0001315949994022958,1.6409976524300873e-06,5.279998731566593e-06,1.360021997243166e-07,2.7378002414479852e-05,1.324999175267294e-06,0.000626815999567043,0.004373184000432957,0.004476932001125533,0,0,0,200.0,0.0,0,0.0,nan,nan,nan,,,,,unknown,unknown,nan,,nan,,1.0,0.0,0.0,nan,nan,0.0,0,,827512193,F04_M01_05,MDCEB22F,measured,baseline,0.5,,0,0,nan,nan,nan,nan,nan,-0.011310368603700383,0.0,0.02758675593231391,0.029815323926139527,1,0,0,0,ad4b715165e84dd399d377549dc111fb1309cda1260e23e9ee621d07fad63984,6ba3dffa4798388fb8057a608cfa40a0e24aeba9257d245b2d5103a1844d1115
4,2.001549298001919,nan,PREP,,KFB_TIMING,kfb_timing,-0.00620872130256564,-0.0013292106642866055,0.10831610158596455,1,-28.28571428571429,0,0.3124935850816483,-0.0014108114275370046,0.454379548206369,0.3124900465992065,-0.0014105695661466595,0.45435575236772147,-0.6268296006931843,0.46332608695226807,0.6531024567619682,-0.4442374543116183,-0.5931312899087237,0.1934706377144259,1.016921447401025,200.0,13.0,1.2,0.5,0.3,3.0,IDLE,0.08,nan,0,0.05,20.0,0,unknown,unknown,nan,0,0.0,0,0.005102113002067199,1,0.00022871400142321363,1.3190001482143998e-05,0.0001846310005930718,1.0180010576732457e-06,3.875000402331352e-06,1.3400131138041615e-07,2.2868000087328255e-05,4.135999915888533e-06,0.0005052480009908322,0.004494751999009168,0.004591491000610404,0,0,0,200.0,0.0,0,0.0,nan,nan,nan,,,,,unknown,unknown,nan,,nan,,1.0,0.0,0.0,nan,nan,0.0,0,,832758633,F04_M01_05,MDCEB22F,measured,baseline,0.5,,0,0,nan,nan,nan,nan,nan,-0.013414800346592148,0.0,0.026551228380984115,0.029747682210184128,1,0,0,0,ad4b715165e84dd399d377549dc111fb1309cda1260e23e9ee621d07fad63984,6ba3dffa4798388fb8057a608cfa40a0e24aeba9257d245b2d5103a1844d1115
4,2.0067434230004437,nan,PREP,,KFB_TIMING,kfb_timing,-0.006126508711876394,-0.001396024448485775,0.10825853057859192,1,-28.28571428571429,0,0.3124935850816483,-0.0014108114275370046,0.454379548206369,0.3124901780734455,-0.0014105620615709963,0.4543545104107932,-0.6309346156060232,0.46300471165815404,0.6559301262645703,-0.4440424163671888,-0.596844389812969,0.19221186031541632,1.0211249594094867,200.0,13.0,1.2,0.5,0.3,3.0,IDLE,0.08,nan,0,0.05,20.0,0,unknown,unknown,nan,0,0.0,0,0.005194124998524785,1,0.000359101002686657,1.0902000212809071e-05,0.00020223899991833605,1.3460012269206345e-06,4.053999873576686e-06,1.0599978850223124e-07,2.2150998120196164e-05,1.0939984349533916e-06,0.0006459389987867326,0.0043540610012132675,0.004544432998955017,0,0,0,200.0,0.0,0,0.0,nan,nan,nan,,,,,unknown,unknown,nan,,nan,,1.0,0.0,0.0,nan,nan,0.0,0,,838078169,F04_M01_05,MDCEB22F,measured,baseline,0.5,,0,0,nan,nan,nan,nan,nan,-0.015467307803011587,0.0,0.02796506313228514,0.03195750876814081,1,0,0,0,ad4b715165e84dd399d377549dc111fb1309cda1260e23e9ee621d07fad63984,6ba3dffa4798388fb8057a608cfa40a0e24aeba9257d245b2d5103a1844d1115
4,2.0118030730009195,nan,PREP,,KFB_TIMING,kfb_timing,-0.006044533649482986,-0.0014819310985468054,0.10819565975373585,1,-28.28571428571429,0,0.3124935850816483,-0.0014108114275370046,0.454379548206369,0.3124898669785984,-0.001409132697328043,0.4543548508009445,-0.630231150459658,0.46429742151563447,0.6551853560070902,-0.44467840008170006,-0.5962605273262321,0.19173985255633214,1.02079931884867,200.0,13.0,1.2,0.5,0.3,3.0,IDLE,0.08,nan,0,0.05,20.0,0,unknown,unknown,nan,0,0.0,0,0.005059650000475813,1,0.00024751099772402085,2.1812000341014937e-05,0.0004017490027763415,1.868000254034996e-06,5.029000021750107e-06,1.2899909052066505e-07,3.258500146330334e-05,1.453001459594816e-06,0.0007814499986125156,0.0042185500013874845,0.004276283001672709,0,0,0,200.0,0.0,0,0.0,nan,nan,nan,,,,,unknown,unknown,nan,,nan,,1.0,0.0,0.0,nan,nan,0.0,0,,843005585,F04_M01_05,MDCEB22F,measured,baseline,0.5,,0,0,nan,nan,nan,nan,nan,-0.015115575229829037,0.0,0.02759267800354509,0.03146166705589426,1,0,0,0,ad4b715165e84dd399d377549dc111fb1309cda1260e23e9ee621d07fad63984,6ba3dffa4798388fb8057a608cfa40a0e24aeba9257d245b2d5103a1844d1115
4,2.01696622199961,nan,PREP,,KFB_TIMING,kfb_timing,-0.005962528835494696,-0.0015581846576241142,0.10813532090321004,1,-28.28571428571429,0,0.3124935850816483,-0.0014108114275370046,0.454379548206369,0.3124904105845732,-0.0014092593960556158,0.45435528217735155,-0.6319410908337187,0.46342750961766566,0.6543523217836172,-0.443970888520528,-0.5971327845468177,0.19074209894705862,1.0209268142125332,200.0,13.0,1.2,0.5,0.3,3.0,IDLE,0.08,nan,0,0.05,20.0,0,unknown,unknown,nan,0,0.0,0,0.005163148998690303,1,0.0004193969980406109,1.553699985379353e-05,0.00013210500037530437,9.309987945016474e-07,3.8190009945537895e-06,1.1899828677996993e-07,1.9140999938827008e-05,7.689995982218534e-07,0.0006358799982990604,0.00436412000170094,0.004523376999713946,0,0,0,200.0,0.0,0,0.0,nan,nan,nan,,,,,unknown,unknown,nan,,nan,,1.0,0.0,0.0,nan,nan,0.0,0,,848014889,F04_M01_05,MDCEB22F,measured,baseline,0.5,,0,0,nan,nan,nan,nan,nan,-0.015970545416859383,0.0,0.02717616089180863,0.031521453674115935,1,0,0,0,ad4b715165e84dd399d377549dc111fb1309cda1260e23e9ee621d07fad63984,6ba3dffa4798388fb8057a608cfa40a0e24aeba9257d245b2d5103a1844d1115
4,2.0220531209997716,nan,PREP,,KFB_TIMING,kfb_timing,-0.005860216554716635,-0.0016629609709556,0.10805716976134998,1,-28.28571428571429,0,0.3124935850816483,-0.0014108114275370046,0.454379548206369,0.31249034305719936,-0.0014096857648696571,0.45435458040026977,-0.635580784789731,0.4602939037836584,0.6561532979005373,-0.44188970310775844,-0.6000373483185755,0.18927427224274873,1.0229225592390079,200.0,13.0,1.2,0.5,0.3,3.0,IDLE,0.08,nan,0,0.05,20.0,0,unknown,unknown,nan,0,0.0,0,0.005086899000161793,1,0.00021900999854551628,2.306599708390422e-05,0.00013949100321042351,1.4990000636316836e-06,4.8080000851769e-06,1.4399847714230418e-07,2.652100010891445e-05,1.109998265746981e-06,0.0004893389996141195,0.004510661000385881,0.004595690999849467,0,0,0,200.0,0.0,0,0.0,nan,nan,nan,,,,,unknown,unknown,nan,,nan,,1.0,0.0,0.0,nan,nan,0.0,0,,853257066,F04_M01_05,MDCEB22F,measured,baseline,0.5,,0,0,nan,nan,nan,nan,nan,-0.017790392394865517,0.0,0.02807664895026868,0.03323847586517637,1,0,0,0,ad4b715165e84dd399d377549dc111fb1309cda1260e23e9ee621d07fad63984,6ba3dffa4798388fb8057a608cfa40a0e24aeba9257d245b2d5103a1844d1115
4,2.0272027530008927,nan,PREP,,KFB_TIMING,kfb_timing,-0.0057580133454713245,-0.0017676091139061608,0.1079788909838593,1,-28.28571428571429,0,0.3124935850816483,-0.0014108114275370046,0.454379548206369,0.31248968031935187,-0.0014094092484128948,0.45435617973456666,-0.6325205568943237,0.45839929002552005,0.6551880091934231,-0.44074731239940657,-0.5977554467901454,0.18857574820500655,1.0195506320829033,200.0,13.0,1.2,0.5,0.3,3.0,IDLE,0.08,nan,0,0.05,20.0,0,unknown,unknown,nan,0,0.0,0,0.005149632001121063,1,0.00041525800043018535,1.4589997590519488e-05,0.00013831600153935142,7.970011211000383e-07,3.854998794849962e-06,1.1700103641487658e-07,1.8563998310128227e-05,7.680027920287102e-07,0.0006366990019159857,0.004363300998084014,0.004509219001192832,0,0,0,200.0,0.0,0,0.0,nan,nan,nan,,,,,unknown,unknown,nan,,nan,,1.0,0.0,0.0,nan,nan,0.0,0,,858622171,F04_M01_05,MDCEB22F,measured,baseline,0.5,,0,0,nan,nan,nan,nan,nan,-0.01626027844716188,0.0,0.027594004596711574,0.0320285145591015,1,0,0,0,ad4b715165e84dd399d377549dc111fb1309cda1260e23e9ee621d07fad63984,6ba3dffa4798388fb8057a608cfa40a0e24aeba9257d245b2d5103a1844d1115
4,2.0323182640022424,nan,PREP,,KFB_TIMING,kfb_timing,-0.005635112179464108,-0.001862373031641811,0.10788799084146432,1,-28.28571428571429,0,0.3124935850816483,-0.0014108114275370046,0.454379548206369,0.3124907785437367,-0.0014091061974083625,0.4543571324636811,-0.6224450500988098,0.45514865209248234,0.650179869218803,-0.4388055256176178,-0.5896940353187816,0.1878295651472041,1.0086287712689408,200.0,13.0,1.2,0.5,0.3,3.0,IDLE,0.08,nan,0,0.05,20.0,0,unknown,unknown,nan,0,0.0,0,0.00511551100134966,1,0.00027293299717712216,2.4052002117969096e-05,0.00044023599912179634,1.5639998309779912e-06,5.976002285024151e-06,1.4799661585129797e-07,3.2068001019069925e-05,1.2450000212993473e-06,0.000865701000293484,0.004134298999706516,0.004239917998347664,0,0,0,200.0,0.0,0,0.0,nan,nan,nan,,,,,unknown,unknown,nan,,nan,,1.0,0.0,0.0,nan,nan,0.0,0,,863568636,F04_M01_05,MDCEB22F,measured,baseline,0.5,,0,0,nan,nan,nan,nan,nan,-0.011222525049404908,0.0,0.02508993460940151,0.027485448644483945,1,0,0,0,ad4b715165e84dd399d377549dc111fb1309cda1260e23e9ee621d07fad63984,6ba3dffa4798388fb8057a608cfa40a0e24aeba9257d245b2d5103a1844d1115
4,2.0375134579990117,nan,PREP,,KFB_TIMING,kfb_timing,-0.005526502912297809,-0.0019857894537339705,0.10780087082124906,1,-28.28571428571429,0,0.3124935850816483,-0.0014108114275370046,0.454379548206369,0.3124906523282383,-0.0014100196813362342,0.45435470273485873,-0.5809567782566172,0.4496181788480128,0.6339356694060703,-0.4353232226227678,-0.5577305989600427,0.18712630452166826,0.9703307260404744,200.0,13.0,1.2,0.5,0.3,3.0,IDLE,0.08,nan,0,0.05,20.0,0,unknown,unknown,nan,0,0.0,0,0.005195193996769376,1,0.00034755699743982404,1.255400275113061e-05,0.000222941001993604,2.20600122702308e-06,1.0068997653434053e-05,3.1499803299084306e-07,4.8624999180901796e-05,6.047997885616496e-06,0.0007177400002547074,0.004282259999745293,0.0044661240026471205,0,0,0,200.0,0.0,0,0.0,nan,nan,nan,,,,,unknown,unknown,nan,,nan,,1.0,0.0,0.0,nan,nan,0.0,0,,869095623,F04_M01_05,MDCEB22F,measured,baseline,0.5,,0,0,nan,nan,nan,nan,nan,0.0,0.0,0.016967834703035145,0.016967834703035145,1,0,0,0,ad4b715165e84dd399d377549dc111fb1309cda1260e23e9ee621d07fad63984,6ba3dffa4798388fb8057a608cfa40a0e24aeba9257d245b2d5103a1844d1115
4,2.042594693000865,nan,PREP,,KFB_TIMING,kfb_timing,-0.005404142164637887,-0.002099177966111963,0.107699186744574,1,-28.28571428571429,0,0.3124935850816483,-0.0014108114275370046,0.454379548206369,0.3124907521578035,-0.0014105821476044804,0.4543553733116786,-0.5716540238296134,0.44761857547378014,0.6305641708133093,-0.434215443482731,-0.5507984056053278,0.18723474201531898,0.9616454053252896,200.0,13.0,1.2,0.5,0.3,3.0,IDLE,0.08,nan,0,0.05,20.0,0,unknown,unknown,nan,0,0.0,0,0.0050812350018532015,1,0.00045757599946227856,3.433399979257956e-05,0.0004037489998154342,2.548997144913301e-06,6.213998858584091e-06,2.130000211764127e-07,3.1684998248238117e-05,1.5570003597531468e-06,0.0010283410010742955,0.003971658998925705,0.0040501570001652,0,0,0,200.0,0.0,0,0.0,nan,nan,nan,,,,,unknown,unknown,nan,,nan,,1.0,0.0,0.0,nan,nan,0.0,0,,873762840,F04_M01_05,MDCEB22F,measured,baseline,0.5,,0,0,nan,nan,nan,nan,nan,0.0,0.0,0.015282085406654655,0.015282085406654655,1,0,0,0,ad4b715165e84dd399d377549dc111fb1309cda1260e23e9ee621d07fad63984,6ba3dffa4798388fb8057a608cfa40a0e24aeba9257d245b2d5103a1844d1115
4,2.0477557970007183,nan,PREP,,KFB_TIMING,kfb_timing,-0.0052820879541628785,-0.0022218892777877393,0.10759468179097498,1,-28.28571428571429,0,0.3124935850816483,-0.0014108114275370046,0.454379548206369,0.3124911627387335,-0.0014113814727242614,0.45435703583957243,-0.5884595555267957,0.4456223714949259,0.6339771180722228,-0.4332406491174524,-0.5629992525117024,0.18706829756031046,0.9730318251253228,200.0,13.0,1.2,0.5,0.3,3.0,IDLE,0.08,nan,0,0.05,20.0,0,unknown,unknown,nan,0,0.0,0,0.005161103999853367,1,0.0003159869993396569,2.5070999981835485e-05,0.00018506899868953042,1.2300006346777081e-06,4.3149993871338665e-06,1.2000236893072724e-07,2.723299985518679e-05,8.460010576527566e-07,0.0006095969984016847,0.004390403001598315,0.004547838998405496,0,0,0,200.0,0.0,0,0.0,nan,nan,nan,,,,,unknown,unknown,nan,,nan,,1.0,0.0,0.0,nan,nan,0.0,0,,879171686,F04_M01_05,MDCEB22F,measured,baseline,0.5,,0,0,nan,nan,nan,nan,nan,0.0,0.0,0.016988559036111406,0.016988559036111406,1,0,0,0,ad4b715165e84dd399d377549dc111fb1309cda1260e23e9ee621d07fad63984,6ba3dffa4798388fb8057a608cfa40a0e24aeba9257d245b2d5103a1844d1115
4,2.0528543620021082,nan,PREP,,KFB_TIMING,kfb_timing,-0.005153366946067189,-0.0023440593670071763,0.1074762305425614,1,-28.28571428571429,0,0.3124935850816483,-0.0014108114275370046,0.454379548206369,0.3124906919099111,-0.0014098788065872352,0.4543560767903188,-0.6145282533699168,0.4441352235334594,0.6423364131570601,-0.43259474736025594,-0.5825439600505643,0.18675783437321541,0.9937289060103234,200.0,13.0,1.2,0.5,0.3,3.0,IDLE,0.08,nan,0,0.05,20.0,0,unknown,unknown,nan,0,0.0,0,0.005098565001389943,1,0.00021804700008942746,2.117600161000155e-05,0.0005016460017941426,2.0760016923304647e-06,6.16400211583823e-06,1.5099794836714864e-07,5.000500095775351e-05,1.2260024959687144e-06,0.0008796930014796089,0.004120306998520391,0.004215512999508064,0,0,0,200.0,0.0,0,0.0,nan,nan,nan,,,,,unknown,unknown,nan,,nan,,1.0,0.0,0.0,nan,nan,0.0,0,,884015966,F04_M01_05,MDCEB22F,measured,baseline,0.5,,0,0,nan,nan,nan,nan,nan,-0.007264126684958405,0.0,0.02116820657853008,0.022379913008017904,1,0,0,0,ad4b715165e84dd399d377549dc111fb1309cda1260e23e9ee621d07fad63984,6ba3dffa4798388fb8057a608cfa40a0e24aeba9257d245b2d5103a1844d1115
4,2.057944309999584,nan,PREP,,KFB_TIMING,kfb_timing,-0.00503861382070564,-0.0024660768455249996,0.10736424596634812,1,-28.28571428571429,0,0.3124935850816483,-0.0014108114275370046,0.454379548206369,0.3124903880129775,-0.0014100239239789912,0.45435596952698903,-0.635058204070129,0.4443145647449732,0.6480930480419126,-0.43303051633057504,-0.5974586442273598,0.18662135978637856,1.0103162643061574,200.0,13.0,1.2,0.5,0.3,3.0,IDLE,0.08,nan,0,0.05,20.0,0,unknown,unknown,nan,0,0.0,0,0.005089947997475974,1,0.0003134770013275556,1.9826999050565064e-05,0.0001729420000629034,1.1509982869029045e-06,4.94599953526631e-06,1.3399767340160906e-07,2.4737997591728345e-05,1.0640032996889204e-06,0.0006005949981044978,0.004399405001895502,0.004485172998101916,0,0,0,200.0,0.0,0,0.0,nan,nan,nan,,,,,unknown,unknown,nan,,nan,,1.0,0.0,0.0,nan,nan,0.0,0,,889423420,F04_M01_05,MDCEB22F,measured,baseline,0.5,,0,0,nan,nan,nan,nan,nan,-0.017529102035064525,0.0,0.024046524020956306,0.029757431603653767,1,0,0,0,ad4b715165e84dd399d377549dc111fb1309cda1260e23e9ee621d07fad63984,6ba3dffa4798388fb8057a608cfa40a0e24aeba9257d245b2d5103a1844d1115
4,2.0631829270023445,nan,PREP,,KFB_TIMING,kfb_timing,-0.004923930301368229,-0.002578076492079958,0.1072442747765406,1,-28.28571428571429,0,0.3124935850816483,-0.0014108114275370046,0.454379548206369,0.3124912152746481,-0.0014114201735933671,0.4543555840050192,-0.6479937491914951,0.44499678659794284,0.6518188574914525,-0.43376998085822527,-0.6067053343605493,0.18629279691409914,1.0211688704887198,200.0,13.0,1.2,0.5,0.3,3.0,IDLE,0.08,nan,0,0.05,20.0,0,unknown,unknown,nan,0,0.0,0,0.005238617002760293,1,0.00028637599825742655,2.0125000446569175e-05,0.0005034850000811275,1.3140015653334558e-06,5.960999260423705e-06,1.2999953469261527e-07,3.227799970773049e-05,1.3499993656296283e-06,0.000925715001358185,0.004074284998641815,0.00430886599860969,0,0,0,200.0,0.0,0,0.0,nan,nan,nan,,,,,unknown,unknown,nan,,nan,,1.0,0.0,0.0,nan,nan,0.0,0,,894622971,F04_M01_05,MDCEB22F,measured,baseline,0.5,,0,0,nan,nan,nan,nan,nan,-0.023996874595747564,0.0,0.02590942874572627,0.03531498956950011,1,0,0,0,ad4b715165e84dd399d377549dc111fb1309cda1260e23e9ee621d07fad63984,6ba3dffa4798388fb8057a608cfa40a0e24aeba9257d245b2d5103a1844d1115
4,2.0683685549993243,nan,PREP,,KFB_TIMING,kfb_timing,-0.004789089439516225,-0.002708953070100475,0.10711915182154477,1,-28.28571428571429,0,0.3124935850816483,-0.0014108114275370046,0.454379548206369,0.31249069500573423,-0.001409320301289773,0.45435682192252896,-0.6600945728746335,0.4470371426158567,0.6546857946937517,-0.4353072007665724,-0.6152343027168807,0.18613011567834853,1.0315912668254243,200.0,13.0,1.2,0.5,0.3,3.0,IDLE,0.08,nan,0,0.05,20.0,0,unknown,unknown,nan,0,0.0,0,0.005185627996979747,1,0.0003007220002473332,1.985900235013105e-05,0.0004519160029303748,1.3729986676480621e-06,5.918001988902688e-06,1.2300006346777081e-07,3.0870000045979396e-05,1.2029995559714735e-06,0.0008849719997670036,0.0041150280002329965,0.004297116000088863,0,0,0,200.0,0.0,0,0.0,nan,nan,nan,,,,,unknown,unknown,nan,,nan,,1.0,0.0,0.0,nan,nan,0.0,0,,899581872,F04_M01_05,MDCEB22F,measured,baseline,0.5,,0,0,nan,nan,nan,nan,nan,-0.030047286437316745,0.0,0.02734289734687584,0.040626019464967876,1,0,0,0,ad4b715165e84dd399d377549dc111fb1309cda1260e23e9ee621d07fad63984,6ba3dffa4798388fb8057a608cfa40a0e24aeba9257d245b2d5103a1844d1115
4,2.0734924120006326,nan,PREP,,KFB_TIMING,kfb_timing,-0.0046467503557742484,-0.0028017559043742313,0.10700101781191465,1,-28.28571428571429,0,0.3124935850816483,-0.0014108114275370046,0.454379548206369,0.31249092108943743,-0.0014101402963446327,0.4543562105886993,-0.6663947427133425,0.4485650969061764,0.6572246485623191,-0.43648956278935847,-0.620018904397341,0.18572979665824924,1.0379002061644913,200.0,13.0,1.2,0.5,0.3,3.0,IDLE,0.08,nan,0,0.05,20.0,0,unknown,unknown,nan,0,0.0,0,0.005123857001308352,1,0.00034869400042225607,1.954300023498945e-05,0.00017787899923860095,1.3259996194392443e-06,5.731999408453703e-06,1.309999788645655e-07,3.087499862886034e-05,3.791999915847555e-06,0.0006609890006075148,0.004339010999392485,0.004456655999092618,0,0,0,200.0,0.0,0,0.0,nan,nan,nan,,,,,unknown,unknown,nan,,nan,,1.0,0.0,0.0,nan,nan,0.0,0,,904870245,F04_M01_05,MDCEB22F,measured,baseline,0.5,,0,0,nan,nan,nan,nan,nan,-0.03319737135667128,0.0,0.028612324281159562,0.04382614021064337,1,0,0,0,ad4b715165e84dd399d377549dc111fb1309cda1260e23e9ee621d07fad63984,6ba3dffa4798388fb8057a608cfa40a0e24aeba9257d245b2d5103a1844d1115
4,2.078609530999529,nan,PREP,,KFB_TIMING,kfb_timing,-0.0045047169103351326,-0.0029040023698543222,0.10688521818021404,1,-28.28571428571429,0,0.3124935850816483,-0.0014108114275370046,0.454379548206369,0.3124906135180919,-0.0014108833699740505,0.4543553516009769,-0.6683796801591284,0.4515280828155466,0.6566850038080256,-0.438487051198625,-0.6212376088011426,0.18604224324377686,1.0401173975311866,200.0,13.0,1.2,0.5,0.3,3.0,IDLE,0.08,nan,0,0.05,20.0,0,unknown,unknown,nan,0,0.0,0,0.005117118998896331,1,0.0002583310015324969,3.451699740253389e-05,0.000389000000723172,2.5230001483578235e-06,7.205999281723052e-06,1.4099714462645352e-07,3.7409998185466975e-05,1.3639983080793172e-06,0.0008291439989989158,0.004170856001001084,0.0042842149996431544,0,0,0,200.0,0.0,0,0.0,nan,nan,nan,,,,,unknown,unknown,nan,,nan,,1.0,0.0,0.0,nan,nan,0.0,0,,910037829,F04_M01_05,MDCEB22F,measured,baseline,0.5,,0,0,nan,nan,nan,nan,nan,-0.034189840079564215,0.0,0.02834250190401283,0.04440993783878949,1,0,0,0,ad4b715165e84dd399d377549dc111fb1309cda1260e23e9ee621d07fad63984,6ba3dffa4798388fb8057a608cfa40a0e24aeba9257d245b2d5103a1844d1115
4,2.083730320999166,nan,PREP,,KFB_TIMING,kfb_timing,-0.004355672535598126,-0.0029967861945549724,0.10677368250810734,1,-28.28571428571429,0,0.3124935850816483,-0.0014108114275370046,0.454379548206369,0.31249027227753845,-0.0014107180144478796,0.45435439612522677,-0.6650794337235926,0.45324791589025815,0.6565029981004143,-0.43951996147320616,-0.6191429192225979,0.18658716358453925,1.0386339648479583,200.0,13.0,1.2,0.5,0.3,3.0,IDLE,0.08,nan,0,0.05,20.0,0,unknown,unknown,nan,0,0.0,0,0.005120789999637054,1,0.0003999440014013089,2.0729999960167333e-05,0.00033744699976523407,1.8270002328790724e-06,6.035999831510708e-06,1.3199678505770862e-07,3.0261999199865386e-05,1.1779993656091392e-06,0.0008727420026843902,0.00412725799731561,0.004243954997946275,0,0,0,200.0,0.0,0,0.0,nan,nan,nan,,,,,unknown,unknown,nan,,nan,,1.0,0.0,0.0,nan,nan,0.0,0,,914769510,F04_M01_05,MDCEB22F,measured,baseline,0.5,,0,0,nan,nan,nan,nan,nan,-0.0325397168617963,0.0,0.028251499050207185,0.04309269511216173,1,0,0,0,ad4b715165e84dd399d377549dc111fb1309cda1260e23e9ee621d07fad63984,6ba3dffa4798388fb8057a608cfa40a0e24aeba9257d245b2d5103a1844d1115
4,2.0888968559993373,nan,PREP,,KFB_TIMING,kfb_timing,-0.0041927663873048415,-0.0030799082716884175,0.10665776084257182,1,-28.28571428571429,0,0.3124935850816483,-0.0014108114275370046,0.454379548206369,0.312490024972901,-0.0014113127021505335,0.4543557188199585,-0.6656661610374295,0.4552019354699673,0.6563361615984364,-0.44062175424223615,-0.619621012049445,0.1877374349290946,1.0397583358779492,200.0,13.0,1.2,0.5,0.3,3.0,IDLE,0.08,nan,0,0.05,20.0,0,unknown,unknown,nan,0,0.0,0,0.0051665350001712795,1,0.0002303889996255748,1.969900040421635e-05,0.00013258600301924162,1.0900002962443978e-06,4.954999894835055e-06,1.3500175555236638e-07,2.4992001272039488e-05,1.1040028766728938e-06,0.00047835800069151446,0.004521641999308486,0.004683099999965634,0,0,0,200.0,0.0,0,0.0,nan,nan,nan,,,,,unknown,unknown,nan,,nan,,1.0,0.0,0.0,nan,nan,0.0,0,,920037009,F04_M01_05,MDCEB22F,measured,baseline,0.5,,0,0,nan,nan,nan,nan,nan,-0.03283308051871475,0.0,0.02816808079921823,0.04326028146301978,1,0,0,0,ad4b715165e84dd399d377549dc111fb1309cda1260e23e9ee621d07fad63984,6ba3dffa4798388fb8057a608cfa40a0e24aeba9257d245b2d5103a1844d1115
4,2.0940646390008624,nan,PREP,,KFB_TIMING,kfb_timing,-0.004036785070273663,-0.0031631449100475023,0.1065502101087961,1,-28.28571428571429,0,0.3124935850816483,-0.0014108114275370046,0.454379548206369,0.3124904846705205,-0.0014102986599264476,0.45435659342137635,-0.6594111308169555,0.4554877065874761,0.6549987530131356,-0.4407393013692591,-0.6151908711920377,0.18869730921748343,1.035043697988823,200.0,13.0,1.2,0.5,0.3,3.0,IDLE,0.08,nan,0,0.05,20.0,0,unknown,unknown,nan,0,0.0,0,0.005167783001525095,1,0.00028104100056225434,2.7588001103140414e-05,0.00015587700181640685,1.643998984945938e-06,6.785001460229978e-06,1.359985617455095e-07,3.0939001590013504e-05,1.2320015230216086e-06,0.0005851300011272542,0.004414869998872746,0.004578887001116527,0,0,0,200.0,0.0,0,0.0,nan,nan,nan,,,,,unknown,unknown,nan,,nan,,1.0,0.0,0.0,nan,nan,0.0,0,,925653527,F04_M01_05,MDCEB22F,measured,baseline,0.5,,0,0,nan,nan,nan,nan,nan,-0.02970556540847774,0.0,0.027499376506567808,0.040480073177889916,1,0,0,0,ad4b715165e84dd399d377549dc111fb1309cda1260e23e9ee621d07fad63984,6ba3dffa4798388fb8057a608cfa40a0e24aeba9257d245b2d5103a1844d1115
4,2.0992301190017315,nan,PREP,,KFB_TIMING,kfb_timing,-0.00389465743318107,-0.0032463717994033157,0.10644924799012923,1,-28.28571428571429,0,0.3124935850816483,-0.0014108114275370046,0.454379548206369,0.31249097417334126,-0.001410431981868021,0.4543548836629386,-0.6587603295228417,0.4538201851970462,0.6569069840700508,-0.4397277277224544,-0.6152385690428372,0.1890324538464678,1.0351061385023925,200.0,13.0,1.2,0.5,0.3,3.0,IDLE,0.08,nan,0,0.05,20.0,0,unknown,unknown,nan,0,0.0,0,0.005165480000869138,1,0.0004176579968770966,2.1353996999096125e-05,0.0004816229993593879,1.3310018402989954e-06,6.033998943166807e-06,1.5899786376394331e-07,3.1350999051937833e-05,1.2520031305029988e-06,0.0010345170012442395,0.003965482998755761,0.004127415999391815,0,0,0,200.0,0.0,0,0.0,nan,nan,nan,,,,,unknown,unknown,nan,,nan,,1.0,0.0,0.0,nan,nan,0.0,0,,930625881,F04_M01_05,MDCEB22F,measured,baseline,0.5,,0,0,nan,nan,nan,nan,nan,-0.029380164761420857,0.0,0.028453492035025396,0.040899820175588665,1,0,0,0,ad4b715165e84dd399d377549dc111fb1309cda1260e23e9ee621d07fad63984,6ba3dffa4798388fb8057a608cfa40a0e24aeba9257d245b2d5103a1844d1115
4,2.104442903000745,nan,PREP,,KFB_TIMING,kfb_timing,-0.003738880874133793,-0.0033293711660377446,0.10634120853627241,1,-28.28571428571429,0,0.3124935850816483,-0.0014108114275370046,0.454379548206369,0.31249050704622633,-0.0014096870196697205,0.45435503743901534,-0.6603196628123651,0.4522371164045509,0.6615409826075749,-0.438701486033379,-0.6174761083134145,0.18942170964707927,1.0383529930712072,200.0,13.0,1.2,0.5,0.3,3.0,IDLE,0.08,nan,0,0.05,20.0,0,unknown,unknown,nan,0,0.0,0,0.005212783999013482,1,0.0002667320004547946,1.9873998098773882e-05,0.0004411549998621922,1.3780008885078132e-06,5.8129990065936e-06,1.3699900591745973e-07,3.0641997000202537e-05,1.3190001482143998e-06,0.000840687000163598,0.004159312999836402,0.0043628389976220205,0,0,0,200.0,0.0,0,0.0,nan,nan,nan,,,,,unknown,unknown,nan,,nan,,1.0,0.0,0.0,nan,nan,0.0,0,,935845315,F04_M01_05,MDCEB22F,measured,baseline,0.5,,0,0,nan,nan,nan,nan,nan,-0.030159831406182558,0.0,0.03077049130378745,0.043086408129778174,1,0,0,0,ad4b715165e84dd399d377549dc111fb1309cda1260e23e9ee621d07fad63984,6ba3dffa4798388fb8057a608cfa40a0e24aeba9257d245b2d5103a1844d1115
4,2.1096325700018497,nan,PREP,,KFB_TIMING,kfb_timing,-0.003569808420994358,-0.0034213016024205157,0.10621811559085353,1,-28.28571428571429,0,0.3124935850816483,-0.0014108114275370046,0.454379548206369,0.3124902814062537,-0.0014111420679389555,0.4543578821202555,-0.6510673161155736,0.45482631637758697,0.6573634456943029,-0.440318984900733,-0.6100637476915638,0.19100160046604944,1.0309618460052863,200.0,13.0,1.2,0.5,0.3,3.0,IDLE,0.08,nan,0,0.05,20.0,0,unknown,unknown,nan,0,0.0,0,0.005189667001104681,1,0.00028032000045641325,3.3633001294219866e-05,0.0004028120019938797,1.920001523103565e-06,6.270998710533604e-06,1.320004230365157e-07,3.145200025755912e-05,3.951001417590305e-06,0.0008507210004609078,0.004149278999539092,0.004335374000220327,0,0,0,200.0,0.0,0,0.0,nan,nan,nan,,,,,unknown,unknown,nan,,nan,,1.0,0.0,0.0,nan,nan,0.0,0,,941094305,F04_M01_05,MDCEB22F,measured,baseline,0.5,,0,0,nan,nan,nan,nan,nan,-0.02553365805778679,0.0,0.02868172284715148,0.038400636964675355,1,0,0,0,ad4b715165e84dd399d377549dc111fb1309cda1260e23e9ee621d07fad63984,6ba3dffa4798388fb8057a608cfa40a0e24aeba9257d245b2d5103a1844d1115
4,2.1148133740025514,nan,PREP,,KFB_TIMING,kfb_timing,-0.003407374067188218,-0.0034939939564154316,0.10609301375058419,1,-28.28571428571429,0,0.3124935850816483,-0.0014108114275370046,0.454379548206369,0.312490613840871,-0.0014108198907962976,0.45435577671057026,-0.6217436893718985,0.4541300746721763,0.6495919488052796,-0.4398395066136855,-0.5884576704733636,0.19127691576307093,1.0073574539100691,200.0,13.0,1.2,0.5,0.3,3.0,IDLE,0.08,nan,0,0.05,20.0,0,unknown,unknown,nan,0,0.0,0,0.005180804000701755,1,0.0003800349986704532,2.3857999622123316e-05,0.00039834000199334696,1.239000994246453e-06,5.127996701048687e-06,1.410007826052606e-07,2.506500095478259e-05,1.1330012057442218e-06,0.0009011459987959825,0.004098854001204018,0.004275471001164988,0,0,0,200.0,0.0,0,0.0,nan,nan,nan,,,,,unknown,unknown,nan,,nan,,1.0,0.0,0.0,nan,nan,0.0,0,,946396120,F04_M01_05,MDCEB22F,measured,baseline,0.5,,0,0,nan,nan,nan,nan,nan,-0.010871844685949261,0.0,0.02479597440263981,0.027074662573184024,1,0,0,0,ad4b715165e84dd399d377549dc111fb1309cda1260e23e9ee621d07fad63984,6ba3dffa4798388fb8057a608cfa40a0e24aeba9257d245b2d5103a1844d1115
4,2.11996255700069,nan,PREP,,KFB_TIMING,kfb_timing,-0.0032659476694262557,-0.0035760954500913644,0.10597533802701362,1,-28.28571428571429,0,0.3124935850816483,-0.0014108114275370046,0.454379548206369,0.3124908104834543,-0.0014114923190706539,0.45435607035772907,-0.5791367281941303,0.45346530940922347,0.6361648965449216,-0.4394146576024581,-0.5564675767156353,0.19118594156393903,0.9724895435823542,200.0,13.0,1.2,0.5,0.3,3.0,IDLE,0.08,nan,0,0.05,20.0,0,unknown,unknown,nan,0,0.0,0,0.005149182998138713,1,0.0004825750002055429,2.068899993901141e-05,0.0004108950015506707,1.3040007615927607e-06,6.080997991375625e-06,1.2900272849947214e-07,3.0606999644078314e-05,1.2019991117995232e-06,0.0010276689972670283,0.003972331002732972,0.004117873002542183,0,0,0,200.0,0.0,0,0.0,nan,nan,nan,,,,,unknown,unknown,nan,,nan,,1.0,0.0,0.0,nan,nan,0.0,0,,951025442,F04_M01_05,MDCEB22F,measured,baseline,0.5,,0,0,nan,nan,nan,nan,nan,0.0,0.0,0.018082448272460805,0.018082448272460805,1,0,0,0,ad4b715165e84dd399d377549dc111fb1309cda1260e23e9ee621d07fad63984,6ba3dffa4798388fb8057a608cfa40a0e24aeba9257d245b2d5103a1844d1115
4,2.1250811989993963,nan,PREP,,KFB_TIMING,kfb_timing,-0.003097953900199152,-0.0036760541792682988,0.10582766647259634,1,-28.28571428571429,0,0.3124935850816483,-0.0014108114275370046,0.454379548206369,0.3124899187459312,-0.0014109648610902857,0.4543575793358442,-0.5699868548106062,0.456486962050934,0.6317467275851125,-0.44147760712037454,-0.549150541572035,0.19146418090862952,0.9655927138260086,200.0,13.0,1.2,0.5,0.3,3.0,IDLE,0.08,nan,0,0.05,20.0,0,unknown,unknown,nan,0,0.0,0,0.005118641998706153,1,0.0002347900008317083,2.0841001969529316e-05,0.00014940700202714652,1.0410003596916795e-06,5.00300302519463e-06,1.449989213142544e-07,2.4181998014682904e-05,1.1060001270379871e-06,0.0005012319998058956,0.0044987680001941045,0.004611840999132255,0,0,0,200.0,0.0,0,0.0,nan,nan,nan,,,,,unknown,unknown,nan,,nan,,1.0,0.0,0.0,nan,nan,0.0,0,,956273265,F04_M01_05,MDCEB22F,measured,baseline,0.5,,0,0,nan,nan,nan,nan,nan,0.0,0.0,0.015873363792556272,0.015873363792556272,1,0,0,0,ad4b715165e84dd399d377549dc111fb1309cda1260e23e9ee621d07fad63984,6ba3dffa4798388fb8057a608cfa40a0e24aeba9257d245b2d5103a1844d1115
4,2.130191685999307,nan,PREP,,KFB_TIMING,kfb_timing,-0.002943697141031293,-0.003766379365213234,0.10568403267722307,1,-28.28571428571429,0,0.3124935850816483,-0.0014108114275370046,0.454379548206369,0.3124900822352698,-0.0014099186342918044,0.4543543218116255,-0.5801245877577912,0.4616220383943302,0.6379098675027189,-0.44495568908916483,-0.5575998072492235,0.19190504414312892,0.9780431701667468,200.0,13.0,1.2,0.5,0.3,3.0,IDLE,0.08,nan,0,0.05,20.0,0,unknown,unknown,nan,0,0.0,0,0.0051104869999107905,1,0.0003314019995741546,2.070399932563305e-05,0.00017981600103667006,1.1589982022996992e-06,4.9819973355624825e-06,1.3699900591745973e-07,2.6090998289873824e-05,1.243999577127397e-06,0.0006326729999273084,0.004367327000072692,0.004473393000807846,0,0,0,200.0,0.0,0,0.0,nan,nan,nan,,,,,unknown,unknown,nan,,nan,,1.0,0.0,0.0,nan,nan,0.0,0,,961540285,F04_M01_05,MDCEB22F,measured,baseline,0.5,,0,0,nan,nan,nan,nan,nan,0.0,0.0,0.018954933751359482,0.018954933751359482,1,0,0,0,ad4b715165e84dd399d377549dc111fb1309cda1260e23e9ee621d07fad63984,6ba3dffa4798388fb8057a608cfa40a0e24aeba9257d245b2d5103a1844d1115
4,2.135319837001589,nan,PREP,,KFB_TIMING,kfb_timing,-0.00279629379536403,-0.003847040771620536,0.10554099788862528,1,-28.28571428571429,0,0.3124935850816483,-0.0014108114275370046,0.454379548206369,0.31249085466527265,-0.0014104549283821882,0.4543569145293163,-0.6030488658705353,0.4641567682975838,0.6469611375742451,-0.44682809669561274,-0.5751510541369635,0.19142971856818886,0.9988333963757705,200.0,13.0,1.2,0.5,0.3,3.0,IDLE,0.08,nan,0,0.05,20.0,0,unknown,unknown,nan,0,0.0,0,0.005128151002281811,1,0.0002513710023777094,3.356999877723865e-05,0.0003822879989456851,1.1520023690536618e-06,4.859000910073519e-06,1.2999953469261527e-07,2.4477998522343114e-05,1.119002263294533e-06,0.0007873290014686063,0.004212670998531394,0.004334566998295486,0,0,0,200.0,0.0,0,0.0,nan,nan,nan,,,,,unknown,unknown,nan,,nan,,1.0,0.0,0.0,nan,nan,0.0,0,,966608109,F04_M01_05,MDCEB22F,measured,baseline,0.5,,0,0,nan,nan,nan,nan,nan,-0.001524432935267661,0.0,0.02348056878712257,0.023530002259688022,1,0,0,0,ad4b715165e84dd399d377549dc111fb1309cda1260e23e9ee621d07fad63984,6ba3dffa4798388fb8057a608cfa40a0e24aeba9257d245b2d5103a1844d1115
4,2.1404967900016345,nan,PREP,,KFB_TIMING,kfb_timing,-0.002648988837160443,-0.003917773417108419,0.10538980324033556,1,-28.28571428571429,0,0.3124935850816483,-0.0014108114275370046,0.454379548206369,0.3124908068568251,-0.0014108331004118518,0.45435750353112203,-0.6189947536254912,0.46382126214936936,0.6524474330891851,-0.4468803557703435,-0.5870330133052348,0.19031181294199104,1.0119151748948048,200.0,13.0,1.2,0.5,0.3,3.0,IDLE,0.08,nan,0,0.05,20.0,0,unknown,unknown,nan,0,0.0,0,0.005176953000045614,1,0.00041763300032471307,2.009699892369099e-05,0.00017209999714395963,1.672997314017266e-06,8.033999620238319e-06,1.949993020389229e-07,3.2061998354038224e-05,1.2279997463338077e-06,0.0007341659984376747,0.004265834001562325,0.004435516999365063,0,0,0,200.0,0.0,0,0.0,nan,nan,nan,,,,,unknown,unknown,nan,,nan,,1.0,0.0,0.0,nan,nan,0.0,0,,971848747,F04_M01_05,MDCEB22F,measured,baseline,0.5,,0,0,nan,nan,nan,nan,nan,-0.009497376812745595,0.0,0.026223716544592546,0.02789056248508471,1,0,0,0,ad4b715165e84dd399d377549dc111fb1309cda1260e23e9ee621d07fad63984,6ba3dffa4798388fb8057a608cfa40a0e24aeba9257d245b2d5103a1844d1115
4,2.145745279001858,nan,PREP,,KFB_TIMING,kfb_timing,-0.002481233610936051,-0.003978399269700672,0.10521988193921267,1,-28.28571428571429,0,0.3124935850816483,-0.0014108114275370046,0.454379548206369,0.3124904764337198,-0.0014106171665523729,0.4543565795956243,-0.6349555963893394,0.4653763334572604,0.6608231956205448,-0.4481332971499965,-0.5998597084434378,0.190143880510274,1.027828311051225,200.0,13.0,1.2,0.5,0.3,3.0,IDLE,0.08,nan,0,0.05,20.0,0,unknown,unknown,nan,0,0.0,0,0.005248489000223344,1,0.0002282860004925169,3.341100091347471e-05,0.0004045750029035844,1.9649996829684824e-06,6.394999218173325e-06,1.449989213142544e-07,3.1527000828646123e-05,4.66799974674359e-06,0.0008008959994185716,0.0041991040005814285,0.004444196998520056,0,0,0,200.0,0.0,0,0.0,nan,nan,nan,,,,,unknown,unknown,nan,,nan,,1.0,0.0,0.0,nan,nan,0.0,0,,977086480,F04_M01_05,MDCEB22F,measured,baseline,0.5,,0,0,nan,nan,nan,nan,nan,-0.017477798194669714,0.0,0.030411597810272417,0.03507618438638054,1,0,0,0,ad4b715165e84dd399d377549dc111fb1309cda1260e23e9ee621d07fad63984,6ba3dffa4798388fb8057a608cfa40a0e24aeba9257d245b2d5103a1844d1115
4,2.150892592002492,nan,PREP,,KFB_TIMING,kfb_timing,-0.002334710349663066,-0.004048121131841635,0.10505214108532619,1,-28.28571428571429,0,0.3124935850816483,-0.0014108114275370046,0.454379548206369,0.3124899871976396,-0.001409380379423483,0.4543548516318201,-0.6371307006967749,0.4662970526716212,0.6645091131513857,-0.44885761725089146,-0.6022279124096823,0.19034749465453957,1.031959704911895,200.0,13.0,1.2,0.5,0.3,3.0,IDLE,0.08,nan,0,0.05,20.0,0,unknown,unknown,nan,0,0.0,0,0.005147313000634313,1,0.0002605859990580939,2.020199826802127e-05,0.0004040380008518696,1.263000740436837e-06,4.874000296695158e-06,1.3399767340160906e-07,2.483799835317768e-05,1.1449992598500103e-06,0.0007803879998391494,0.004219612000160851,0.004363479998573894,0,0,0,200.0,0.0,0,0.0,nan,nan,nan,,,,,unknown,unknown,nan,,nan,,1.0,0.0,0.0,nan,nan,0.0,0,,982294719,F04_M01_05,MDCEB22F,measured,baseline,0.5,,0,0,nan,nan,nan,nan,nan,-0.018565350348387466,0.0,0.03225455657569287,0.03721597309560699,1,0,0,0,ad4b715165e84dd399d377549dc111fb1309cda1260e23e9ee621d07fad63984,6ba3dffa4798388fb8057a608cfa40a0e24aeba9257d245b2d5103a1844d1115
4,2.155976730002294,nan,PREP,,KFB_TIMING,kfb_timing,-0.0022024474246046533,-0.0041270663084547,0.10488839833784641,1,-28.28571428571429,0,0.3124935850816483,-0.0014108114275370046,0.454379548206369,0.31249049043129784,-0.0014111150885912863,0.45435737248159985,-0.6402542559456941,0.46536621763200947,0.6669112167118134,-0.4484042591491704,-0.6048532999286972,0.19023847338630806,1.035017777502265,200.0,13.0,1.2,0.5,0.3,3.0,IDLE,0.08,nan,0,0.05,20.0,0,unknown,unknown,nan,0,0.0,0,0.0050841379998018965,1,0.00042408599983900785,1.998400330194272e-05,0.00029097900187480263,1.314998371526599e-06,5.8969999372493476e-06,1.490006980020553e-07,3.0506002076435834e-05,1.18200114229694e-06,0.0008468509986414574,0.004153149001358543,0.004233951000060188,0,0,0,200.0,0.0,0,0.0,nan,nan,nan,,,,,unknown,unknown,nan,,nan,,1.0,0.0,0.0,nan,nan,0.0,0,,987022776,F04_M01_05,MDCEB22F,measured,baseline,0.5,,0,0,nan,nan,nan,nan,nan,-0.020127127972847048,0.0,0.03345560835590672,0.039043296619255624,1,0,0,0,ad4b715165e84dd399d377549dc111fb1309cda1260e23e9ee621d07fad63984,6ba3dffa4798388fb8057a608cfa40a0e24aeba9257d245b2d5103a1844d1115
4,2.1611387910015765,nan,PREP,,KFB_TIMING,kfb_timing,-0.002050028024253775,-0.004205368140803302,0.10470838801771276,1,-28.28571428571429,0,0.3124935850816483,-0.0014108114275370046,0.454379548206369,0.31248997582448357,-0.0014098383945910882,0.45435445169512795,-0.6376523186342887,0.46352955138469387,0.666089728536334,-0.4473153362125951,-0.6028197388699008,0.19003251321867892,1.0320540930242887,200.0,13.0,1.2,0.5,0.3,3.0,IDLE,0.08,nan,0,0.05,20.0,0,unknown,unknown,nan,0,0.0,0,0.005162060999282403,1,0.00021558899970841594,1.8674003513297066e-05,0.00015623199942638166,1.1760021152440459e-06,4.923000233247876e-06,1.3299722922965884e-07,2.48910000664182e-05,1.1269985407125205e-06,0.0004853289974562358,0.004514671002543764,0.004673177001677686,0,0,0,200.0,0.0,0,0.0,nan,nan,nan,,,,,unknown,unknown,nan,,nan,,1.0,0.0,0.0,nan,nan,0.0,0,,992341324,F04_M01_05,MDCEB22F,measured,baseline,0.5,,0,0,nan,nan,nan,nan,nan,-0.018826159317144375,0.0,0.033044864268166996,0.038031399252934174,1,0,0,0,ad4b715165e84dd399d377549dc111fb1309cda1260e23e9ee621d07fad63984,6ba3dffa4798388fb8057a608cfa40a0e24aeba9257d245b2d5103a1844d1115
4,2.1663955620024353,nan,PREP,,KFB_TIMING,kfb_timing,-0.0019181990204319987,-0.004274202077908535,0.10453600960054601,1,-28.28571428571429,0,0.3124935850816483,-0.0014108114275370046,0.454379548206369,0.3124895912168056,-0.0014109551015222934,0.4543569423643053,-0.6353637458250265,0.46421895450777195,0.6689966825770182,-0.4476980679077953,-0.602134594830314,0.19064790947841012,1.0328324590814104,200.0,13.0,1.2,0.5,0.3,3.0,IDLE,0.08,nan,0,0.05,20.0,0,unknown,unknown,nan,0,0.0,0,0.005256771000858862,1,0.00028917199961142614,1.9785002223215997e-05,0.00022701899797539227,1.2279997463338077e-06,6.048001523595303e-06,1.269982021767646e-07,3.096300133620389e-05,1.1350020940881222e-06,0.0006476499984273687,0.004352350001572631,0.00460178999855998,0,0,0,200.0,0.0,0,0.0,nan,nan,nan,,,,,unknown,unknown,nan,,nan,,1.0,0.0,0.0,nan,nan,0.0,0,,997595200,F04_M01_05,MDCEB22F,measured,baseline,0.5,,0,0,nan,nan,nan,nan,nan,-0.017681872912513275,0.0,0.03449834128850909,0.03876576042531246,1,0,0,0,ad4b715165e84dd399d377549dc111fb1309cda1260e23e9ee621d07fad63984,6ba3dffa4798388fb8057a608cfa40a0e24aeba9257d245b2d5103a1844d1115
4,2.1715920269998605,nan,PREP,,KFB_TIMING,kfb_timing,-0.0017939714403412688,-0.004351895224954603,0.10435877075888916,1,-28.28571428571429,0,0.3124935850816483,-0.0014108114275370046,0.454379548206369,0.3124904121727152,-0.0014109801266144924,0.45435569044676344,-0.6319082332283114,0.46235078300002747,0.669344298318669,-0.4463231516603986,-0.5999170407486858,0.19021204665482355,1.0300961369960455,200.0,13.0,1.2,0.5,0.3,3.0,IDLE,0.08,nan,0,0.05,20.0,0,unknown,unknown,nan,0,0.0,0,0.00519646499742521,1,0.00033328499921481125,2.035999932559207e-05,0.00017783400107873604,1.5129990060813725e-06,5.99000122747384e-06,1.400003384333104e-07,3.011399894603528e-05,1.2639975466299802e-06,0.0006440569995902479,0.004355943000409752,0.004543735001789173,0,0,0,200.0,0.0,0,0.0,nan,nan,nan,,,,,unknown,unknown,nan,,nan,,1.0,0.0,0.0,nan,nan,0.0,0,,1003063654,F04_M01_05,MDCEB22F,measured,baseline,0.5,,0,0,nan,nan,nan,nan,nan,-0.01595411661415569,0.0,0.03467214915933453,0.0381666315551323,1,0,0,0,ad4b715165e84dd399d377549dc111fb1309cda1260e23e9ee621d07fad63984,6ba3dffa4798388fb8057a608cfa40a0e24aeba9257d245b2d5103a1844d1115
4,2.1767650680012594,nan,PREP,,KFB_TIMING,kfb_timing,-0.001696041389533165,-0.004392623874312743,0.10420097023683403,1,-28.28571428571429,0,0.3124935850816483,-0.0014108114275370046,0.454379548206369,0.31249065192339454,-0.0014117817965812905,0.4543567526967166,-0.6304809636135663,0.46074487015210874,0.6688430375730986,-0.44503035986263223,-0.5987679213355135,0.18967204408293448,1.028174639718654,200.0,13.0,1.2,0.5,0.3,3.0,IDLE,0.08,nan,0,0.05,20.0,0,unknown,unknown,nan,0,0.0,0,0.005173041001398815,1,0.00040865700066206045,3.416600156924687e-05,0.00031667700022808276,2.820001100189984e-06,6.54099858365953e-06,1.3499811757355928e-07,3.192100120941177e-05,3.872099841828458e-05,0.0009551360017212573,0.004044863998278743,0.004213986001559533,0,0,0,200.0,0.0,0,0.0,nan,nan,nan,,,,,unknown,unknown,nan,,nan,,1.0,0.0,0.0,nan,nan,0.0,0,,1008161593,F04_M01_05,MDCEB22F,measured,baseline,0.5,,0,0,nan,nan,nan,nan,nan,-0.015240481806783168,0.0,0.03442151878654931,0.037644564564830015,1,0,0,0,ad4b715165e84dd399d377549dc111fb1309cda1260e23e9ee621d07fad63984,6ba3dffa4798388fb8057a608cfa40a0e24aeba9257d245b2d5103a1844d1115
4,2.181905565001216,nan,PREP,,KFB_TIMING,kfb_timing,-0.0015855680914846348,-0.0044512343465987585,0.10402491208376227,1,-28.28571428571429,0,0.3124935850816483,-0.0014108114275370046,0.454379548206369,0.3124905367363156,-0.001410441023242167,0.45435856759018667,-0.6292029147094477,0.45972747187321367,0.6694449039249435,-0.44407842827065813,-0.598048149300545,0.18889127857340948,1.0273276671368672,200.0,13.0,1.2,0.5,0.3,3.0,IDLE,0.08,nan,0,0.05,20.0,0,unknown,unknown,nan,0,0.0,0,0.005140496999956667,1,0.00023886199778644368,2.2375999833457172e-05,0.00046167099935701117,1.4430006558541209e-06,5.9779995353892446e-06,1.320004230365157e-07,4.030900163343176e-05,4.380999598652124e-06,0.0008541870010958519,0.004145812998904148,0.004282893001800403,0,0,0,200.0,0.0,0,0.0,nan,nan,nan,,,,,unknown,unknown,nan,,nan,,1.0,0.0,0.0,nan,nan,0.0,0,,1013087885,F04_M01_05,MDCEB22F,measured,baseline,0.5,,0,0,nan,nan,nan,nan,nan,-0.014601457354723846,0.0,0.034722451962471756,0.0376676416459536,1,0,0,0,ad4b715165e84dd399d377549dc111fb1309cda1260e23e9ee621d07fad63984,6ba3dffa4798388fb8057a608cfa40a0e24aeba9257d245b2d5103a1844d1115
4,2.1871047870008624,nan,PREP,,KFB_TIMING,kfb_timing,-0.001468903319908177,-0.004518788262321452,0.10384216915759613,1,-28.28571428571429,0,0.3124935850816483,-0.0014108114275370046,0.454379548206369,0.31249046466820724,-0.0014112056855771745,0.4543565656833166,-0.6266676559616762,0.4607284603553966,0.6674174170855348,-0.44423704749928766,-0.5958587040690169,0.18869559640715192,1.0249044218067764,200.0,13.0,1.2,0.5,0.3,3.0,IDLE,0.08,nan,0,0.05,20.0,0,unknown,unknown,nan,0,0.0,0,0.005199221999646397,1,0.00032004799868445843,2.0417999621713534e-05,0.00017443199976696633,1.3790013326797634e-06,5.900001269765198e-06,1.309999788645655e-07,3.0110000807326287e-05,1.2019991117995232e-06,0.0006268039978749584,0.004373196002125042,0.004567130999930669,0,0,0,200.0,0.0,0,0.0,nan,nan,nan,,,,,unknown,unknown,nan,,nan,,1.0,0.0,0.0,nan,nan,0.0,0,,1018281090,F04_M01_05,MDCEB22F,measured,baseline,0.5,,0,0,nan,nan,nan,nan,nan,-0.013333827980838098,0.0,0.03370870854276742,0.03625007586535264,1,0,0,0,ad4b715165e84dd399d377549dc111fb1309cda1260e23e9ee621d07fad63984,6ba3dffa4798388fb8057a608cfa40a0e24aeba9257d245b2d5103a1844d1115
4,2.1922723470015626,nan,PREP,,KFB_TIMING,kfb_timing,-0.0013585600423274002,-0.004567926672079395,0.10366810451382996,1,-28.28571428571429,0,0.3124935850816483,-0.0014108114275370046,0.454379548206369,0.31249041995483146,-0.001411066366994826,0.4543557583118095,-0.6274128774322397,0.46223649966597913,0.6672546281028585,-0.4447858044180524,-0.596458548812927,0.18857013557572738,1.0259328628696633,200.0,13.0,1.2,0.5,0.3,3.0,IDLE,0.08,nan,0,0.05,20.0,0,unknown,unknown,nan,0,0.0,0,0.005167560000700178,1,0.00032868999915081076,2.5893998099491e-05,0.0001535199990030378,1.6470003174617887e-06,5.304998921928927e-06,1.400003384333104e-07,2.871500328183174e-05,1.1849988368339837e-06,0.0006192079999891575,0.0043807920000108426,0.004543015998933697,0,0,0,200.0,0.0,0,0.0,nan,nan,nan,,,,,unknown,unknown,nan,,nan,,1.0,0.0,0.0,nan,nan,0.0,0,,1023368157,F04_M01_05,MDCEB22F,measured,baseline,0.5,,0,0,nan,nan,nan,nan,nan,-0.013706438716119873,0.0,0.03362731405142927,0.03631339577335342,1,0,0,0,ad4b715165e84dd399d377549dc111fb1309cda1260e23e9ee621d07fad63984,6ba3dffa4798388fb8057a608cfa40a0e24aeba9257d245b2d5103a1844d1115
4,2.197513772000093,nan,PREP,,KFB_TIMING,kfb_timing,-0.001255469434199824,-0.004607101290406715,0.10348384858390493,1,-28.28571428571429,0,0.3124935850816483,-0.0014108114275370046,0.454379548206369,0.31249037784778994,-0.0014095246967294143,0.4543559447673805,-0.6243638087747628,0.4629398701600319,0.6649312503697985,-0.44491546318735153,-0.5938785878798756,0.18838783447466526,1.0228768531987902,200.0,13.0,1.2,0.5,0.3,3.0,IDLE,0.08,nan,0,0.05,20.0,0,unknown,unknown,nan,0,0.0,0,0.0052414249985304195,1,0.0001663170005485881,2.8016998840030283e-05,0.00021900700085097924,1.911997969727963e-06,6.657999620074406e-06,1.2499731383286417e-07,3.463400207692757e-05,1.4360011846292764e-06,0.0005446559989650268,0.004455344001034973,0.0046875080006429926,0,0,0,200.0,0.0,0,0.0,nan,nan,nan,,,,,unknown,unknown,nan,,nan,,1.0,0.0,0.0,nan,nan,0.0,0,,1028594792,F04_M01_05,MDCEB22F,measured,baseline,0.5,,0,0,nan,nan,nan,nan,nan,-0.012181904387381426,0.0,0.03246562518489926,0.03467586499497407,1,0,0,0,ad4b715165e84dd399d377549dc111fb1309cda1260e23e9ee621d07fad63984,6ba3dffa4798388fb8057a608cfa40a0e24aeba9257d245b2d5103a1844d1115
4,2.2027280500005872,nan,PREP,,KFB_TIMING,kfb_timing,-0.0011320176328029063,-0.004636583552523087,0.10328574606261913,1,-28.28571428571429,0,0.3124935850816483,-0.0014108114275370046,0.454379548206369,0.31248982021948035,-0.001410003538359495,0.45435439423982754,-0.6253664137724019,0.4630830579544455,0.665346994731352,-0.444949552068377,-0.5947271596631836,0.18836874277683419,1.0238240539453236,200.0,13.0,1.2,0.5,0.3,3.0,IDLE,0.08,nan,0,0.05,20.0,0,unknown,unknown,nan,0,0.0,0,0.005214278000494232,1,0.00020730200049001724,2.0972998754587024e-05,0.00018391699995845556,1.463002263335511e-06,5.848000000696629e-06,1.3400131138041615e-07,3.091699909418821e-05,1.1929987522307783e-06,0.0005260590005491395,0.004473940999450861,0.004679049001424573,0,0,0,200.0,0.0,0,0.0,nan,nan,nan,,,,,unknown,unknown,nan,,nan,,1.0,0.0,0.0,nan,nan,0.0,0,,1034066942,F04_M01_05,MDCEB22F,measured,baseline,0.5,,0,0,nan,nan,nan,nan,nan,-0.012683206886200948,0.0,0.032673497365675985,0.035048839738613474,1,0,0,0,ad4b715165e84dd399d377549dc111fb1309cda1260e23e9ee621d07fad63984,6ba3dffa4798388fb8057a608cfa40a0e24aeba9257d245b2d5103a1844d1115
4,2.207831833002274,nan,PREP,,KFB_TIMING,kfb_timing,-0.001002250861418058,-0.004675293149138745,0.10308623172529971,1,-28.28571428571429,0,0.3124935850816483,-0.0014108114275370046,0.454379548206369,0.31249055629432104,-0.0014105480782766492,0.45435533390781724,-0.6262926655097085,0.46045113240144087,0.6669894293260149,-0.4433206399027738,-0.5958732205644989,0.18792542009403815,1.024271764247003,200.0,13.0,1.2,0.5,0.3,3.0,IDLE,0.08,nan,0,0.05,20.0,0,unknown,unknown,nan,0,0.0,0,0.005103783001686679,1,0.00029336800071178004,3.1201001547742635e-05,0.0003206189976481255,2.221000613644719e-06,7.2599978011567146e-06,2.0999868866056204e-07,3.8554997445316985e-05,1.443997462047264e-06,0.000791116999607766,0.004208883000392234,0.004304385001887567,0,0,0,200.0,0.0,0,0.0,nan,nan,nan,,,,,unknown,unknown,nan,,nan,,1.0,0.0,0.0,nan,nan,0.0,0,,1039418098,F04_M01_05,MDCEB22F,measured,baseline,0.5,,0,0,nan,nan,nan,nan,nan,-0.013146332754854273,0.0,0.03349471466300746,0.03598224527815964,1,0,0,0,ad4b715165e84dd399d377549dc111fb1309cda1260e23e9ee621d07fad63984,6ba3dffa4798388fb8057a608cfa40a0e24aeba9257d245b2d5103a1844d1115
4,2.212994787001662,nan,PREP,,KFB_TIMING,kfb_timing,-0.0008853836101933577,-0.004686511714537899,0.10289636229551662,1,-28.28571428571429,0,0.3124935850816483,-0.0014108114275370046,0.454379548206369,0.31249072826013186,-0.0014101367623452947,0.45435655403005404,-0.6226455629817715,0.4554929549179354,0.6637895328885889,-0.4401142307272014,-0.5925832621355693,0.187306181132023,1.017731729412624,200.0,13.0,1.2,0.5,0.3,3.0,IDLE,0.08,nan,0,0.05,20.0,0,unknown,unknown,nan,0,0.0,0,0.0051629539993882645,1,0.00037563499790849164,3.5831999412039295e-05,0.00047287499910453334,2.4379987735301256e-06,7.382001058431342e-06,1.2100281310267746e-07,3.7412999517982826e-05,1.6470003174617887e-06,0.0010375489982834551,0.003962451001716545,0.004111976999411127,0,0,0,200.0,0.0,0,0.0,nan,nan,nan,,,,,unknown,unknown,nan,,nan,,1.0,0.0,0.0,nan,nan,0.0,0,,1044358503,F04_M01_05,MDCEB22F,measured,baseline,0.5,,0,0,nan,nan,nan,nan,nan,-0.01132278149088578,0.0,0.03189476644429445,0.033844962804329345,1,0,0,0,ad4b715165e84dd399d377549dc111fb1309cda1260e23e9ee621d07fad63984,6ba3dffa4798388fb8057a608cfa40a0e24aeba9257d245b2d5103a1844d1115
4,2.218165369002236,nan,PREP,,KFB_TIMING,kfb_timing,-0.0007764616464370766,-0.004706348003577207,0.1026960328353454,1,-28.28571428571429,0,0.3124935850816483,-0.0014108114275370046,0.454379548206369,0.31249029339824974,-0.001410511772917536,0.45435643457669705,-0.6228550623740134,0.45147517177769003,0.6631163010402401,-0.4374058678350856,-0.5926329398216302,0.18708301393828308,1.0156286172425042,200.0,13.0,1.2,0.5,0.3,3.0,IDLE,0.08,nan,0,0.05,20.0,0,unknown,unknown,nan,0,0.0,0,0.005170582000573631,1,0.0002213260013377294,2.901699917856604e-05,0.0004214429973217193,1.3130011211615056e-06,6.0540005506481975e-06,1.2899909052066505e-07,3.127099989796989e-05,4.870002157986164e-06,0.0008129429988912307,0.004187057001108769,0.004354003998741973,0,0,0,200.0,0.0,0,0.0,nan,nan,nan,,,,,unknown,unknown,nan,,nan,,1.0,0.0,0.0,nan,nan,0.0,0,,1049332739,F04_M01_05,MDCEB22F,measured,baseline,0.5,,0,0,nan,nan,nan,nan,nan,-0.011427531187006734,0.0,0.031558150520120065,0.033563452344485746,1,0,0,0,ad4b715165e84dd399d377549dc111fb1309cda1260e23e9ee621d07fad63984,6ba3dffa4798388fb8057a608cfa40a0e24aeba9257d245b2d5103a1844d1115
4,2.223332286001096,nan,PREP,,KFB_TIMING,kfb_timing,-0.0006814319469976848,-0.004726282209805959,0.1025024908060437,1,-28.28571428571429,0,0.3124935850816483,-0.0014108114275370046,0.454379548206369,0.3124906420675019,-0.0014111212249354943,0.45435468103269927,-0.6209735073459447,0.44870170338993204,0.6606130653897013,-0.4353224150096354,-0.5907830499964286,0.1871404790153307,1.011608094873765,200.0,13.0,1.2,0.5,0.3,3.0,IDLE,0.08,nan,0,0.05,20.0,0,unknown,unknown,nan,0,0.0,0,0.005166916998859961,1,0.000261913999565877,2.004800262511708e-05,0.0002184370023314841,1.4500001270789653e-06,5.889000021852553e-06,1.3699900591745973e-07,3.0439001420745626e-05,1.233998773386702e-06,0.0006121519982116297,0.00438784800178837,0.004551138998067472,0,0,0,200.0,0.0,0,0.0,nan,nan,nan,,,,,unknown,unknown,nan,,nan,,1.0,0.0,0.0,nan,nan,0.0,0,,1054929010,F04_M01_05,MDCEB22F,measured,baseline,0.5,,0,0,nan,nan,nan,nan,nan,-0.01048675367297236,0.0,0.030306532694850674,0.032069579457511634,1,0,0,0,ad4b715165e84dd399d377549dc111fb1309cda1260e23e9ee621d07fad63984,6ba3dffa4798388fb8057a608cfa40a0e24aeba9257d245b2d5103a1844d1115
4,2.2284433179993357,nan,PREP,,KFB_TIMING,kfb_timing,-0.0005866234385039915,-0.004755742700516642,0.10231665957368502,1,-28.28571428571429,0,0.3124935850816483,-0.0014108114275370046,0.454379548206369,0.3124907996780636,-0.0014107546552911002,0.45435533572538456,-0.621179703769591,0.44929881351105466,0.6604765659411921,-0.43534948070460994,-0.5910101528701948,0.18788139433435164,1.0119105406878555,200.0,13.0,1.2,0.5,0.3,3.0,IDLE,0.08,nan,0,0.05,20.0,0,unknown,unknown,nan,0,0.0,0,0.005111031998239923,1,0.00041667400000733323,2.0846997358603403e-05,0.00048480300029041246,1.7419988580513746e-06,5.890000466024503e-06,1.2600139598362148e-07,3.122199996141717e-05,1.4370016288012266e-06,0.0010423210005683359,0.003957678999431664,0.004065013999934308,0,0,0,200.0,0.0,0,0.0,nan,nan,nan,,,,,unknown,unknown,nan,,nan,,1.0,0.0,0.0,nan,nan,0.0,0,,1059526188,F04_M01_05,MDCEB22F,measured,baseline,0.5,,0,0,nan,nan,nan,nan,nan,-0.010589851884795498,0.0,0.030238282970596053,0.03203901871081176,1,0,0,0,ad4b715165e84dd399d377549dc111fb1309cda1260e23e9ee621d07fad63984,6ba3dffa4798388fb8057a608cfa40a0e24aeba9257d245b2d5103a1844d1115
4,2.233617238001898,nan,PREP,,KFB_TIMING,kfb_timing,-0.0004786810035425082,-0.004765891421508075,0.10210679516647964,1,-28.28571428571429,0,0.3124935850816483,-0.0014108114275370046,0.454379548206369,0.31249066291677524,-0.0014105901524391687,0.4543547713800421,-0.6235636771983779,0.44787755898883197,0.6587463311383809,-0.4341608764758824,-0.5921988188333729,0.18742734938216304,1.0116188492486857,200.0,13.0,1.2,0.5,0.3,3.0,IDLE,0.08,nan,0,0.05,20.0,0,unknown,unknown,nan,0,0.0,0,0.005173920002562227,1,0.0002537629989092238,1.9515999156283215e-05,0.00015497200001846068,1.0690018825698644e-06,4.742003511637449e-06,1.2300006346777081e-07,2.3746997612761334e-05,1.1039992386940867e-06,0.0005209410010138527,0.0044790589989861474,0.004648381996958051,0,0,0,200.0,0.0,0,0.0,nan,nan,nan,,,,,unknown,unknown,nan,,nan,,1.0,0.0,0.0,nan,nan,0.0,0,,1064769098,F04_M01_05,MDCEB22F,measured,baseline,0.5,,0,0,nan,nan,nan,nan,nan,-0.011781838599188965,0.0,0.02937316556919045,0.03164797902445612,1,0,0,0,ad4b715165e84dd399d377549dc111fb1309cda1260e23e9ee621d07fad63984,6ba3dffa4798388fb8057a608cfa40a0e24aeba9257d245b2d5103a1844d1115
4,2.2387161860024207,nan,PREP,,KFB_TIMING,kfb_timing,-0.00036994399634016073,-0.004758258899038223,0.10190752187494379,1,-28.28571428571429,0,0.3124935850816483,-0.0014108114275370046,0.454379548206369,0.3124899336747228,-0.0014100094498140977,0.45435504983108077,-0.6297076230791421,0.4484573670716212,0.6595772777351724,-0.43433254119483256,-0.5966480242586867,0.18715697669963446,1.0162125200711385,200.0,13.0,1.2,0.5,0.3,3.0,IDLE,0.08,nan,0,0.05,20.0,0,unknown,unknown,nan,0,0.0,0,0.005098948000522796,1,0.0002996139992319513,1.9430997781455517e-05,0.0001772110008460004,1.0539988579694182e-06,4.968998837284744e-06,1.3300086720846593e-07,2.4086999474093318e-05,1.158001396106556e-06,0.0005902379998588003,0.0044097620001412,0.004499480997765204,0,0,0,200.0,0.0,0,0.0,nan,nan,nan,,,,,unknown,unknown,nan,,nan,,1.0,0.0,0.0,nan,nan,0.0,0,,1070098905,F04_M01_05,MDCEB22F,measured,baseline,0.5,,0,0,nan,nan,nan,nan,nan,-0.014853811539571049,0.0,0.029788638867586203,0.03328661476985248,1,0,0,0,ad4b715165e84dd399d377549dc111fb1309cda1260e23e9ee621d07fad63984,6ba3dffa4798388fb8057a608cfa40a0e24aeba9257d245b2d5103a1844d1115
4,2.2438502559998597,nan,PREP,,KFB_TIMING,kfb_timing,-0.00026277363552718036,-0.004758904549318547,0.10168844176111622,1,-28.28571428571429,0,0.3124935850816483,-0.0014108114275370046,0.454379548206369,0.31249032967015405,-0.001411016328362412,0.4543545701377951,-0.6319649675876575,0.4500753257234602,0.659659476771802,-0.43519084950704623,-0.5982370502261956,0.18703650416028747,1.0183801571014606,200.0,13.0,1.2,0.5,0.3,3.0,IDLE,0.08,nan,0,0.05,20.0,0,unknown,unknown,nan,0,0.0,0,0.005134069997438928,1,0.00023662700186832808,3.3160999009851366e-05,0.0004274769999028649,1.8669998098630458e-06,5.965997843304649e-06,1.400003384333104e-07,3.0571998649975285e-05,1.4599972928408533e-06,0.0008278479981527198,0.00417215200184728,0.004301976998249302,0,0,0,200.0,0.0,0,0.0,nan,nan,nan,,,,,unknown,unknown,nan,,nan,,1.0,0.0,0.0,nan,nan,0.0,0,,1075369562,F04_M01_05,MDCEB22F,measured,baseline,0.5,,0,0,nan,nan,nan,nan,nan,-0.015982483793828772,0.0,0.029829738385901028,0.033841588029986075,1,0,0,0,ad4b715165e84dd399d377549dc111fb1309cda1260e23e9ee621d07fad63984,6ba3dffa4798388fb8057a608cfa40a0e24aeba9257d245b2d5103a1844d1115
4,2.2489937620011915,nan,PREP,,KFB_TIMING,kfb_timing,-0.00016982482070035387,-0.004778192898354674,0.10148155578029683,1,-28.28571428571429,0,0.3124935850816483,-0.0014108114275370046,0.454379548206369,0.3124907988955226,-0.001411110812512023,0.4543551290563874,-0.6316517070709771,0.45075726066369515,0.6582190659315962,-0.435380087950712,-0.5976066891416943,0.18664365770710406,1.017555072633703,200.0,13.0,1.2,0.5,0.3,3.0,IDLE,0.08,nan,0,0.05,20.0,0,unknown,unknown,nan,0,0.0,0,0.0051435060013318434,1,0.00037937899833195843,2.4705997930141166e-05,0.0004220429982524365,2.1279993234202266e-06,7.524999091401696e-06,1.3699900591745973e-07,4.144400008954108e-05,1.57699832925573e-06,0.0009750360004545655,0.004024963999545435,0.00416458199833869,0,0,0,200.0,0.0,0,0.0,nan,nan,nan,,,,,unknown,unknown,nan,,nan,,1.0,0.0,0.0,nan,nan,0.0,0,,1080030972,F04_M01_05,MDCEB22F,measured,baseline,0.5,,0,0,nan,nan,nan,nan,nan,-0.015825853535488543,0.0,0.0291095329657981,0.03313340534285031,1,0,0,0,ad4b715165e84dd399d377549dc111fb1309cda1260e23e9ee621d07fad63984,6ba3dffa4798388fb8057a608cfa40a0e24aeba9257d245b2d5103a1844d1115
4,2.2542468720021134,nan,PREP,,KFB_TIMING,kfb_timing,-6.486352027243458e-05,-0.004796277677671179,0.10124465363141355,1,-28.28571428571429,0,0.3124935850816483,-0.0014108114275370046,0.454379548206369,0.3124908694702331,-0.0014091119610922208,0.4543569181275373,-0.6311574697794929,0.4549979588407376,0.6532903892553061,-0.4378515258265377,-0.5958625595839522,0.18749331145669781,1.0159582800986655,200.0,13.0,1.2,0.5,0.3,3.0,IDLE,0.08,nan,0,0.05,20.0,0,unknown,unknown,nan,0,0.0,0,0.005253110000921879,1,0.00021227699835435487,2.485399818397127e-05,0.0001357689980068244,1.2550008250400424e-06,5.0769995141308755e-06,1.320004230365157e-07,2.528999903006479e-05,4.655001248465851e-06,0.0004802750008821022,0.004519724999117898,0.004763993998494698,0,0,0,200.0,0.0,0,0.0,nan,nan,nan,,,,,unknown,unknown,nan,,nan,,1.0,0.0,0.0,nan,nan,0.0,0,,1085350903,F04_M01_05,MDCEB22F,measured,baseline,0.5,,0,0,nan,nan,nan,nan,nan,-0.015578734889746482,0.0,0.02664519462765308,0.030865245463312242,1,0,0,0,ad4b715165e84dd399d377549dc111fb1309cda1260e23e9ee621d07fad63984,6ba3dffa4798388fb8057a608cfa40a0e24aeba9257d245b2d5103a1844d1115
4,2.2594363930002146,nan,PREP,,KFB_TIMING,kfb_timing,4.5959616916141366e-05,-0.004841888642188704,0.10101161526632302,1,-28.28571428571429,0,0.3124935850816483,-0.0014108114275370046,0.454379548206369,0.3124910959048263,-0.0014101744783823148,0.4543563082606704,-0.634025261387769,0.45568903256388515,0.650898893474838,-0.43805143483968395,-0.5972002045112037,0.18754326426258738,1.016518517294991,200.0,13.0,1.2,0.5,0.3,3.0,IDLE,0.08,nan,0,0.05,20.0,0,unknown,unknown,nan,0,0.0,0,0.005189520998101216,1,0.00019976299881818704,2.273700010846369e-05,0.00021081900194985792,1.720000000204891e-06,5.926998710492626e-06,1.449989213142544e-07,3.5987999581266195e-05,1.2470009096432477e-06,0.0005544909981836099,0.00444550900181639,0.004629037997801788,0,0,0,200.0,0.0,0,0.0,nan,nan,nan,,,,,unknown,unknown,nan,,nan,,1.0,0.0,0.0,nan,nan,0.0,0,,1090827911,F04_M01_05,MDCEB22F,measured,baseline,0.5,,0,0,nan,nan,nan,nan,nan,-0.017012630693884534,0.0,0.025449446737419,0.03061215350750791,1,0,0,0,ad4b715165e84dd399d377549dc111fb1309cda1260e23e9ee621d07fad63984,6ba3dffa4798388fb8057a608cfa40a0e24aeba9257d245b2d5103a1844d1115
4,2.264615836000303,nan,PREP,,KFB_TIMING,kfb_timing,0.00015036553726185953,-0.004860103549928016,0.10077900854315346,1,-28.28571428571429,0,0.3124935850816483,-0.0014108114275370046,0.454379548206369,0.31249067256959195,-0.0014114964634885556,0.45435605859221384,-0.6401336422228595,0.45491424893028937,0.6504474818672298,-0.437388168211824,-0.6014553240640208,0.1875368074187599,1.0197058303514466,200.0,13.0,1.2,0.5,0.3,3.0,IDLE,0.08,nan,0,0.05,20.0,0,unknown,unknown,nan,0,0.0,0,0.005179443000088213,1,0.0003323639975860715,2.8513000870589167e-05,0.00035451100120553747,1.6660014807712287e-06,5.971996870357543e-06,1.1700103641487658e-07,3.358200046932325e-05,1.5839978004805744e-06,0.0008396709999942686,0.0041603290000057315,0.004335924000770319,0,0,0,200.0,0.0,0,0.0,nan,nan,nan,,,,,unknown,unknown,nan,,nan,,1.0,0.0,0.0,nan,nan,0.0,0,,1096091006,F04_M01_05,MDCEB22F,measured,baseline,0.5,,0,0,nan,nan,nan,nan,nan,-0.020066821111429767,0.0,0.025223740933614902,0.032232195336406165,1,0,0,0,ad4b715165e84dd399d377549dc111fb1309cda1260e23e9ee621d07fad63984,6ba3dffa4798388fb8057a608cfa40a0e24aeba9257d245b2d5103a1844d1115
4,2.2696954010025365,nan,PREP,,KFB_TIMING,kfb_timing,0.00025514297052212087,-0.004869622099016049,0.10055422616554231,1,-28.28571428571429,0,0.3124935850816483,-0.0014108114275370046,0.454379548206369,0.3124910707731518,-0.0014118664081435332,0.45435628299226305,-0.6445922624947423,0.4552303092573749,0.6484303977318568,-0.43742313013784206,-0.6041666936478259,0.1881108788847166,1.02136957074183,200.0,13.0,1.2,0.5,0.3,3.0,IDLE,0.08,nan,0,0.05,20.0,0,unknown,unknown,nan,0,0.0,0,0.005079565002233721,1,0.00037982900175848044,2.0881998352706432e-05,0.000416300001234049,1.148000592365861e-06,4.923000233247876e-06,1.4399847714230418e-07,2.79079977190122e-05,1.1499978427309543e-06,0.0009173590005957521,0.004082640999404248,0.004158253999776207,0,0,0,200.0,0.0,0,0.0,nan,nan,nan,,,,,unknown,unknown,nan,,nan,,1.0,0.0,0.0,nan,nan,0.0,0,,1100821907,F04_M01_05,MDCEB22F,measured,baseline,0.5,,0,0,nan,nan,nan,nan,nan,-0.022296131247371176,0.0,0.024215198865928433,0.03291645978407251,1,0,0,0,ad4b715165e84dd399d377549dc111fb1309cda1260e23e9ee621d07fad63984,6ba3dffa4798388fb8057a608cfa40a0e24aeba9257d245b2d5103a1844d1115
4,2.2748651820002124,nan,PREP,,KFB_TIMING,kfb_timing,0.00035198251163243155,-0.004887838289763535,0.10032410724024407,1,-28.28571428571429,0,0.3124935850816483,-0.0014108114275370046,0.454379548206369,0.31249133578817007,-0.0014104912534823877,0.45435698592442864,-0.6522675887010748,0.4551958093911752,0.6459293089630056,-0.4373124124029977,-0.6088311188131812,0.18876135304395564,1.0246369622137528,200.0,13.0,1.2,0.5,0.3,3.0,IDLE,0.08,nan,0,0.05,20.0,0,unknown,unknown,nan,0,0.0,0,0.0051697809976758435,1,0.0002467240010446403,2.5940997147699818e-05,0.00017070600006263703,1.5649966371711344e-06,6.436999683501199e-06,1.720000000204891e-07,3.82169964723289e-05,1.4789984561502934e-06,0.0005790769973827992,0.004420923002617201,0.004584505000821082,0,0,0,200.0,0.0,0,0.0,nan,nan,nan,,,,,unknown,unknown,nan,,nan,,1.0,0.0,0.0,nan,nan,0.0,0,,1106401196,F04_M01_05,MDCEB22F,measured,baseline,0.5,,0,0,nan,nan,nan,nan,nan,-0.02613379435053742,0.0,0.02296465448150281,0.034790092880171916,1,0,0,0,ad4b715165e84dd399d377549dc111fb1309cda1260e23e9ee621d07fad63984,6ba3dffa4798388fb8057a608cfa40a0e24aeba9257d245b2d5103a1844d1115
4,2.2800383909998345,nan,PREP,,KFB_TIMING,kfb_timing,0.0004554832060747471,-0.004906213359204109,0.10009530786254425,1,-28.28571428571429,0,0.3124935850816483,-0.0014108114275370046,0.454379548206369,0.31248926582645215,-0.0014126860424046907,0.4543539758372272,-0.6518209862175137,0.4562469011171244,0.6415934621863563,-0.43809459178171983,-0.6075495243707593,0.1895751717433719,1.0220929525110847,200.0,13.0,1.2,0.5,0.3,3.0,IDLE,0.08,nan,0,0.05,20.0,0,unknown,unknown,nan,0,0.0,0,0.0051732089996221475,1,0.0003756020014407113,3.113999991910532e-05,0.0004371620016172528,2.531000063754618e-06,7.144000846892595e-06,1.3799945008940995e-07,3.966100121033378e-05,1.4139986888039857e-06,0.0009899930009851232,0.004010006999014877,0.00417970699709258,0,0,0,200.0,0.0,0,0.0,nan,nan,nan,,,,,unknown,unknown,nan,,nan,,1.0,0.0,0.0,nan,nan,0.0,0,,1111032790,F04_M01_05,MDCEB22F,measured,baseline,0.5,,0,0,nan,nan,nan,nan,nan,-0.02591049310875687,0.0,0.020796731093178145,0.03322435367770004,1,0,0,0,ad4b715165e84dd399d377549dc111fb1309cda1260e23e9ee621d07fad63984,6ba3dffa4798388fb8057a608cfa40a0e24aeba9257d245b2d5103a1844d1115
4,2.285198772999138,nan,PREP,,KFB_TIMING,kfb_timing,0.0005774188451004025,-0.004941846619595918,0.09984340507691054,1,-28.28571428571429,0,0.3124935850816483,-0.0014108114275370046,0.454379548206369,0.3124903367171669,-0.0014093177853207644,0.45435580892466576,-0.6532170119876858,0.4568045836287534,0.6388415844460779,-0.4386329009494933,-0.6078469581387012,0.1899544342897697,1.0215094039664707,200.0,13.0,1.2,0.5,0.3,3.0,IDLE,0.08,nan,0,0.05,20.0,0,unknown,unknown,nan,0,0.0,0,0.005160381999303354,1,0.0001638629983062856,1.958000211743638e-05,0.0001527800013718661,2.100998244713992e-06,4.922003427054733e-06,1.360021997243166e-07,2.782800220302306e-05,1.1980009730905294e-06,0.0004365940003481228,0.004563405999651877,0.0047198119973472785,0,0,0,200.0,0.0,0,0.0,nan,nan,nan,,,,,unknown,unknown,nan,,nan,,1.0,0.0,0.0,nan,nan,0.0,0,,1116342982,F04_M01_05,MDCEB22F,measured,baseline,0.5,,0,0,nan,nan,nan,nan,nan,-0.0266085059938429,0.0,0.01942079222303894,0.03294206675050646,1,0,0,0,ad4b715165e84dd399d377549dc111fb1309cda1260e23e9ee621d07fad63984,6ba3dffa4798388fb8057a608cfa40a0e24aeba9257d245b2d5103a1844d1115
4,2.2904342760011787,nan,PREP,,KFB_TIMING,kfb_timing,0.0006859167808838385,-0.004968646829107275,0.09960112953365308,1,-28.28571428571429,0,0.3124935850816483,-0.0014108114275370046,0.454379548206369,0.31249050210220125,-0.0014114801104190312,0.45435708277656733,-0.6573328190719919,0.45820816891043903,0.6396632682457317,-0.4398964230502329,-0.6109368426241251,0.19021756976610882,1.025285451875818,200.0,13.0,1.2,0.5,0.3,3.0,IDLE,0.08,nan,0,0.05,20.0,0,unknown,unknown,nan,0,0.0,0,0.005235503002040787,1,0.00023513999985880218,2.0007002603961155e-05,0.00022170000011101365,1.4459983503911644e-06,5.9300000430084765e-06,1.449989213142544e-07,3.3034997613867745e-05,4.2909996409434825e-06,0.0005946730016148649,0.004405326998385135,0.004637162997823907,0,0,0,200.0,0.0,0,0.0,nan,nan,nan,,,,,unknown,unknown,nan,,nan,,1.0,0.0,0.0,nan,nan,0.0,0,,1121590366,F04_M01_05,MDCEB22F,measured,baseline,0.5,,0,0,nan,nan,nan,nan,nan,-0.028666409535995974,0.0,0.01983163412286587,0.034857664116642394,1,0,0,0,ad4b715165e84dd399d377549dc111fb1309cda1260e23e9ee621d07fad63984,6ba3dffa4798388fb8057a608cfa40a0e24aeba9257d245b2d5103a1844d1115
4,2.2956122780014994,nan,PREP,,KFB_TIMING,kfb_timing,0.0007802736316057934,-0.004986139241197685,0.09935720027097523,1,-28.28571428571429,0,0.3124935850816483,-0.0014108114275370046,0.454379548206369,0.3124903231233797,-0.0014109563586235854,0.45435454980536455,-0.7072549806493347,0.4623995130597732,0.6554626952227562,-0.4431912083263234,-0.648622667864664,0.19051296792993314,1.0694177210799745,200.0,13.0,1.2,0.5,0.3,3.0,IDLE,0.08,nan,0,0.05,20.0,0,unknown,unknown,nan,0,0.0,0,0.005178002000320703,1,0.00030522100132657215,2.258200038340874e-05,0.0001563239966344554,1.5359983080998063e-06,6.203998054843396e-06,1.3399767340160906e-07,3.476900019450113e-05,1.329000951955095e-06,0.000605121000262443,0.004394878999737557,0.004559993998555001,0,0,0,200.0,0.0,0,0.0,nan,nan,nan,,,,,unknown,unknown,nan,,nan,,1.0,0.0,0.0,nan,nan,0.0,0,,1126780338,F04_M01_05,MDCEB22F,measured,baseline,0.5,,0,0,nan,nan,nan,nan,nan,-0.05362749032466735,0.0,0.027731347611378132,0.060373300049486926,1,0,0,0,ad4b715165e84dd399d377549dc111fb1309cda1260e23e9ee621d07fad63984,6ba3dffa4798388fb8057a608cfa40a0e24aeba9257d245b2d5103a1844d1115
4,2.3007279299999936,nan,PREP,,KFB_TIMING,kfb_timing,0.0008677305649845979,-0.005012989291950529,0.09912483052895987,1,-28.28571428571429,0,0.3124935850816483,-0.0014108114275370046,0.454379548206369,0.31248993793043217,-0.001411091278380315,0.454355121578241,-0.7253583702719595,0.4624201775738459,0.6621073848692086,-0.44360420412021284,-0.6626132640893276,0.19011565796365643,1.0855244700371165,200.0,13.0,1.2,0.5,0.3,3.0,IDLE,0.08,nan,0,0.05,20.0,0,unknown,unknown,nan,0,0.0,0,0.005115651998494286,1,0.000319334001687821,2.0108000171603635e-05,0.0001725229994917754,1.0600015230011195e-06,4.887002432951704e-06,1.3299722922965884e-07,2.735800080699846e-05,1.1899974197149277e-06,0.0006098009980632924,0.004390199001936708,0.004501857001741882,0,0,0,200.0,0.0,0,0.0,nan,nan,nan,,,,,unknown,unknown,nan,,nan,,1.0,0.0,0.0,nan,nan,0.0,0,,1132033519,F04_M01_05,MDCEB22F,measured,baseline,0.5,,0,0,nan,nan,nan,nan,nan,-0.06267918513597975,0.0,0.03105369243460432,0.06995006835688888,1,0,0,0,ad4b715165e84dd399d377549dc111fb1309cda1260e23e9ee621d07fad63984,6ba3dffa4798388fb8057a608cfa40a0e24aeba9257d245b2d5103a1844d1115
4,2.305804827999964,nan,PREP,,KFB_TIMING,kfb_timing,0.0009546923640164073,-0.005012319311210033,0.09887772896277966,1,-28.28571428571429,0,0.3124935850816483,-0.0014108114275370046,0.454379548206369,0.31249046355010807,-0.0014123098272961175,0.4543545967970972,-0.7092646114940625,0.4647269811890766,0.660229272830624,-0.4453141500374186,-0.6515948047749507,0.1912369725962499,1.0746767648299607,200.0,13.0,1.2,0.5,0.3,3.0,IDLE,0.08,nan,0,0.05,20.0,0,unknown,unknown,nan,0,0.0,0,0.005076897999970242,1,0.0002853149999282323,1.967000207514502e-05,0.00034371799847576767,1.1209995136596262e-06,5.179997970117256e-06,1.3299722922965884e-07,2.726800084928982e-05,1.1359989002812654e-06,0.0007471210010407958,0.004252878998959204,0.004321397002058802,0,0,0,200.0,0.0,0,0.0,nan,nan,nan,,,,,unknown,unknown,nan,,nan,,1.0,0.0,0.0,nan,nan,0.0,0,,1137349519,F04_M01_05,MDCEB22F,measured,baseline,0.5,,0,0,nan,nan,nan,nan,nan,-0.05463230574703126,0.0,0.030114636415312035,0.06238253086933507,1,0,0,0,ad4b715165e84dd399d377549dc111fb1309cda1260e23e9ee621d07fad63984,6ba3dffa4798388fb8057a608cfa40a0e24aeba9257d245b2d5103a1844d1115
4,2.310904063000635,nan,PREP,,KFB_TIMING,kfb_timing,0.0010208838021198985,-0.005029931979690945,0.09864681153926227,1,-28.28571428571429,0,0.3124935850816483,-0.0014108114275370046,0.454379548206369,0.31249018246964616,-0.0014105989158469954,0.45435504484482886,-0.6849901616047666,0.4638464951525396,0.6540893191729873,-0.4448290351715924,-0.6338127923884113,0.1917980259536944,1.054607950859845,200.0,13.0,1.2,0.5,0.3,3.0,IDLE,0.08,nan,0,0.05,20.0,0,unknown,unknown,nan,0,0.0,0,0.0050992350006708875,1,0.0004572890029521659,3.240200021537021e-05,0.0003575250011635944,2.687000232981518e-06,6.908998329890892e-06,1.2400050763972104e-07,4.252399958204478e-05,1.4979996194597334e-06,0.0010011449994635768,0.003998855000536423,0.004094611998880282,0,0,0,200.0,0.0,0,0.0,nan,nan,nan,,,,,unknown,unknown,nan,,nan,,1.0,0.0,0.0,nan,nan,0.0,0,,1142027587,F04_M01_05,MDCEB22F,measured,baseline,0.5,,0,0,nan,nan,nan,nan,nan,-0.04249508080238329,0.0,0.027044659586493658,0.05037107805626566,1,0,0,0,ad4b715165e84dd399d377549dc111fb1309cda1260e23e9ee621d07fad63984,6ba3dffa4798388fb8057a608cfa40a0e24aeba9257d245b2d5103a1844d1115
4,2.3161594970006263,nan,PREP,,KFB_TIMING,kfb_timing,0.001072651372009431,-0.005065404477204161,0.09842268487095787,1,-28.28571428571429,0,0.3124935850816483,-0.0014108114275370046,0.454379548206369,0.31249043188160525,-0.0014100941837487469,0.45435567918268266,-0.6633197283822729,0.462162865304347,0.6469500367828246,-0.4439123783695189,-0.6173595985973949,0.19192380572189552,1.0354380359155997,200.0,13.0,1.2,0.5,0.3,3.0,IDLE,0.08,nan,0,0.05,20.0,0,unknown,unknown,nan,0,0.0,0,0.00525543399999151,1,0.0003278029980720021,2.0213999960105866e-05,0.00011684600031003356,1.4049983292352408e-06,5.08299854118377e-06,1.3899989426136017e-07,2.8700000257231295e-05,1.1619995348155499e-06,0.000566534999961732,0.004433465000038268,0.004680019999796059,0,0,0,200.0,0.0,0,0.0,nan,nan,nan,,,,,unknown,unknown,nan,,nan,,1.0,0.0,0.0,nan,nan,0.0,0,,1147366418,F04_M01_05,MDCEB22F,measured,baseline,0.5,,0,0,nan,nan,nan,nan,nan,-0.03165986419113648,0.0,0.023475018391412306,0.03941349374361973,1,0,0,0,ad4b715165e84dd399d377549dc111fb1309cda1260e23e9ee621d07fad63984,6ba3dffa4798388fb8057a608cfa40a0e24aeba9257d245b2d5103a1844d1115
4,2.3213366609998047,nan,PREP,,KFB_TIMING,kfb_timing,0.0011249288060703189,-0.005055959689496719,0.0981895540270193,1,-28.28571428571429,0,0.3124935850816483,-0.0014108114275370046,0.454379548206369,0.31249118801408937,-0.0014113111031778189,0.4543579415174463,-0.6426160100337169,0.4606370806549739,0.6421471616040282,-0.4430150917225786,-0.6022186036804631,0.19178168872503876,1.018574903275209,200.0,13.0,1.2,0.5,0.3,3.0,IDLE,0.08,nan,0,0.05,20.0,0,unknown,unknown,nan,0,0.0,0,0.005177163999178447,1,0.0003181809988745954,2.0772000425495207e-05,0.00019983200036222115,1.4830002328380942e-06,5.824000254506245e-06,1.2799864634871483e-07,3.661399750853889e-05,1.2359996617306024e-06,0.000657892000162974,0.004342107999837026,0.0045159299988881685,0,0,0,200.0,0.0,0,0.0,nan,nan,nan,,,,,unknown,unknown,nan,,nan,,1.0,0.0,0.0,nan,nan,0.0,0,,1152606202,F04_M01_05,MDCEB22F,measured,baseline,0.5,,0,0,nan,nan,nan,nan,nan,-0.021308005016858478,0.0,0.021073580802014102,0.029968765166711212,1,0,0,0,ad4b715165e84dd399d377549dc111fb1309cda1260e23e9ee621d07fad63984,6ba3dffa4798388fb8057a608cfa40a0e24aeba9257d245b2d5103a1844d1115
4,2.3265024530010123,nan,PREP,,KFB_TIMING,kfb_timing,0.0011699137458784092,-0.005064607254991789,0.09796521992934631,1,-28.28571428571429,0,0.3124935850816483,-0.0014108114275370046,0.454379548206369,0.3124903319649484,-0.0014103864479479353,0.4543550816363476,-0.6304627285449242,0.4590642261573292,0.6399217044326087,-0.4421992855507083,-0.5935070261552196,0.19107644907607876,1.0088225828289499,200.0,13.0,1.2,0.5,0.3,3.0,IDLE,0.08,nan,0,0.05,20.0,0,unknown,unknown,nan,0,0.0,0,0.005165792001207592,1,0.0004134959999646526,2.0056002540513873e-05,0.00016809099906822667,1.329000951955095e-06,5.916997906751931e-06,1.3899989426136017e-07,3.277999712736346e-05,3.7419995351228863e-06,0.0007191090007836465,0.004280890999216354,0.004443056001036894,0,0,0,200.0,0.0,0,0.0,nan,nan,nan,,,,,unknown,unknown,nan,,nan,,1.0,0.0,0.0,nan,nan,0.0,0,,1157847337,F04_M01_05,MDCEB22F,measured,baseline,0.5,,0,0,nan,nan,nan,nan,nan,-0.015231364272462133,0.0,0.019960852216304337,0.025108366709158475,1,0,0,0,ad4b715165e84dd399d377549dc111fb1309cda1260e23e9ee621d07fad63984,6ba3dffa4798388fb8057a608cfa40a0e24aeba9257d245b2d5103a1844d1115
4,2.3316894460003823,nan,PREP,,KFB_TIMING,kfb_timing,0.0012003340585038658,-0.005063836065541437,0.09773335697982861,1,-28.28571428571429,0,0.3124935850816483,-0.0014108114275370046,0.454379548206369,0.31249015383637535,-0.0014126063995808626,0.4543564611694004,-0.6245531457177924,0.460348079985091,0.6386508422043166,-0.44312991825976944,-0.589144280288194,0.19112635312150383,1.0049188448925777,200.0,13.0,1.2,0.5,0.3,3.0,IDLE,0.08,nan,0,0.05,20.0,0,unknown,unknown,nan,0,0.0,0,0.005186992999369977,1,0.00025379199723829515,1.964499824680388e-05,0.0004114240000490099,1.248001353815198e-06,5.411999154603109e-06,1.2400050763972104e-07,2.7940001018578187e-05,1.1989977792836726e-06,0.0007871939997130539,0.004212806000286946,0.004395872998429695,0,0,0,200.0,0.0,0,0.0,nan,nan,nan,,,,,unknown,unknown,nan,,nan,,1.0,0.0,0.0,nan,nan,0.0,0,,1163160650,F04_M01_05,MDCEB22F,measured,baseline,0.5,,0,0,nan,nan,nan,nan,nan,-0.012276572858896218,0.0,0.01932542110215829,0.022895111747609623,1,0,0,0,ad4b715165e84dd399d377549dc111fb1309cda1260e23e9ee621d07fad63984,6ba3dffa4798388fb8057a608cfa40a0e24aeba9257d245b2d5103a1844d1115
4,2.3367566390006687,nan,PREP,,KFB_TIMING,kfb_timing,0.0012169184809383005,-0.0050721366140854636,0.09751120557316498,1,-28.28571428571429,0,0.3124935850816483,-0.0014108114275370046,0.454379548206369,0.3124899242505111,-0.0014116031290278986,0.45435472541272487,-0.6227088634231401,0.46211077555015906,0.6405042007684143,-0.44428803259827215,-0.5884260772200631,0.1914947640779857,1.0057625607802736,200.0,13.0,1.2,0.5,0.3,3.0,IDLE,0.08,nan,0,0.05,20.0,0,unknown,unknown,nan,0,0.0,0,0.005067193000286352,1,0.0003153059988107998,1.9412000256124884e-05,0.00046887799908290617,1.2689997674897313e-06,5.936999514233321e-06,1.5499972505494952e-07,4.2404997657286e-05,1.272001100005582e-06,0.0009279690020775888,0.004072030997922411,0.004135387000133051,0,0,0,200.0,0.0,0,0.0,nan,nan,nan,,,,,unknown,unknown,nan,,nan,,1.0,0.0,0.0,nan,nan,0.0,0,,1167801058,F04_M01_05,MDCEB22F,measured,baseline,0.5,,0,0,nan,nan,nan,nan,nan,-0.011354431711570079,0.0,0.02025210038420716,0.023217895887972108,1,0,0,0,ad4b715165e84dd399d377549dc111fb1309cda1260e23e9ee621d07fad63984,6ba3dffa4798388fb8057a608cfa40a0e24aeba9257d245b2d5103a1844d1115
4,2.341936598000757,nan,PREP,,KFB_TIMING,kfb_timing,0.0012326238546205015,-0.005080146504749712,0.09728257377650709,1,-28.28571428571429,0,0.3124935850816483,-0.0014108114275370046,0.454379548206369,0.3124905558205201,-0.0014096473601445045,0.4543568198691069,-0.6188801642070075,0.46022614896943637,0.638071804723741,-0.4430198409263253,-0.5851861752387594,0.1911227130138441,1.000977718946602,200.0,13.0,1.2,0.5,0.3,3.0,IDLE,0.08,nan,0,0.05,20.0,0,unknown,unknown,nan,0,0.0,0,0.0051799590000882745,1,0.00020047599900863133,2.5293997168773785e-05,0.00014569999984814785,1.7210004443768412e-06,5.831003363709897e-06,1.2400050763972104e-07,3.871000080835074e-05,1.3700009731110185e-06,0.0004970279987901449,0.004502972001209855,0.00466678500015405,0,0,0,200.0,0.0,0,0.0,nan,nan,nan,,,,,unknown,unknown,nan,,nan,,1.0,0.0,0.0,nan,nan,0.0,0,,1173052313,F04_M01_05,MDCEB22F,measured,baseline,0.5,,0,0,nan,nan,nan,nan,nan,-0.009440082103503777,0.0,0.019035902361870527,0.02124807588586694,1,0,0,0,ad4b715165e84dd399d377549dc111fb1309cda1260e23e9ee621d07fad63984,6ba3dffa4798388fb8057a608cfa40a0e24aeba9257d245b2d5103a1844d1115
4,2.3471369729995786,nan,PREP,,KFB_TIMING,kfb_timing,0.0012418778645681416,-0.00507057634606157,0.09705711676639314,1,-28.28571428571429,0,0.3124935850816483,-0.0014108114275370046,0.454379548206369,0.31249024037107004,-0.0014112468380558128,0.4543562032065672,-0.6150605683374595,0.4575209722038812,0.6380013809733348,-0.4412634185022637,-0.5826588211905411,0.1907892441088068,0.9973317927620003,200.0,13.0,1.2,0.5,0.3,3.0,IDLE,0.08,nan,0,0.05,20.0,0,unknown,unknown,nan,0,0.0,0,0.005200374998821644,1,0.0002543949995015282,2.5943001674022526e-05,0.00014462200124398805,3.1360032153315842e-06,6.243000825634226e-06,1.5800105757080019e-07,4.338800135883503e-05,1.925000105984509e-06,0.0005730759985453915,0.004426924001454609,0.004622781998477876,0,0,0,200.0,0.0,0,0.0,nan,nan,nan,,,,,unknown,unknown,nan,,nan,,1.0,0.0,0.0,nan,nan,0.0,0,,1178298424,F04_M01_05,MDCEB22F,measured,baseline,0.5,,0,0,nan,nan,nan,nan,nan,-0.007530284168729751,0.0,0.019000690486667415,0.020438478872752627,1,0,0,0,ad4b715165e84dd399d377549dc111fb1309cda1260e23e9ee621d07fad63984,6ba3dffa4798388fb8057a608cfa40a0e24aeba9257d245b2d5103a1844d1115
4,2.352294611999241,nan,PREP,,KFB_TIMING,kfb_timing,0.001246243646435663,-0.005035383563267533,0.0968495614037529,1,-28.28571428571429,0,0.3124935850816483,-0.0014108114275370046,0.454379548206369,0.3124898204727043,-0.0014116215322720243,0.4543547992013587,-0.6171826724283253,0.4574398625313635,0.6412258472741628,-0.4412323909576142,-0.5849700771516252,0.1912711667341452,1.000667910043562,200.0,13.0,1.2,0.5,0.3,3.0,IDLE,0.08,nan,0,0.05,20.0,0,unknown,unknown,nan,0,0.0,0,0.005157638999662595,1,0.000293404002150055,1.718299972708337e-05,0.0002055889999610372,1.153002813225612e-06,4.237997927702963e-06,1.1600059224292636e-07,2.3527001758338884e-05,1.0229996405541897e-06,0.0005994359999021981,0.004400564000097802,0.004554152998025529,0,0,0,200.0,0.0,0,0.0,nan,nan,nan,,,,,unknown,unknown,nan,,nan,,1.0,0.0,0.0,nan,nan,0.0,0,,1183354524,F04_M01_05,MDCEB22F,measured,baseline,0.5,,0,0,nan,nan,nan,nan,nan,-0.008591336214162637,0.0,0.020612923637081393,0.02233167433966677,1,0,0,0,ad4b715165e84dd399d377549dc111fb1309cda1260e23e9ee621d07fad63984,6ba3dffa4798388fb8057a608cfa40a0e24aeba9257d245b2d5103a1844d1115
4,2.3574344299995573,nan,PREP,,KFB_TIMING,kfb_timing,0.0012409651853550197,-0.005016863704467479,0.09662154788419726,1,-28.28571428571429,0,0.3124935850816483,-0.0014108114275370046,0.454379548206369,0.3124901806122108,-0.0014121020801537787,0.4543538041846481,-0.6167556416521707,0.45710280546137166,0.6418309117952486,-0.44095587684208504,-0.5847902545749543,0.1916061993183496,1.0006385039595256,200.0,13.0,1.2,0.5,0.3,3.0,IDLE,0.08,nan,0,0.05,20.0,0,unknown,unknown,nan,0,0.0,0,0.005139818000316154,1,0.00016663000133121386,2.3704000341240317e-05,0.00019226199947297573,1.3999997463542968e-06,5.98800033912994e-06,1.360021997243166e-07,3.523299892549403e-05,1.2370001059025526e-06,0.0005094879998068791,0.004490512000193121,0.004612194999936037,0,0,0,200.0,0.0,0,0.0,nan,nan,nan,,,,,unknown,unknown,nan,,nan,,1.0,0.0,0.0,nan,nan,0.0,0,,1188520688,F04_M01_05,MDCEB22F,measured,baseline,0.5,,0,0,nan,nan,nan,nan,nan,-0.008377820826085347,0.0,0.020915455897624335,0.022530960414493165,1,0,0,0,ad4b715165e84dd399d377549dc111fb1309cda1260e23e9ee621d07fad63984,6ba3dffa4798388fb8057a608cfa40a0e24aeba9257d245b2d5103a1844d1115
4,2.362635584002419,nan,PREP,,KFB_TIMING,kfb_timing,0.0012291465854375183,-0.004998706223447236,0.09640248992169635,1,-28.28571428571429,0,0.3124935850816483,-0.0014108114275370046,0.454379548206369,0.31249036559105275,-0.0014101448907715575,0.45435591540531206,-0.6169102423709067,0.4557594327241351,0.643428973358264,-0.43995192078353074,-0.5852271792734249,0.1912538643916517,1.0011472176538403,200.0,13.0,1.2,0.5,0.3,3.0,IDLE,0.08,nan,0,0.05,20.0,0,unknown,unknown,nan,0,0.0,0,0.0052011540028615855,1,0.0002556450017436873,2.0448998839128762e-05,0.00015698700008215383,1.1129995982628316e-06,5.112000508233905e-06,1.1899828677996993e-07,2.629399750730954e-05,3.7999998312443495e-06,0.0005297200004861224,0.004470279999513878,0.004666406999604078,0,0,0,200.0,0.0,0,0.0,nan,nan,nan,,,,,unknown,unknown,nan,,nan,,1.0,0.0,0.0,nan,nan,0.0,0,,1193787021,F04_M01_05,MDCEB22F,measured,baseline,0.5,,0,0,nan,nan,nan,nan,nan,-0.008455121185453385,0.0,0.021714486679132006,0.023302532179977863,1,0,0,0,ad4b715165e84dd399d377549dc111fb1309cda1260e23e9ee621d07fad63984,6ba3dffa4798388fb8057a608cfa40a0e24aeba9257d245b2d5103a1844d1115
4,2.367730149999261,nan,PREP,,KFB_TIMING,kfb_timing,0.0012037262888923705,-0.004971829083837443,0.09618736651251136,1,-28.28571428571429,0,0.3124935850816483,-0.0014108114275370046,0.454379548206369,0.3124901281048809,-0.0014112597284188164,0.45435488538438273,-0.6120802800542813,0.4556534314597783,0.6434013877470177,-0.4396453589740146,-0.5819524723555421,0.19095918660067787,0.9981120501162114,200.0,13.0,1.2,0.5,0.3,3.0,IDLE,0.08,nan,0,0.05,20.0,0,unknown,unknown,nan,0,0.0,0,0.005094565996841993,1,0.00035517899959813803,2.1306001144694164e-05,0.00011408499995013699,1.4790020941291004e-06,5.10400059283711e-06,1.359985617455095e-07,3.0242001230362803e-05,1.0650001058820635e-06,0.0005958859983365983,0.004404114001663402,0.004495900000620168,0,0,0,200.0,0.0,0,0.0,nan,nan,nan,,,,,unknown,unknown,nan,,nan,,1.0,0.0,0.0,nan,nan,0.0,0,,1198779477,F04_M01_05,MDCEB22F,measured,baseline,0.5,,0,0,nan,nan,nan,nan,nan,-0.00604014002714065,0.0,0.02170069387350887,0.022525616665015232,1,0,0,0,ad4b715165e84dd399d377549dc111fb1309cda1260e23e9ee621d07fad63984,6ba3dffa4798388fb8057a608cfa40a0e24aeba9257d245b2d5103a1844d1115
4,2.372905444000935,nan,PREP,,KFB_TIMING,kfb_timing,0.001181125475846756,-0.004987691472912778,0.09594675863803365,1,-28.28571428571429,0,0.3124935850816483,-0.0014108114275370046,0.454379548206369,0.3124899363758108,-0.0014107916883514746,0.4543554230949164,-0.6133752400618733,0.4575889119975526,0.6454839910606486,-0.4406134945937595,-0.5833954588439624,0.19104118203861065,1.0011325487764584,200.0,13.0,1.2,0.5,0.3,3.0,IDLE,0.08,nan,0,0.05,20.0,0,unknown,unknown,nan,0,0.0,0,0.005175294001674047,1,0.00022207900110515766,1.5255001926561818e-05,0.0001674779996392317,9.159994078800082e-07,4.09600033890456e-06,1.2499731383286417e-07,2.3749998945277184e-05,9.219984349329025e-07,0.0004874719998042565,0.004512528000195744,0.004684007002651924,0,0,0,200.0,0.0,0,0.0,nan,nan,nan,,,,,unknown,unknown,nan,,nan,,1.0,0.0,0.0,nan,nan,0.0,0,,1204105210,F04_M01_05,MDCEB22F,measured,baseline,0.5,,0,0,nan,nan,nan,nan,nan,-0.006687620030936647,0.0,0.0227419955303243,0.023704907137119847,1,0,0,0,ad4b715165e84dd399d377549dc111fb1309cda1260e23e9ee621d07fad63984,6ba3dffa4798388fb8057a608cfa40a0e24aeba9257d245b2d5103a1844d1115
4,2.3780767300013395,nan,PREP,,KFB_TIMING,kfb_timing,0.0011460468403501622,-0.004968759267826148,0.09571302511672411,1,-28.28571428571429,0,0.3124935850816483,-0.0014108114275370046,0.454379548206369,0.31249022183644354,-0.0014104215700025766,0.4543561795997333,-0.6093474035231831,0.45635983198807706,0.6475247518530288,-0.4395525358311699,-0.5813432950143662,0.19025065587140597,0.9994282659075424,200.0,13.0,1.2,0.5,0.3,3.0,IDLE,0.08,nan,0,0.05,20.0,0,unknown,unknown,nan,0,0.0,0,0.005171286000404507,1,0.00032967699735309,2.0068997400812805e-05,0.0001719049978419207,1.7080019460991025e-06,6.203998054843396e-06,1.3899989426136017e-07,4.238399924361147e-05,1.4220022421795875e-06,0.0006564789982803632,0.004343521001719637,0.004512734001764329,0,0,0,200.0,0.0,0,0.0,nan,nan,nan,,,,,unknown,unknown,nan,,nan,,1.0,0.0,0.0,nan,nan,0.0,0,,1209279149,F04_M01_05,MDCEB22F,measured,baseline,0.5,,0,0,nan,nan,nan,nan,nan,-0.004673701761591542,0.0,0.023762375926514423,0.024217638155470407,1,0,0,0,ad4b715165e84dd399d377549dc111fb1309cda1260e23e9ee621d07fad63984,6ba3dffa4798388fb8057a608cfa40a0e24aeba9257d245b2d5103a1844d1115
4,2.383259492999059,nan,PREP,,KFB_TIMING,kfb_timing,0.0011188186972407033,-0.0049417967740569635,0.09548971187297248,1,-28.28571428571429,0,0.3124935850816483,-0.0014108114275370046,0.454379548206369,0.31249054622520794,-0.001412346249218436,0.4543559290509799,-0.6072682583387343,0.45663690373322197,0.6462846533871521,-0.4394554120151253,-0.5795940845042511,0.19026781931768627,0.9974847631119861,200.0,13.0,1.2,0.5,0.3,3.0,IDLE,0.08,nan,0,0.05,20.0,0,unknown,unknown,nan,0,0.0,0,0.005182762997719692,1,0.0003534079987730365,1.4134999219095334e-05,0.00019653699928312562,9.559989848639816e-07,3.9619990275241435e-06,1.219996192958206e-07,2.1919000573689118e-05,8.310016710311174e-07,0.0006386419991031289,0.004361358000896871,0.004540362999250647,0,0,0,200.0,0.0,0,0.0,nan,nan,nan,,,,,unknown,unknown,nan,,nan,,1.0,0.0,0.0,nan,nan,0.0,0,,1214601908,F04_M01_05,MDCEB22F,measured,baseline,0.5,,0,0,nan,nan,nan,nan,nan,-0.003634129169367173,0.0,0.023142326693576076,0.023425929642425063,1,0,0,0,ad4b715165e84dd399d377549dc111fb1309cda1260e23e9ee621d07fad63984,6ba3dffa4798388fb8057a608cfa40a0e24aeba9257d245b2d5103a1844d1115
4,2.3883792820015515,nan,PREP,,KFB_TIMING,kfb_timing,0.0010828880578682976,-0.004870266301951771,0.09523659715707,1,-28.28571428571429,0,0.3124935850816483,-0.0014108114275370046,0.454379548206369,0.31249015412899095,-0.0014115449729121925,0.4543564367704161,-0.6042996455420023,0.45582994588520565,0.6483237098287741,-0.4387150118195343,-0.5781812585784846,0.19034950848588703,0.996635657546951,200.0,13.0,1.2,0.5,0.3,3.0,IDLE,0.08,nan,0,0.05,20.0,0,unknown,unknown,nan,0,0.0,0,0.005119789002492325,1,0.00026642300144885667,2.4001001293072477e-05,0.00035677599953487515,1.57699832925573e-06,6.026999471941963e-06,1.3399767340160906e-07,3.537700104061514e-05,1.2469972716644406e-06,0.0007921350006654393,0.004207864999334561,0.004320866999478312,0,0,0,200.0,0.0,0,0.0,nan,nan,nan,,,,,unknown,unknown,nan,,nan,,1.0,0.0,0.0,nan,nan,0.0,0,,1219547338,F04_M01_05,MDCEB22F,measured,baseline,0.5,,0,0,nan,nan,nan,nan,nan,-0.0021498227710011752,0.0,0.02416185491438705,0.02425730757628729,1,0,0,0,ad4b715165e84dd399d377549dc111fb1309cda1260e23e9ee621d07fad63984,6ba3dffa4798388fb8057a608cfa40a0e24aeba9257d245b2d5103a1844d1115
4,2.3935641499992926,nan,PREP,,KFB_TIMING,kfb_timing,0.0010368728658884663,-0.004850423092470028,0.0949740073864278,1,-28.28571428571429,0,0.3124935850816483,-0.0014108114275370046,0.454379548206369,0.31248978787507875,-0.0014113937106761095,0.4543568802812191,-0.6060845146750874,0.4540498198509062,0.6530318393512922,-0.43730858925394733,-0.5806256508954428,0.19035967703179102,0.9999751302118011,200.0,13.0,1.2,0.5,0.3,3.0,IDLE,0.08,nan,0,0.05,20.0,0,unknown,unknown,nan,0,0.0,0,0.005184867997741094,1,0.0003184119996149093,2.9390001145657152e-05,0.000142987999424804,2.225999196525663e-06,5.4490010370500386e-06,1.2899909052066505e-07,3.345400182297453e-05,1.2609998520929366e-06,0.0006158609976409934,0.004384139002359007,0.004564185001072474,0,0,0,200.0,0.0,0,0.0,nan,nan,nan,,,,,unknown,unknown,nan,,nan,,1.0,0.0,0.0,nan,nan,0.0,0,,1225055683,F04_M01_05,MDCEB22F,measured,baseline,0.5,,0,0,nan,nan,nan,nan,nan,-0.003042257337543708,0.0,0.026515919675646094,0.026689873097359495,1,0,0,0,ad4b715165e84dd399d377549dc111fb1309cda1260e23e9ee621d07fad63984,6ba3dffa4798388fb8057a608cfa40a0e24aeba9257d245b2d5103a1844d1115
4,2.3987534850020893,nan,PREP,,KFB_TIMING,kfb_timing,0.000996269332133648,-0.004847854170628954,0.09470655741221409,1,-28.28571428571429,0,0.3124935850816483,-0.0014108114275370046,0.454379548206369,0.3124904201806331,-0.001410991821771043,0.45435570516574353,-0.6018957548116075,0.4531716471784267,0.6509329560001627,-0.43625255459807083,-0.5771484789320724,0.19075267843987134,0.9956689985500969,200.0,13.0,1.2,0.5,0.3,3.0,IDLE,0.08,nan,0,0.05,20.0,0,unknown,unknown,nan,0,0.0,0,0.0051893350027967244,1,0.000493210998683935,3.2313000701833516e-05,0.00027220699848840013,2.921999112004414e-06,5.7960023696068674e-06,1.3300086720846593e-07,4.8616999265505e-05,4.703000740846619e-06,0.0009570910006004851,0.004042908999399515,0.004230051999911666,0,0,0,200.0,0.0,0,0.0,nan,nan,nan,,,,,unknown,unknown,nan,,nan,,1.0,0.0,0.0,nan,nan,0.0,0,,1229776964,F04_M01_05,MDCEB22F,measured,baseline,0.5,,0,0,nan,nan,nan,nan,nan,-0.0009478774058037653,0.0,0.02546647800008134,0.025484112174157844,1,0,0,0,ad4b715165e84dd399d377549dc111fb1309cda1260e23e9ee621d07fad63984,6ba3dffa4798388fb8057a608cfa40a0e24aeba9257d245b2d5103a1844d1115
4,2.403861909002444,nan,PREP,,KFB_TIMING,kfb_timing,0.000946617508025438,-0.0048271104116740194,0.09441762795574392,1,-28.28571428571429,0,0.3124935850816483,-0.0014108114275370046,0.454379548206369,0.31249026305303135,-0.0014125892360540614,0.4543544102330242,-0.6036633225883331,0.4523723115215398,0.6539564230906894,-0.4352411888098239,-0.5791196259661897,0.19095841341321898,0.9983532033159885,200.0,13.0,1.2,0.5,0.3,3.0,IDLE,0.08,nan,0,0.05,20.0,0,unknown,unknown,nan,0,0.0,0,0.0051084240003547166,1,0.0002022280023084022,1.777199940988794e-05,0.0001561839999340009,9.420000424142927e-07,3.701999958138913e-06,1.1900192475877702e-07,2.0370000129332766e-05,7.510025170631707e-07,0.00045800899897585623,0.004541991001024144,0.00464673600072274,0,0,0,200.0,0.0,0,0.0,nan,nan,nan,,,,,unknown,unknown,nan,,nan,,1.0,0.0,0.0,nan,nan,0.0,0,,1235039119,F04_M01_05,MDCEB22F,measured,baseline,0.5,,0,0,nan,nan,nan,nan,nan,-0.0018316612941665644,0.0,0.026978211545344688,0.02704031954844316,1,0,0,0,ad4b715165e84dd399d377549dc111fb1309cda1260e23e9ee621d07fad63984,6ba3dffa4798388fb8057a608cfa40a0e24aeba9257d245b2d5103a1844d1115
4,2.4089488130011887,nan,PREP,,KFB_TIMING,kfb_timing,0.0008896230627535306,-0.00478036115892308,0.09412222672549939,1,-28.28571428571429,0,0.3124935850816483,-0.0014108114275370046,0.454379548206369,0.31249035198649183,-0.001410480558994699,0.4543558961952163,-0.6014875429186208,0.45165458415295306,0.6539020833670726,-0.4343458806620072,-0.5775912031361916,0.1909913986412276,0.9966780133545912,200.0,13.0,1.2,0.5,0.3,3.0,IDLE,0.08,nan,0,0.05,20.0,0,unknown,unknown,nan,0,0.0,0,0.005086903998744674,1,0.0003531020010996144,2.0349001715658233e-05,0.00014140200073597953,1.4520010154228657e-06,5.024001438869163e-06,1.309999788645655e-07,2.7920999855268747e-05,1.1849988368339837e-06,0.0006195839996507857,0.004380416000349214,0.004464477999135852,0,0,0,200.0,0.0,0,0.0,nan,nan,nan,,,,,unknown,unknown,nan,,nan,,1.0,0.0,0.0,nan,nan,0.0,0,,1240031346,F04_M01_05,MDCEB22F,measured,baseline,0.5,,0,0,nan,nan,nan,nan,nan,-0.0007437714593104272,0.0,0.026951041683536292,0.02696130270983573,1,0,0,0,ad4b715165e84dd399d377549dc111fb1309cda1260e23e9ee621d07fad63984,6ba3dffa4798388fb8057a608cfa40a0e24aeba9257d245b2d5103a1844d1115
4,2.4140976519993274,nan,PREP,,KFB_TIMING,kfb_timing,0.0008281465659915888,-0.004767065788805605,0.09380091265000917,1,-28.28571428571429,0,0.3124935850816483,-0.0014108114275370046,0.454379548206369,0.3124897855269511,-0.0014111523704264653,0.4543553522281668,-0.6013597629762315,0.44947584141580554,0.6529571509281069,-0.432702578694958,-0.5770695170838894,0.19010136631335303,0.9949950439531979,200.0,13.0,1.2,0.5,0.3,3.0,IDLE,0.08,nan,0,0.05,20.0,0,unknown,unknown,nan,0,0.0,0,0.005148838998138672,1,0.0002540829991630744,1.4855002518743277e-05,0.00017577600010554306,8.780007192399353e-07,3.921002644347027e-06,1.2900272849947214e-07,2.2152999008540064e-05,8.740025805309415e-07,0.0005189059993426781,0.004481094000657322,0.004626230998837855,0,0,0,200.0,0.0,0,0.0,nan,nan,nan,,,,,unknown,unknown,nan,,nan,,1.0,0.0,0.0,nan,nan,0.0,0,,1245664944,F04_M01_05,MDCEB22F,measured,baseline,0.5,,0,0,nan,nan,nan,nan,nan,-0.0006798814881157633,0.0,0.026478575464053467,0.02648730257016476,1,0,0,0,ad4b715165e84dd399d377549dc111fb1309cda1260e23e9ee621d07fad63984,6ba3dffa4798388fb8057a608cfa40a0e24aeba9257d245b2d5103a1844d1115
4,2.419161278001411,nan,PREP,,KFB_TIMING,kfb_timing,0.0007540724819181666,-0.004754336073033775,0.09349797947831173,1,-28.28571428571429,0,0.3124935850816483,-0.0014108114275370046,0.454379548206369,0.31249011154660405,-0.0014105480146851916,0.45435447618641384,-0.6017824433240959,0.45112699351241436,0.6533179926946582,-0.43361807369769434,-0.5772752082912097,0.19017743831918815,0.99623394488807,200.0,13.0,1.2,0.5,0.3,3.0,IDLE,0.08,nan,0,0.05,20.0,0,unknown,unknown,nan,0,0.0,0,0.005063626002083765,1,0.00039934500091476366,2.433600093354471e-05,0.00046326899973792024,1.4510005712509155e-06,5.978999979561195e-06,1.3400131138041615e-07,3.509800080792047e-05,1.2790005712304264e-06,0.0010167460022785235,0.003983253997721477,0.004043245000502793,0,0,0,200.0,0.0,0,0.0,nan,nan,nan,,,,,unknown,unknown,nan,,nan,,1.0,0.0,0.0,nan,nan,0.0,0,,1250551864,F04_M01_05,MDCEB22F,measured,baseline,0.5,,0,0,nan,nan,nan,nan,nan,-0.0008912216620479696,0.0,0.0266589963473291,0.02667388914833774,1,0,0,0,ad4b715165e84dd399d377549dc111fb1309cda1260e23e9ee621d07fad63984,6ba3dffa4798388fb8057a608cfa40a0e24aeba9257d245b2d5103a1844d1115
4,2.4243581000009726,nan,PREP,,KFB_TIMING,kfb_timing,0.0006665089388862566,-0.004730843046909379,0.09313878257320381,1,-28.279562542720438,0,0.3124935850816483,-0.0014108114275370046,0.454379548206369,0.3124909463958372,-0.001412244784633955,0.45435336125740966,-0.6039433083257554,0.4493416329433859,0.6558101466764339,-0.4324060826982115,-0.5791965800204815,0.18923597972090134,0.9983698569425324,200.0,13.0,1.2,0.5,0.3,3.0,IDLE,0.08,nan,0,0.05,20.0,0,unknown,unknown,nan,0,0.0,0,0.005196821999561507,1,0.00040789299964671955,2.254799983347766e-05,0.000275562000751961,1.448999682907015e-06,6.324000423774123e-06,1.320004230365157e-07,3.915599882020615e-05,1.1689990060403943e-06,0.0008438000004389323,0.004156199999561068,0.004346484001871431,0,0,0,200.0,0.0,0,0.0,nan,nan,nan,,,,,unknown,unknown,nan,,nan,,1.0,0.0,0.0,nan,nan,0.0,0,,1255946371,F04_M01_05,MDCEB22F,measured,baseline,0.5,,0,0,nan,nan,nan,nan,nan,-0.0019716541628777007,0.0,0.027905073338216957,0.027974640983384574,1,0,0,0,ad4b715165e84dd399d377549dc111fb1309cda1260e23e9ee621d07fad63984,6ba3dffa4798388fb8057a608cfa40a0e24aeba9257d245b2d5103a1844d1115
4,2.4294695780008624,nan,PREP,,KFB_TIMING,kfb_timing,0.0005768800703579713,-0.004758544033455115,0.09278375559287214,1,-28.279562542720438,0,0.3124935850816483,-0.0014108114275370046,0.454379548206369,0.3124899039891027,-0.0014105494437632714,0.45435500312883587,-0.6029511477639016,0.4496731447145899,0.6571173706862061,-0.4326083815744744,-0.5787227134471858,0.18915705626628931,0.9987788857023698,200.0,13.0,1.2,0.5,0.3,3.0,IDLE,0.08,nan,0,0.05,20.0,0,unknown,unknown,nan,0,0.0,0,0.0051114779998897575,1,0.0003928679980162997,3.1765997846378013e-05,0.0004658879988710396,3.236000338802114e-06,7.098999049048871e-06,1.3800308806821704e-07,5.090400009066798e-05,1.7079983081202954e-06,0.0010532849992159754,0.003946715000784025,0.004055694997077808,0,0,0,200.0,0.0,0,0.0,nan,nan,nan,,,,,unknown,unknown,nan,,nan,,1.0,0.0,0.0,nan,nan,0.0,0,,1260538642,F04_M01_05,MDCEB22F,measured,baseline,0.5,,0,0,nan,nan,nan,nan,nan,-0.001475573881950798,0.0,0.028558685343103074,0.028596780007676837,1,0,0,0,ad4b715165e84dd399d377549dc111fb1309cda1260e23e9ee621d07fad63984,6ba3dffa4798388fb8057a608cfa40a0e24aeba9257d245b2d5103a1844d1115
4,2.4346397680019436,nan,PREP,,KFB_TIMING,kfb_timing,0.000493104923082438,-0.004751935041873368,0.09241711758352075,1,-28.279562542720438,0,0.3124935850816483,-0.0014108114275370046,0.454379548206369,0.3124901307584572,-0.0014110221824451081,0.45435671500306996,-0.6005649273430091,0.4505731062234073,0.6548546320410985,-0.43332673116170795,-0.5763888546918181,0.18947303541230182,0.9962574692879378,200.0,13.0,1.2,0.5,0.3,3.0,IDLE,0.08,nan,0,0.05,20.0,0,unknown,unknown,nan,0,0.0,0,0.00517019000108121,1,0.00021476699839695357,1.6221998521359637e-05,0.00019207600053050555,1.2460004654712975e-06,4.132998583372682e-06,1.1500014807097614e-07,2.3649001377634704e-05,3.670000296551734e-06,0.0005096880013297778,0.004490311998670222,0.0046548739992431365,0,0,0,200.0,0.0,0,0.0,nan,nan,nan,,,,,unknown,unknown,nan,,nan,,1.0,0.0,0.0,nan,nan,0.0,0,,1266102004,F04_M01_05,MDCEB22F,measured,baseline,0.5,,0,0,nan,nan,nan,nan,nan,-0.00028246367150458473,0.0,0.027427316020549264,0.027428770475848862,1,0,0,0,ad4b715165e84dd399d377549dc111fb1309cda1260e23e9ee621d07fad63984,6ba3dffa4798388fb8057a608cfa40a0e24aeba9257d245b2d5103a1844d1115
4,2.4397369340003934,nan,PREP,,KFB_TIMING,kfb_timing,0.0004071897767386756,-0.004719424462807157,0.0920331131151417,1,-28.279562542720438,0,0.3124935850816483,-0.0014108114275370046,0.454379548206369,0.31249074953732064,-0.0014112826275678222,0.4543570111962185,-0.6018327146278704,0.4511369815253711,0.6560366603727843,-0.4337541708090622,-0.5775377239557327,0.18995069827212854,0.9980537521843453,200.0,13.0,1.2,0.5,0.3,3.0,IDLE,0.08,nan,0,0.05,20.0,0,unknown,unknown,nan,0,0.0,0,0.005097165998449782,1,0.00039307000042754225,2.606899943202734e-05,0.00033707799957483076,2.830001903930679e-06,5.437999789137393e-06,1.309999788645655e-07,4.182900011073798e-05,1.615997462067753e-06,0.0009179480002785567,0.004082051999721443,0.004176895999989938,0,0,0,200.0,0.0,0,0.0,nan,nan,nan,,,,,unknown,unknown,nan,,nan,,1.0,0.0,0.0,nan,nan,0.0,0,,1270782909,F04_M01_05,MDCEB22F,measured,baseline,0.5,,0,0,nan,nan,nan,nan,nan,-0.0009163573139351899,0.0,0.02801833018639216,0.028033311205786886,1,0,0,0,ad4b715165e84dd399d377549dc111fb1309cda1260e23e9ee621d07fad63984,6ba3dffa4798388fb8057a608cfa40a0e24aeba9257d245b2d5103a1844d1115
4,2.444890363000013,nan,PREP,,KFB_TIMING,kfb_timing,0.000317499672547239,-0.0047286767251252,0.0916375811299862,1,-28.279562542720438,0,0.3124935850816483,-0.0014108114275370046,0.454379548206369,0.3124910313971071,-0.0014113663131410294,0.45435473019975653,-0.6007660407742774,0.44962503227095374,0.6555596345366783,-0.4329156125911385,-0.5767363838832211,0.1900963595965623,0.9964140403597895,200.0,13.0,1.2,0.5,0.3,3.0,IDLE,0.08,nan,0,0.05,20.0,0,unknown,unknown,nan,0,0.0,0,0.005153428999619791,1,0.00020081700131413527,1.6688001778675243e-05,0.0001888779988803435,8.790011634118855e-07,3.910998202627525e-06,1.1399970389902592e-07,2.1779000235255808e-05,9.140021575149149e-07,0.00048207600048044696,0.004517923999519553,0.004667486999096582,0,0,0,200.0,0.0,0,0.0,nan,nan,nan,,,,,unknown,unknown,nan,,nan,,1.0,0.0,0.0,nan,nan,0.0,0,,1276418943,F04_M01_05,MDCEB22F,measured,baseline,0.5,,0,0,nan,nan,nan,nan,nan,-0.00038302038713872166,0.0,0.02777981726833917,0.027782457632097253,1,0,0,0,ad4b715165e84dd399d377549dc111fb1309cda1260e23e9ee621d07fad63984,6ba3dffa4798388fb8057a608cfa40a0e24aeba9257d245b2d5103a1844d1115
4,2.44995140500032,nan,PREP,,KFB_TIMING,kfb_timing,0.00023530674497360127,-0.0047385077842992274,0.09125531032182012,1,-28.279562542720438,0,0.3124935850816483,-0.0014108114275370046,0.454379548206369,0.31248991218667854,-0.0014103618145591681,0.4543542626700043,-0.6036843487748399,0.4493198515176746,0.6580376242738376,-0.4329593320415387,-0.5795137778290858,0.19073630738807473,0.9996682634171818,200.0,13.0,1.2,0.5,0.3,3.0,IDLE,0.08,nan,0,0.05,20.0,0,unknown,unknown,nan,0,0.0,0,0.00506104200030677,1,0.0003779460021178238,2.3682998289586976e-05,0.0004476789981708862,1.5189980331342667e-06,5.985999450786039e-06,1.3499811757355928e-07,3.4840999433072284e-05,1.3030003174208105e-06,0.0009777459999895655,0.004022254000010435,0.004081257000507321,0,0,0,200.0,0.0,0,0.0,nan,nan,nan,,,,,unknown,unknown,nan,,nan,,1.0,0.0,0.0,nan,nan,0.0,0,,1281031327,F04_M01_05,MDCEB22F,measured,baseline,0.5,,0,0,nan,nan,nan,nan,nan,-0.0018421743874199592,0.0,0.029018812136918815,0.029077225870282962,1,0,0,0,ad4b715165e84dd399d377549dc111fb1309cda1260e23e9ee621d07fad63984,6ba3dffa4798388fb8057a608cfa40a0e24aeba9257d245b2d5103a1844d1115
4,2.4551349460016354,nan,PREP,,KFB_TIMING,kfb_timing,0.0001529550684430392,-0.004763416537250717,0.09082931153861645,1,-28.279562542720438,0,0.3124935850816483,-0.0014108114275370046,0.454379548206369,0.3124909136835582,-0.0014100999726241103,0.4543553754773074,-0.6029277727369616,0.44564108644706957,0.6581205045753169,-0.43078560088373496,-0.5790913383819618,0.19041349073725675,0.997617399412093,200.0,13.0,1.2,0.5,0.3,3.0,IDLE,0.08,nan,0,0.05,20.0,0,unknown,unknown,nan,0,0.0,0,0.0051835410013154615,1,0.00023168900224845856,1.2205000530229881e-05,0.00020182799926260486,8.799979696050286e-07,3.7039972085040063e-06,1.320004230365157e-07,2.023799970629625e-05,7.709968485869467e-07,0.0005143810012668837,0.004485618998733116,0.004661170001782011,0,0,0,200.0,0.0,0,0.0,nan,nan,nan,,,,,unknown,unknown,nan,,nan,,1.0,0.0,0.0,nan,nan,0.0,0,,1286368113,F04_M01_05,MDCEB22F,measured,baseline,0.5,,0,0,nan,nan,nan,nan,nan,-0.0014638863684808268,0.0,0.02906025228765846,0.02909709996412328,1,0,0,0,ad4b715165e84dd399d377549dc111fb1309cda1260e23e9ee621d07fad63984,6ba3dffa4798388fb8057a608cfa40a0e24aeba9257d245b2d5103a1844d1115
4,2.460312024002633,nan,PREP,,KFB_TIMING,kfb_timing,6.977692060697316e-05,-0.004729549020738262,0.09039184063600314,1,-28.279562542720438,0,0.3124935850816483,-0.0014108114275370046,0.454379548206369,0.31249060218682084,-0.0014106513481666532,0.4543543992874536,-0.602203779976585,0.4454282381447118,0.6591827038149116,-0.43080340516561044,-0.5788626033549179,0.19106196430088232,0.9977863222972776,200.0,13.0,1.2,0.5,0.3,3.0,IDLE,0.08,nan,0,0.05,20.0,0,unknown,unknown,nan,0,0.0,0,0.005177078000997426,1,0.0003213880008843262,3.340599869261496e-05,0.00018044800162897445,2.2899985197000206e-06,7.3640003392938524e-06,1.2799864634871483e-07,4.430999979376793e-05,1.8020000425167382e-06,0.0006916899983480107,0.004308310001651989,0.00448211700131651,0,0,0,200.0,0.0,0,0.0,nan,nan,nan,,,,,unknown,unknown,nan,,nan,,1.0,0.0,0.0,nan,nan,0.0,0,,1291537265,F04_M01_05,MDCEB22F,measured,baseline,0.5,,0,0,nan,nan,nan,nan,nan,-0.001101889988292526,0.0,0.02959135190745582,0.02961186028025238,1,0,0,0,ad4b715165e84dd399d377549dc111fb1309cda1260e23e9ee621d07fad63984,6ba3dffa4798388fb8057a608cfa40a0e24aeba9257d245b2d5103a1844d1115
4,2.4654899820016,nan,PREP,,KFB_TIMING,kfb_timing,-7.85374038717035e-06,-0.004737840549054493,0.08996434989091731,1,-28.279562542720438,0,0.3124935850816483,-0.0014108114275370046,0.454379548206369,0.31249076465638953,-0.0014109685046433621,0.4543558271400666,-0.6044568769034626,0.4474096029237584,0.66005697372022,-0.4322261888166765,-0.5804441503664891,0.19196856178381383,1.000609153156705,200.0,13.0,1.2,0.5,0.3,3.0,IDLE,0.08,nan,0,0.05,20.0,0,unknown,unknown,nan,0,0.0,0,0.005177957998967031,1,0.000379927998437779,1.6965001123026013e-05,0.00018506299966247752,1.2460004654712975e-06,4.056997568113729e-06,1.1700103641487658e-07,2.235499778180383e-05,8.659990271553397e-07,0.0006619019986828789,0.004338098001317121,0.004510870003286982,0,0,0,200.0,0.0,0,0.0,nan,nan,nan,,,,,unknown,unknown,nan,,nan,,1.0,0.0,0.0,nan,nan,0.0,0,,1296858424,F04_M01_05,MDCEB22F,measured,baseline,0.5,,0,0,nan,nan,nan,nan,nan,-0.0022284384517313183,0.0,0.030028486860110004,0.030111060443646847,1,0,0,0,ad4b715165e84dd399d377549dc111fb1309cda1260e23e9ee621d07fad63984,6ba3dffa4798388fb8057a608cfa40a0e24aeba9257d245b2d5103a1844d1115
4,2.470639327002573,nan,PREP,,KFB_TIMING,kfb_timing,-8.182521544114474e-05,-0.004729012607520443,0.08951828456238918,1,-28.279562542720438,0,0.3124935850816483,-0.0014108114275370046,0.454379548206369,0.3124896231571527,-0.0014141903716136002,0.45435572791078727,-0.6061103117285636,0.45148350296093726,0.6606210722836803,-0.4349537996829024,-0.5815169905427614,0.19297781414312415,1.0038063879926322,200.0,13.0,1.2,0.5,0.3,3.0,IDLE,0.08,nan,0,0.05,20.0,0,unknown,unknown,nan,0,0.0,0,0.005149345000972971,1,0.0002864399975806009,2.1528001525439322e-05,0.0003718470034073107,3.3910000638570637e-06,6.155998562462628e-06,1.3500175555236638e-07,4.4995998905505985e-05,4.213998181512579e-06,0.000829971999337431,0.004170028000662569,0.004317189999710536,0,0,0,200.0,0.0,0,0.0,nan,nan,nan,,,,,unknown,unknown,nan,,nan,,1.0,0.0,0.0,nan,nan,0.0,0,,1301776827,F04_M01_05,MDCEB22F,measured,baseline,0.5,,0,0,nan,nan,nan,nan,nan,-0.003055155864281789,0.0,0.03031053614184015,0.030464119527090446,1,0,0,0,ad4b715165e84dd399d377549dc111fb1309cda1260e23e9ee621d07fad63984,6ba3dffa4798388fb8057a608cfa40a0e24aeba9257d245b2d5103a1844d1115
4,2.475741680002102,nan,PREP,,KFB_TIMING,kfb_timing,-0.00015622711139667844,-0.004737103659551103,0.08908303199262163,1,-28.279562542720438,0,0.3124935850816483,-0.0014108114275370046,0.454379548206369,0.3124899145917606,-0.0014100312115761272,0.45435537241487645,-0.604299106389493,0.45382292280310177,0.659806211498567,-0.436548822901515,-0.579959711008253,0.1929968664362034,1.0032332191354019,200.0,13.0,1.2,0.5,0.3,3.0,IDLE,0.08,nan,0,0.05,20.0,0,unknown,unknown,nan,0,0.0,0,0.005102352999529103,1,0.0002982040023198351,1.485499888076447e-05,0.00018585200086818077,9.849973139353096e-07,3.7729987525381148e-06,1.1399970389902592e-07,2.026899892371148e-05,7.550006557721645e-07,0.0005719999971915968,0.004428000002808403,0.004525571002886863,0,0,0,200.0,0.0,0,0.0,nan,nan,nan,,,,,unknown,unknown,nan,,nan,,1.0,0.0,0.0,nan,nan,0.0,0,,1307125874,F04_M01_05,MDCEB22F,measured,baseline,0.5,,0,0,nan,nan,nan,nan,nan,-0.002149553194746523,0.0,0.02990310574928351,0.02998026538224566,1,0,0,0,ad4b715165e84dd399d377549dc111fb1309cda1260e23e9ee621d07fad63984,6ba3dffa4798388fb8057a608cfa40a0e24aeba9257d245b2d5103a1844d1115
4,2.4808058960006747,nan,PREP,,KFB_TIMING,kfb_timing,-0.00022455875568347383,-0.0047619391629574945,0.08865504446431227,1,-28.279562542720438,0,0.3124935850816483,-0.0014108114275370046,0.454379548206369,0.3124901858267833,-0.0014104467903621933,0.4543550498615372,-0.6073716205999005,0.45874800530341286,0.6606613262803415,-0.4397336644804495,-0.5821462661467482,0.19351631350372625,1.0078806506340467,200.0,13.0,1.2,0.5,0.3,3.0,IDLE,0.08,nan,0,0.05,20.0,0,unknown,unknown,nan,0,0.0,0,0.005064215998572763,1,0.00027423799838288687,2.0158997358521447e-05,0.0004191570005787071,3.1140007195062935e-06,5.447000148706138e-06,1.449989213142544e-07,4.2622003093129024e-05,1.4789984561502934e-06,0.0008407579989579972,0.004159242001042003,0.004221010000037495,0,0,0,200.0,0.0,0,0.0,nan,nan,nan,,,,,unknown,unknown,nan,,nan,,1.0,0.0,0.0,nan,nan,0.0,0,,1311785952,F04_M01_05,MDCEB22F,measured,baseline,0.5,,0,0,nan,nan,nan,nan,nan,-0.003685810299950243,0.0,0.030330663140170744,0.030553793939374067,1,0,0,0,ad4b715165e84dd399d377549dc111fb1309cda1260e23e9ee621d07fad63984,6ba3dffa4798388fb8057a608cfa40a0e24aeba9257d245b2d5103a1844d1115
4,2.4859166189999087,nan,PREP,,KFB_TIMING,kfb_timing,-0.0002978813986671547,-0.004760950599279077,0.08819594011035083,1,-28.279562542720438,0,0.3124935850816483,-0.0014108114275370046,0.454379548206369,0.3124903572473493,-0.00140977521000683,0.4543558939707861,-0.6070369243022428,0.46208140934130554,0.660480911008311,-0.44191098986665334,-0.5817540467856221,0.19365128746242427,1.0090827964699143,200.0,13.0,1.2,0.5,0.3,3.0,IDLE,0.08,nan,0,0.05,20.0,0,unknown,unknown,nan,0,0.0,0,0.005110722999233985,1,0.00014321200069389306,1.3655000657308847e-05,0.00018420099877403118,8.700008038431406e-07,3.92299989471212e-06,1.2600139598362148e-07,2.1759999071946368e-05,8.459974196739495e-07,0.0004161159995419439,0.004583884000458056,0.004690724999818485,0,0,0,200.0,0.0,0,0.0,nan,nan,nan,,,,,unknown,unknown,nan,,nan,,1.0,0.0,0.0,nan,nan,0.0,0,,1317303894,F04_M01_05,MDCEB22F,measured,baseline,0.5,,0,0,nan,nan,nan,nan,nan,-0.003518462151121393,0.0,0.030240455504155495,0.030444453107383654,1,0,0,0,ad4b715165e84dd399d377549dc111fb1309cda1260e23e9ee621d07fad63984,6ba3dffa4798388fb8057a608cfa40a0e24aeba9257d245b2d5103a1844d1115
4,2.491013748000114,nan,PREP,,KFB_TIMING,kfb_timing,-0.0003688870521806886,-0.004769132752953227,0.08776429779403193,1,-28.279562542720438,0,0.3124935850816483,-0.0014108114275370046,0.454379548206369,0.3124905508779815,-0.0014103669936740377,0.4543550694956737,-0.6056331275668594,0.4621333877093251,0.6592907833173247,-0.4419673254098719,-0.5803288166456856,0.19294827763573014,1.007483543393779,200.0,13.0,1.2,0.5,0.3,3.0,IDLE,0.08,nan,0,0.05,20.0,0,unknown,unknown,nan,0,0.0,0,0.005097129000205314,1,0.00032447500052512623,2.3109998437575996e-05,0.0003699530025187414,1.1420015653129667e-06,5.527999746846035e-06,1.359985617455095e-07,3.1635001505492255e-05,1.3760000001639128e-06,0.0008333320001838729,0.004166667999816127,0.004257436998159392,0,0,0,200.0,0.0,0,0.0,nan,nan,nan,,,,,unknown,unknown,nan,,nan,,1.0,0.0,0.0,nan,nan,0.0,0,,1322048023,F04_M01_05,MDCEB22F,measured,baseline,0.5,,0,0,nan,nan,nan,nan,nan,-0.002816563783429704,0.0,0.029645391658662368,0.029778889807069976,1,0,0,0,ad4b715165e84dd399d377549dc111fb1309cda1260e23e9ee621d07fad63984,6ba3dffa4798388fb8057a608cfa40a0e24aeba9257d245b2d5103a1844d1115
4,2.4961695769998187,nan,PREP,,KFB_TIMING,kfb_timing,-0.00043881592020214577,-0.004751777240591117,0.08729758046383954,1,-28.279562542720438,0,0.3124935850816483,-0.0014108114275370046,0.454379548206369,0.312490697159434,-0.0014111671710491033,0.4543568076641816,-0.6067223969198846,0.46555306057399554,0.6585574588695647,-0.44411828014707244,-0.5808070998520836,0.19356406502880943,1.0092322060689318,200.0,13.0,1.2,0.5,0.3,3.0,IDLE,0.08,nan,0,0.05,20.0,0,unknown,unknown,nan,0,0.0,0,0.005155828999704681,1,0.00019919400074286386,3.0126000638119876e-05,0.00013420100003713742,1.672000507824123e-06,5.249999958323315e-06,1.2099917512387037e-07,3.107299926341511e-05,1.558000803925097e-06,0.00047987300058593974,0.00452012699941406,0.004671438000514172,0,0,0,200.0,0.0,0,0.0,nan,nan,nan,,,,,unknown,unknown,nan,,nan,,1.0,0.0,0.0,nan,nan,0.0,0,,1327643001,F04_M01_05,MDCEB22F,measured,baseline,0.5,,0,0,nan,nan,nan,nan,nan,-0.003361198459942316,0.0,0.02927872943478238,0.029471030731929124,1,0,0,0,ad4b715165e84dd399d377549dc111fb1309cda1260e23e9ee621d07fad63984,6ba3dffa4798388fb8057a608cfa40a0e24aeba9257d245b2d5103a1844d1115
4,2.501290765001613,nan,PREP,,KFB_TIMING,kfb_timing,-0.0005076544084353651,-0.004800316563575483,0.08686175147886056,1,-28.279562542720438,0,0.3124935850816483,-0.0014108114275370046,0.454379548206369,0.31249006901662163,-0.0014096369301767938,0.45435617011978363,-0.6075406171127535,0.4683556188419594,0.659263280288819,-0.4459084265290988,-0.5816138543769991,0.1942981474884956,1.0114794411552586,200.0,13.0,1.2,0.5,0.3,3.0,IDLE,0.08,nan,0,0.05,20.0,0,unknown,unknown,nan,0,0.0,0,0.005121188001794508,1,0.00034516400046413764,3.61319980584085e-05,0.0003794370022660587,1.7410020518582314e-06,6.045000191079453e-06,1.2799864634871483e-07,3.8042002415750176e-05,1.5099976735655218e-06,0.0009259220023523085,0.004074077997647692,0.004185613001027377,0,0,0,200.0,0.0,0,0.0,nan,nan,nan,,,,,unknown,unknown,nan,,nan,,1.0,0.0,0.0,nan,nan,0.0,0,,1332289011,F04_M01_05,MDCEB22F,measured,baseline,0.5,,0,0,nan,nan,nan,nan,nan,-0.003770308556376778,0.0,0.0296316401444095,0.02987054275131385,1,0,0,0,ad4b715165e84dd399d377549dc111fb1309cda1260e23e9ee621d07fad63984,6ba3dffa4798388fb8057a608cfa40a0e24aeba9257d245b2d5103a1844d1115
4,2.5064732970022305,nan,PREP,,KFB_TIMING,kfb_timing,-0.0005788205078647024,-0.0047914971922036805,0.08640781332724479,1,-28.279562542720438,0,0.3124935850816483,-0.0014108114275370046,0.454379548206369,0.3124898401596598,-0.0014102366954626844,0.4543535545638887,-0.6100697242658151,0.4697551854222739,0.6599238281137201,-0.4469144078942097,-0.5835551563237882,0.1949073467553752,1.0140781338778335,200.0,13.0,1.2,0.5,0.3,3.0,IDLE,0.08,nan,0,0.05,20.0,0,unknown,unknown,nan,0,0.0,0,0.005182532000617357,1,0.0001390289980918169,1.3781002053292468e-05,0.00020932999905198812,9.729992598295212e-07,4.284000169718638e-06,1.2600139598362148e-07,2.2232001356314868e-05,3.522000042721629e-06,0.0004373009978735354,0.004562699002126465,0.004741521999676479,0,0,0,200.0,0.0,0,0.0,nan,nan,nan,,,,,unknown,unknown,nan,,nan,,1.0,0.0,0.0,nan,nan,0.0,0,,1337610068,F04_M01_05,MDCEB22F,measured,baseline,0.5,,0,0,nan,nan,nan,nan,nan,-0.005034862132907547,0.0,0.02996191405686005,0.03038200340083014,1,0,0,0,ad4b715165e84dd399d377549dc111fb1309cda1260e23e9ee621d07fad63984,6ba3dffa4798388fb8057a608cfa40a0e24aeba9257d245b2d5103a1844d1115
4,2.511585839001782,nan,PREP,,KFB_TIMING,kfb_timing,-0.0006492250282416623,-0.004797979862512903,0.08592827387897663,1,-28.279562542720438,0,0.3124935850816483,-0.0014108114275370046,0.454379548206369,0.3124905363981513,-0.0014111415151467866,0.4543571213409445,-0.6104643955642908,0.46857941268422215,0.660741402479526,-0.4463595502635642,-0.5841493316345372,0.1949660244326875,1.0143040201013582,200.0,13.0,1.2,0.5,0.3,3.0,IDLE,0.08,nan,0,0.05,20.0,0,unknown,unknown,nan,0,0.0,0,0.005112541999551468,1,0.00028005099738948047,2.0031999156344682e-05,0.0001676680003583897,1.4460019883699715e-06,5.886002327315509e-06,1.4699980965815485e-07,3.399900015210733e-05,1.5090008673723787e-06,0.0005852430003869813,0.004414756999613019,0.004523878000327386,0,0,0,200.0,0.0,0,0.0,nan,nan,nan,,,,,unknown,unknown,nan,,nan,,1.0,0.0,0.0,nan,nan,0.0,0,,1342787284,F04_M01_05,MDCEB22F,measured,baseline,0.5,,0,0,nan,nan,nan,nan,nan,-0.005232197782145398,0.0,0.030370701239762987,0.030818101619444833,1,0,0,0,ad4b715165e84dd399d377549dc111fb1309cda1260e23e9ee621d07fad63984,6ba3dffa4798388fb8057a608cfa40a0e24aeba9257d245b2d5103a1844d1115
4,2.5167043500005093,nan,PREP,,KFB_TIMING,kfb_timing,-0.000720139042717366,-0.004838287572704936,0.08550401366313713,1,-28.279562542720438,0,0.3124935850816483,-0.0014108114275370046,0.454379548206369,0.3124901245755055,-0.0014105734456766562,0.45435451541041516,-0.6090193479470574,0.46585326630076673,0.6591401534643072,-0.4447238790979206,-0.5827822360217709,0.19473840136275822,1.011132817094719,200.0,13.0,1.2,0.5,0.3,3.0,IDLE,0.08,nan,0,0.05,20.0,0,unknown,unknown,nan,0,0.0,0,0.005118510998727288,1,0.0003576519993657712,1.6666999727021903e-05,0.00018505300249671564,8.589995559304953e-07,3.82200232706964e-06,1.2500095181167126e-07,2.377700002398342e-05,8.819988579489291e-07,0.0006393779985955916,0.0043606220014044085,0.004475475001527229,0,0,0,200.0,0.0,0,0.0,nan,nan,nan,,,,,unknown,unknown,nan,,nan,,1.0,0.0,0.0,nan,nan,0.0,0,,1348113995,F04_M01_05,MDCEB22F,measured,baseline,0.5,,0,0,nan,nan,nan,nan,nan,-0.004509673973528694,0.0,0.029570076732153616,0.02991198083198394,1,0,0,0,ad4b715165e84dd399d377549dc111fb1309cda1260e23e9ee621d07fad63984,6ba3dffa4798388fb8057a608cfa40a0e24aeba9257d245b2d5103a1844d1115
4,2.5217816670010507,nan,PREP,,KFB_TIMING,kfb_timing,-0.0007900312574053991,-0.004837323117718919,0.0850443931670154,1,-28.279562542720438,0,0.3124935850816483,-0.0014108114275370046,0.454379548206369,0.3124901598808986,-0.001410597080036301,0.45435530676587627,-0.610076753688243,0.46364910149167043,0.659520894128465,-0.44344351888428735,-0.5835206427251661,0.19454940261615536,1.0110054126941301,200.0,13.0,1.2,0.5,0.3,3.0,IDLE,0.08,nan,0,0.05,20.0,0,unknown,unknown,nan,0,0.0,0,0.00507731700054137,1,0.000297720998787554,1.9883998902514577e-05,0.0004344240005593747,1.0269977792631835e-06,4.869998520007357e-06,1.1899828677996993e-07,2.7919999411096796e-05,1.2510026863310486e-06,0.0008519570001226384,0.004148042999877362,0.004216828998323763,0,0,0,200.0,0.0,0,0.0,nan,nan,nan,,,,,unknown,unknown,nan,,nan,,1.0,0.0,0.0,nan,nan,0.0,0,,1352794534,F04_M01_05,MDCEB22F,measured,baseline,0.5,,0,0,nan,nan,nan,nan,nan,-0.005038376844121506,0.0,0.02976044706423253,0.030183927025593714,1,0,0,0,ad4b715165e84dd399d377549dc111fb1309cda1260e23e9ee621d07fad63984,6ba3dffa4798388fb8057a608cfa40a0e24aeba9257d245b2d5103a1844d1115
4,2.5269425340011367,nan,PREP,,KFB_TIMING,kfb_timing,-0.0008588809686519427,-0.004867557797512574,0.08456573874592274,1,-28.279562542720438,0,0.3124935850816483,-0.0014108114275370046,0.454379548206369,0.3124901536658515,-0.0014108706747754402,0.45435500646393007,-0.6071820722648961,0.46255635358818903,0.6574266222413353,-0.4427294604203811,-0.5808190977831295,0.1945242936914583,1.0073917871197613,200.0,13.0,1.2,0.5,0.3,3.0,IDLE,0.08,nan,0,0.05,20.0,0,unknown,unknown,nan,0,0.0,0,0.005160867000086,1,0.0001801959988370072,3.100200046901591e-05,0.00012748900189762935,1.9600011000875384e-06,5.339999916031957e-06,1.2799864634871483e-07,3.3680000342428684e-05,1.3360004231799394e-06,0.0004608710005413741,0.004539128999458626,0.004695815001468873,0,0,0,200.0,0.0,0,0.0,nan,nan,nan,,,,,unknown,unknown,nan,,nan,,1.0,0.0,0.0,nan,nan,0.0,0,,1358355718,F04_M01_05,MDCEB22F,measured,baseline,0.5,,0,0,nan,nan,nan,nan,nan,-0.0035910361324480444,0.0,0.02871331112066766,0.028936996665459336,1,0,0,0,ad4b715165e84dd399d377549dc111fb1309cda1260e23e9ee621d07fad63984,6ba3dffa4798388fb8057a608cfa40a0e24aeba9257d245b2d5103a1844d1115
4,2.532102991001011,nan,PREP,,KFB_TIMING,kfb_timing,-0.0009273305970326218,-0.004898009797909563,0.08409884535953957,1,-28.279562542720438,0,0.3124935850816483,-0.0014108114275370046,0.454379548206369,0.31249052509496283,-0.0014115342945266035,0.45435708764603683,-0.604947845503521,0.46294150620899294,0.6565775921632542,-0.44306632492352455,-0.5789238895407084,0.19454157735269995,1.0056693633999692,200.0,13.0,1.2,0.5,0.3,3.0,IDLE,0.08,nan,0,0.05,20.0,0,unknown,unknown,nan,0,0.0,0,0.005160456999874441,1,0.00032214900056715123,3.230199945392087e-05,0.0003671180020319298,1.9369981600902975e-06,6.078997103031725e-06,1.500011421740055e-07,3.5384000511839986e-05,1.5000005078036338e-06,0.0008630560005258303,0.00413694399947417,0.004295319002267206,0,0,0,200.0,0.0,0,0.0,nan,nan,nan,,,,,unknown,unknown,nan,,nan,,1.0,0.0,0.0,nan,nan,0.0,0,,1363299363,F04_M01_05,MDCEB22F,measured,baseline,0.5,,0,0,nan,nan,nan,nan,nan,-0.0024739227517605045,0.0,0.0282887960816271,0.02839676526524736,1,0,0,0,ad4b715165e84dd399d377549dc111fb1309cda1260e23e9ee621d07fad63984,6ba3dffa4798388fb8057a608cfa40a0e24aeba9257d245b2d5103a1844d1115
4,2.5372544189995097,nan,PREP,,KFB_TIMING,kfb_timing,-0.0009904550948018342,-0.00495222210639715,0.08363665160490813,1,-28.279562542720438,0,0.3124935850816483,-0.0014108114275370046,0.454379548206369,0.312489885324467,-0.0014119733251631338,0.45435631570032975,-0.6041767645981331,0.4658232915000271,0.6559613592662267,-0.4451241690626786,-0.578109070693639,0.19482514635857373,1.0061342885691664,200.0,13.0,1.2,0.5,0.3,3.0,IDLE,0.08,nan,0,0.05,20.0,0,unknown,unknown,nan,0,0.0,0,0.005151427998498548,1,0.00033516899929963984,1.5073997928993776e-05,0.0002009370000450872,1.1039992386940867e-06,4.477002221392468e-06,1.3299722922965884e-07,2.5761997676454484e-05,3.6089986679144204e-06,0.0006387969988281839,0.004361203001171816,0.004508206999162212,0,0,0,200.0,0.0,0,0.0,nan,nan,nan,,,,,unknown,unknown,nan,,nan,,1.0,0.0,0.0,nan,nan,0.0,0,,1368366609,F04_M01_05,MDCEB22F,measured,baseline,0.5,,0,0,nan,nan,nan,nan,nan,-0.002088382299066549,0.0,0.027980679633113348,0.028058506256712572,1,0,0,0,ad4b715165e84dd399d377549dc111fb1309cda1260e23e9ee621d07fad63984,6ba3dffa4798388fb8057a608cfa40a0e24aeba9257d245b2d5103a1844d1115
4,2.5424440480019257,nan,PREP,,KFB_TIMING,kfb_timing,-0.001048214142156334,-0.005029969279286944,0.08317927978580036,1,-28.279562542720438,0,0.3124935850816483,-0.0014108114275370046,0.454379548206369,0.3124905229102386,-0.001411122443744509,0.45435600466972914,-0.6043005110212214,0.46514648529616753,0.6591359044623701,-0.4449381021394574,-0.5790025415943242,0.19379290309011127,1.0079685019658668,200.0,13.0,1.2,0.5,0.3,3.0,IDLE,0.08,nan,0,0.05,20.0,0,unknown,unknown,nan,0,0.0,0,0.005189629002416041,1,0.0001993950027099345,2.3994998628040776e-05,0.00020641100127249956,1.4759971236344427e-06,6.813999789301306e-06,1.6600097296759486e-07,3.847399784717709e-05,4.689998604590073e-06,0.0005682670016540214,0.004431732998345979,0.0046189519998733886,0,0,0,200.0,0.0,0,0.0,nan,nan,nan,,,,,unknown,unknown,nan,,nan,,1.0,0.0,0.0,nan,nan,0.0,0,,1373540920,F04_M01_05,MDCEB22F,measured,baseline,0.5,,0,0,nan,nan,nan,nan,nan,-0.00215025551061071,0.0,0.02956795223118508,0.029646035112752506,1,0,0,0,ad4b715165e84dd399d377549dc111fb1309cda1260e23e9ee621d07fad63984,6ba3dffa4798388fb8057a608cfa40a0e24aeba9257d245b2d5103a1844d1115
4,2.5476233459994546,nan,PREP,,KFB_TIMING,kfb_timing,-0.0011112892421604459,-0.0050275483938486834,0.08268646752893183,1,-28.279562542720438,0,0.3124935850816483,-0.0014108114275370046,0.454379548206369,0.3124913436502743,-0.0014101532116167137,0.45435579311946006,-0.602319582359846,0.4671853968883279,0.6571312295158893,-0.44646610828446787,-0.5770489173511657,0.19387450398720724,1.0064156830877131,200.0,13.0,1.2,0.5,0.3,3.0,IDLE,0.08,nan,0,0.05,20.0,0,unknown,unknown,nan,0,0.0,0,0.00517929799752892,1,0.00024774000121396966,1.4158002159092575e-05,0.0001960909976332914,9.96002199826762e-07,3.997000021627173e-06,1.1699739843606949e-07,2.6492001779843122e-05,8.38997948449105e-07,0.0005375509972509462,0.004462449002749054,0.004638041002181126,0,0,0,200.0,0.0,0,0.0,nan,nan,nan,,,,,unknown,unknown,nan,,nan,,1.0,0.0,0.0,nan,nan,0.0,0,,1379130981,F04_M01_05,MDCEB22F,measured,baseline,0.5,,0,0,nan,nan,nan,nan,nan,-0.0011597911799229865,0.0,0.02856561475794467,0.02858914937664871,1,0,0,0,ad4b715165e84dd399d377549dc111fb1309cda1260e23e9ee621d07fad63984,6ba3dffa4798388fb8057a608cfa40a0e24aeba9257d245b2d5103a1844d1115
4,2.552682787001686,nan,PREP,,KFB_TIMING,kfb_timing,-0.0011636712051836806,-0.0050578552280762515,0.08222925333689123,1,-28.279562542720438,0,0.3124935850816483,-0.0014108114275370046,0.454379548206369,0.31249013180859264,-0.0014109047386985877,0.4543543844602493,-0.6048999509099605,0.4659230743606404,0.6573838658352635,-0.44585820380930785,-0.5788536033940985,0.19330432435943273,1.0075424600943919,200.0,13.0,1.2,0.5,0.3,3.0,IDLE,0.08,nan,0,0.05,20.0,0,unknown,unknown,nan,0,0.0,0,0.005059441002231324,1,0.0004153180016146507,2.275199949508533e-05,0.0003776929988816846,3.558998287189752e-06,6.572001439053565e-06,1.4800025383010507e-07,4.871599958278239e-05,1.6999983927235007e-06,0.0009705010015750304,0.00402949899842497,0.004087086002982687,0,0,0,200.0,0.0,0,0.0,nan,nan,nan,,,,,unknown,unknown,nan,,nan,,1.0,0.0,0.0,nan,nan,0.0,0,,1383799007,F04_M01_05,MDCEB22F,measured,baseline,0.5,,0,0,nan,nan,nan,nan,nan,-0.002449975454980269,0.0,0.02869193291763178,0.028796343418564237,1,0,0,0,ad4b715165e84dd399d377549dc111fb1309cda1260e23e9ee621d07fad63984,6ba3dffa4798388fb8057a608cfa40a0e24aeba9257d245b2d5103a1844d1115
4,2.5578181660021073,nan,PREP,,KFB_TIMING,kfb_timing,-0.001216396806108938,-0.005126141143557793,0.08174956147077111,1,-28.279562542720438,0,0.3124935850816483,-0.0014108114275370046,0.454379548206369,0.3124911278896387,-0.001411126945882065,0.45435604810202557,-0.6037305962534885,0.46439391297249916,0.6565186603853095,-0.44513505693498845,-0.5778914767331722,0.19304746805542905,1.005569038252781,200.0,13.0,1.2,0.5,0.3,3.0,IDLE,0.08,nan,0,0.05,20.0,0,unknown,unknown,nan,0,0.0,0,0.005135379000421381,1,0.00026294800045434386,1.2264001270523295e-05,0.0001998209991143085,1.0299991117790341e-06,4.3719992390833795e-06,1.2600139598362148e-07,2.4654000299051404e-05,1.0000003385357559e-06,0.0005551569993258454,0.004444843000674155,0.004574285001581302,0,0,0,200.0,0.0,0,0.0,nan,nan,nan,,,,,unknown,unknown,nan,,nan,,1.0,0.0,0.0,nan,nan,0.0,0,,1389395480,F04_M01_05,MDCEB22F,measured,baseline,0.5,,0,0,nan,nan,nan,nan,nan,-0.0018652981267442414,0.0,0.028259330192654752,0.028320824141241444,1,0,0,0,ad4b715165e84dd399d377549dc111fb1309cda1260e23e9ee621d07fad63984,6ba3dffa4798388fb8057a608cfa40a0e24aeba9257d245b2d5103a1844d1115
4,2.5628795720003836,nan,PREP,,KFB_TIMING,kfb_timing,-0.0012697870528989297,-0.005156337668339032,0.08130332942006399,1,-28.279562542720438,0,0.3124935850816483,-0.0014108114275370046,0.454379548206369,0.31249015855766604,-0.001408822522089237,0.4543540548994279,-0.603411867956765,0.4603821019728055,0.6525166189357012,-0.4427441799638247,-0.5765943681089676,0.19228165964038954,1.0009173293510558,200.0,13.0,1.2,0.5,0.3,3.0,IDLE,0.08,nan,0,0.05,20.0,0,unknown,unknown,nan,0,0.0,0,0.005061405998276314,1,0.0005100099988339934,3.480700252112001e-05,0.000337219000357436,2.196000423282385e-06,8.01900023361668e-06,1.490006980020553e-07,4.0464998164679855e-05,1.7329984984826297e-06,0.0010322300004190765,0.003967769999580924,0.004026570000860374,0,0,0,200.0,0.0,0,0.0,nan,nan,nan,,,,,unknown,unknown,nan,,nan,,1.0,0.0,0.0,nan,nan,0.0,0,,1394043524,F04_M01_05,MDCEB22F,measured,baseline,0.5,,0,0,nan,nan,nan,nan,nan,-0.0017059339783825345,0.0,0.026258309467850627,0.026313666161293714,1,0,0,0,ad4b715165e84dd399d377549dc111fb1309cda1260e23e9ee621d07fad63984,6ba3dffa4798388fb8057a608cfa40a0e24aeba9257d245b2d5103a1844d1115
4,2.5679980589993647,nan,PREP,,KFB_TIMING,kfb_timing,-0.0013160406990315732,-0.005186844928280258,0.08086586304501361,1,-28.279562542720438,0,0.3124935850816483,-0.0014108114275370046,0.454379548206369,0.31249011768890106,-0.0014092186458298092,0.4543555894520089,-0.6077053144808213,0.4591116880908906,0.6508460620465766,-0.442029526742057,-0.5791949447642788,0.19217304990892145,1.00184324515936,200.0,13.0,1.2,0.5,0.3,3.0,IDLE,0.08,nan,0,0.05,20.0,0,unknown,unknown,nan,0,0.0,0,0.005118486998981098,1,0.0003159479965688661,1.7268001101911068e-05,0.00018737900245469064,1.1810006981249899e-06,4.601002729032189e-06,1.2300006346777081e-07,2.3651002265978605e-05,9.390023478772491e-07,0.0006018759995640721,0.004398124000435928,0.004512576000706758,0,0,0,200.0,0.0,0,0.0,nan,nan,nan,,,,,unknown,unknown,nan,,nan,,1.0,0.0,0.0,nan,nan,0.0,0,,1399376044,F04_M01_05,MDCEB22F,measured,baseline,0.5,,0,0,nan,nan,nan,nan,nan,-0.003852657240410673,0.0,0.0254230310232883,0.025713293725681433,1,0,0,0,ad4b715165e84dd399d377549dc111fb1309cda1260e23e9ee621d07fad63984,6ba3dffa4798388fb8057a608cfa40a0e24aeba9257d245b2d5103a1844d1115
4,2.5730846240003302,nan,PREP,,KFB_TIMING,kfb_timing,-0.0013644048036024758,-0.005223622128242479,0.08039216603989503,1,-28.279562542720438,0,0.3124935850816483,-0.0014108114275370046,0.454379548206369,0.31249038380872124,-0.0014096104639554873,0.4543559489367464,-0.6074182493509898,0.4580827314337622,0.6470526203167013,-0.44135767214021837,-0.5782596142735932,0.19176953661802815,0.9987361072581419,200.0,13.0,1.2,0.5,0.3,3.0,IDLE,0.08,nan,0,0.05,20.0,0,unknown,unknown,nan,0,0.0,0,0.005086565000965493,1,0.0002951060014311224,3.1790001230547205e-05,0.0003612489999795798,1.648997567826882e-06,6.0540005506481975e-06,1.3899989426136017e-07,3.55160009348765e-05,1.4809993444941938e-06,0.000827757001388818,0.004172242998611182,0.0042569450015434995,0,0,0,200.0,0.0,0,0.0,nan,nan,nan,,,,,unknown,unknown,nan,,nan,,1.0,0.0,0.0,nan,nan,0.0,0,,1404290834,F04_M01_05,MDCEB22F,measured,baseline,0.5,,0,0,nan,nan,nan,nan,nan,-0.0037091246754948903,0.0,0.02352631015835066,0.023816903147245626,1,0,0,0,ad4b715165e84dd399d377549dc111fb1309cda1260e23e9ee621d07fad63984,6ba3dffa4798388fb8057a608cfa40a0e24aeba9257d245b2d5103a1844d1115
4,2.578258227000333,nan,PREP,,KFB_TIMING,kfb_timing,-0.0014070187180418858,-0.005246106284997911,0.07995194814947144,1,-28.279562542720438,0,0.3124935850816483,-0.0014108114275370046,0.454379548206369,0.3124911020243381,-0.001408657348279857,0.45435612227816513,-0.6099504655213882,0.45739850689893297,0.6442951541728894,-0.44080904697207496,-0.5794243669493966,0.1911065714894259,0.9981829542693057,200.0,13.0,1.2,0.5,0.3,3.0,IDLE,0.08,nan,0,0.05,20.0,0,unknown,unknown,nan,0,0.0,0,0.005173603000002913,1,0.00037793099909322336,1.4470002497546375e-05,0.00017858000137493946,1.0459989425726235e-06,3.7800018617417663e-06,1.1500014807097614e-07,1.956000050995499e-05,3.1430026865564287e-06,0.000642258000880247,0.004357741999119753,0.004527638000581646,0,0,0,200.0,0.0,0,0.0,nan,nan,nan,,,,,unknown,unknown,nan,,nan,,1.0,0.0,0.0,nan,nan,0.0,0,,1409618746,F04_M01_05,MDCEB22F,measured,baseline,0.5,,0,0,nan,nan,nan,nan,nan,-0.004975232760694115,0.0,0.022147577086444714,0.022699517876446074,1,0,0,0,ad4b715165e84dd399d377549dc111fb1309cda1260e23e9ee621d07fad63984,6ba3dffa4798388fb8057a608cfa40a0e24aeba9257d245b2d5103a1844d1115
4,2.5833726260025287,nan,PREP,,KFB_TIMING,kfb_timing,-0.0014598350895450585,-0.005320734197393448,0.07947908873550605,1,-28.279562542720438,0,0.3124935850816483,-0.0014108114275370046,0.454379548206369,0.3124905270099259,-0.0014106510890728955,0.45435598048993897,-0.6152392493988275,0.45566399095690296,0.6433582649957089,-0.4396348130697766,-0.5828462188163518,0.19006339889991403,1.0000294314638414,200.0,13.0,1.2,0.5,0.3,3.0,IDLE,0.08,nan,0,0.05,20.0,0,unknown,unknown,nan,0,0.0,0,0.005114399002195569,1,0.00029062499743304215,2.3439999495167285e-05,0.0003521940016071312,1.581996912136674e-06,5.994999810354784e-06,1.6200283425860107e-07,3.5121000109938905e-05,1.401000190526247e-06,0.0008100449995254166,0.0041899550004745835,0.004302293000364443,0,0,0,200.0,0.0,0,0.0,nan,nan,nan,,,,,unknown,unknown,nan,,nan,,1.0,0.0,0.0,nan,nan,0.0,0,,1414540869,F04_M01_05,MDCEB22F,measured,baseline,0.5,,0,0,nan,nan,nan,nan,nan,-0.007619624699413741,0.0,0.02167913249785447,0.022979196383238594,1,0,0,0,ad4b715165e84dd399d377549dc111fb1309cda1260e23e9ee621d07fad63984,6ba3dffa4798388fb8057a608cfa40a0e24aeba9257d245b2d5103a1844d1115
4,2.58855883599972,nan,PREP,,KFB_TIMING,kfb_timing,-0.0015233646774103216,-0.005326255874179831,0.07901624553002831,1,-28.279562542720438,0,0.3124935850816483,-0.0014108114275370046,0.454379548206369,0.31249074720189857,-0.0014117769908329547,0.4543553769128364,-0.6175914007454467,0.457640638343913,0.6407764426154715,-0.4407541772303402,-0.5838226257891038,0.19021971534854762,1.0007240086804583,200.0,13.0,1.2,0.5,0.3,3.0,IDLE,0.08,nan,0,0.05,20.0,0,unknown,unknown,nan,0,0.0,0,0.005186209997191327,1,0.0003401359972485807,1.223399885930121e-05,0.00018293800167157315,8.200004231184721e-07,3.7329991755541414e-06,1.1500014807097614e-07,1.9656999938888475e-05,8.169990906026214e-07,0.0006021279987180606,0.0043978720012819396,0.004570351000438677,0,0,0,200.0,0.0,0,0.0,nan,nan,nan,,,,,unknown,unknown,nan,,nan,,1.0,0.0,0.0,nan,nan,0.0,0,,1420393503,F04_M01_05,MDCEB22F,measured,baseline,0.5,,0,0,nan,nan,nan,nan,nan,-0.00879570037272337,0.0,0.020388221307735765,0.022204592163332718,1,0,0,0,ad4b715165e84dd399d377549dc111fb1309cda1260e23e9ee621d07fad63984,6ba3dffa4798388fb8057a608cfa40a0e24aeba9257d245b2d5103a1844d1115
4,2.5936457000025257,nan,PREP,,KFB_TIMING,kfb_timing,-0.001586422169853996,-0.00537037863525433,0.07856964181385005,1,-28.279562542720438,0,0.3124935850816483,-0.0014108114275370046,0.454379548206369,0.31248983570098277,-0.0014113763623920987,0.4543547552020484,-0.6221088133148693,0.4582775401836766,0.6399293711239435,-0.4410659121305822,-0.586717648493738,0.19034083770509902,1.0032682988452901,200.0,13.0,1.2,0.5,0.3,3.0,IDLE,0.08,nan,0,0.05,20.0,0,unknown,unknown,nan,0,0.0,0,0.005086864002805669,1,0.000526043997524539,7.38970011298079e-05,0.00045745600073132664,2.6230009098071605e-06,7.771999662509188e-06,1.3899989426136017e-07,4.158099909545854e-05,1.8339997041039169e-06,0.0012908230019093025,0.0037091769980906976,0.003793162999500055,0,0,0,200.0,0.0,0,0.0,nan,nan,nan,,,,,unknown,unknown,nan,,nan,,1.0,0.0,0.0,nan,nan,0.0,0,,1424792614,F04_M01_05,MDCEB22F,measured,baseline,0.5,,0,0,nan,nan,nan,nan,nan,-0.011054406657434679,0.0,0.019964685561971784,0.022820792627258606,1,0,0,0,ad4b715165e84dd399d377549dc111fb1309cda1260e23e9ee621d07fad63984,6ba3dffa4798388fb8057a608cfa40a0e24aeba9257d245b2d5103a1844d1115
4,2.598806046000391,nan,PREP,,KFB_TIMING,kfb_timing,-0.0016477737787308766,-0.00542134816434425,0.07810753133797685,1,-28.279562542720438,0,0.3124935850816483,-0.0014108114275370046,0.454379548206369,0.31248916685384154,-0.0014100107049034973,0.4543535128135958,-0.6231523082138584,0.4533802397217271,0.6387440589204384,-0.43785852475748677,-0.5871865577199302,0.18921887807534687,1.0009327718725902,200.0,13.0,1.2,0.5,0.3,3.0,IDLE,0.08,nan,0,0.05,20.0,0,unknown,unknown,nan,0,0.0,0,0.005160345997865079,1,0.0003004500031238422,1.6420002793893218e-05,0.00016832599794724956,1.5079967852216214e-06,4.51199957751669e-06,1.3299722922965884e-07,2.3721997422399e-05,1.0110015864484012e-06,0.0005849299996043555,0.0044150700003956446,0.004571146997477626,0,0,0,200.0,0.0,0,0.0,nan,nan,nan,,,,,unknown,unknown,nan,,nan,,1.0,0.0,0.0,nan,nan,0.0,0,,1430381427,F04_M01_05,MDCEB22F,measured,baseline,0.5,,0,0,nan,nan,nan,nan,nan,-0.011576154106929193,0.0,0.01937202946021921,0.022567296455600846,1,0,0,0,ad4b715165e84dd399d377549dc111fb1309cda1260e23e9ee621d07fad63984,6ba3dffa4798388fb8057a608cfa40a0e24aeba9257d245b2d5103a1844d1115
4,2.6038663889994496,nan,PREP,,KFB_TIMING,kfb_timing,-0.0017011695979791686,-0.0054346144047043195,0.077651071071005,1,-28.279562542720438,0,0.3124935850816483,-0.0014108114275370046,0.454379548206369,0.31248991302241186,-0.0014104560671720882,0.4543533988915982,-0.6233161746341305,0.44908281921653886,0.6390268174858531,-0.43499537196224136,-0.5874471837611434,0.18858671957182677,0.9992765911108387,200.0,13.0,1.2,0.5,0.3,3.0,IDLE,0.08,nan,0,0.05,20.0,0,unknown,unknown,nan,0,0.0,0,0.005060342999058776,1,0.0005199450024520047,2.181299714720808e-05,0.0003608090009947773,1.582000550115481e-06,6.217000191099942e-06,1.5999830793589354e-07,3.7068002711748704e-05,1.4670004020445049e-06,0.0010268090009049047,0.003973190999095095,0.004031483000289882,0,0,0,200.0,0.0,0,0.0,nan,nan,nan,,,,,unknown,unknown,nan,,nan,,1.0,0.0,0.0,nan,nan,0.0,0,,1435046381,F04_M01_05,MDCEB22F,measured,baseline,0.5,,0,0,nan,nan,nan,nan,nan,-0.011658087317065247,0.0,0.019513408742926563,0.02273068676175096,1,0,0,0,ad4b715165e84dd399d377549dc111fb1309cda1260e23e9ee621d07fad63984,6ba3dffa4798388fb8057a608cfa40a0e24aeba9257d245b2d5103a1844d1115
4,2.6090401690016733,nan,PREP,,KFB_TIMING,kfb_timing,-0.0017504564235507336,-0.005470504401117573,0.07719316264601983,1,-28.279562542720438,0,0.3124935850816483,-0.0014108114275370046,0.454379548206369,0.3124907915709617,-0.001410682597917789,0.45435531608095936,-0.6278269389638841,0.44759122203968693,0.6417142923184654,-0.433983456848329,-0.5912273734244162,0.18871579220415102,1.0031459516448888,200.0,13.0,1.2,0.5,0.3,3.0,IDLE,0.08,nan,0,0.05,20.0,0,unknown,unknown,nan,0,0.0,0,0.005173780002223793,1,0.00040112200076691806,1.4765999367227778e-05,0.00012554600107250735,9.219984349329025e-07,4.122997779631987e-06,1.3000317267142236e-07,2.1408002794487402e-05,9.48002707445994e-07,0.0006157610005175229,0.004384238999482477,0.004554303999611875,0,0,0,200.0,0.0,0,0.0,nan,nan,nan,,,,,unknown,unknown,nan,,nan,,1.0,0.0,0.0,nan,nan,0.0,0,,1440405657,F04_M01_05,MDCEB22F,measured,baseline,0.5,,0,0,nan,nan,nan,nan,nan,-0.013913469481942053,0.0,0.02085714615923273,0.025071999898941637,1,0,0,0,ad4b715165e84dd399d377549dc111fb1309cda1260e23e9ee621d07fad63984,6ba3dffa4798388fb8057a608cfa40a0e24aeba9257d245b2d5103a1844d1115
4,2.614220755000133,nan,PREP,,KFB_TIMING,kfb_timing,-0.0018053816374843101,-0.0055205520258478375,0.07671999823544219,1,-28.28571428571429,0,0.3124935850816483,-0.0014108114275370046,0.454379548206369,0.3124909842722483,-0.0014110136695811345,0.45435765189622435,-0.6272594911633464,0.44854755121456463,0.6399984344184031,-0.43451290479435833,-0.5903598462520683,0.1893558925879907,1.0021214352627579,200.0,13.0,1.2,0.5,0.3,3.0,IDLE,0.08,nan,0,0.05,20.0,0,unknown,unknown,nan,0,0.0,0,0.005180585998459719,1,0.00023654699907638133,2.358699930482544e-05,0.00041897600021911785,1.5129990060813725e-06,6.057998689357191e-06,1.4800025383010507e-07,3.45879998349119e-05,4.722998710349202e-06,0.0008176859992090613,0.004182314000790939,0.004358174999651965,0,0,0,200.0,0.0,0,0.0,nan,nan,nan,,,,,unknown,unknown,nan,,nan,,1.0,0.0,0.0,nan,nan,0.0,0,,1445650770,F04_M01_05,MDCEB22F,measured,baseline,0.5,,0,0,nan,nan,nan,nan,nan,-0.013629745581673236,0.0,0.01999921720920156,0.024202038211728467,1,0,0,0,ad4b715165e84dd399d377549dc111fb1309cda1260e23e9ee621d07fad63984,6ba3dffa4798388fb8057a608cfa40a0e24aeba9257d245b2d5103a1844d1115
4,2.6193908599998394,nan,PREP,,KFB_TIMING,kfb_timing,-0.001868741164652299,-0.005562549595904354,0.07624605087238717,1,-28.28571428571429,0,0.3124935850816483,-0.0014108114275370046,0.454379548206369,0.31248990596614856,-0.0014104329991487408,0.4543532058197531,-0.6249607420949794,0.44606861981587903,0.6367646165111269,-0.4328867975791296,-0.5879113756578603,0.18845340116264053,0.997508054897259,200.0,13.0,1.2,0.5,0.3,3.0,IDLE,0.08,nan,0,0.05,20.0,0,unknown,unknown,nan,0,0.0,0,0.005170104999706382,1,0.00028322700018179603,3.968099917983636e-05,0.0003059519985981751,4.172001354163513e-06,2.9202001314843073e-05,6.440022843889892e-07,8.63879977259785e-05,3.05499997921288e-06,0.0009300599995185621,0.004069940000481438,0.004235591997712618,0,0,0,200.0,0.0,0,0.0,nan,nan,nan,,,,,unknown,unknown,nan,,nan,,1.0,0.0,0.0,nan,nan,0.0,0,,1450549746,F04_M01_05,MDCEB22F,measured,baseline,0.5,,0,0,nan,nan,nan,nan,nan,-0.012480371047489724,0.0,0.018382308255563473,0.022218661487262835,1,0,0,0,ad4b715165e84dd399d377549dc111fb1309cda1260e23e9ee621d07fad63984,6ba3dffa4798388fb8057a608cfa40a0e24aeba9257d245b2d5103a1844d1115
4,2.6245958489998884,nan,PREP,,KFB_TIMING,kfb_timing,-0.00192135657810788,-0.00558289076074156,0.07579208481434836,1,-28.28571428571429,0,0.3124935850816483,-0.0014108114275370046,0.454379548206369,0.31248969059676013,-0.0014100377444995794,0.45435475164247374,-0.6270432361379157,0.4465643944646306,0.6391865491927027,-0.4331917917360713,-0.5900264465658022,0.18806642295234113,1.0005810427240502,200.0,13.0,1.2,0.5,0.3,3.0,IDLE,0.08,nan,0,0.05,20.0,0,unknown,unknown,nan,0,0.0,0,0.005204989000048954,1,0.0003654610009107273,2.0883999241050333e-05,0.00011331999849062413,1.4229990483727306e-06,5.218000296736136e-06,1.449989213142544e-07,2.8509999538073316e-05,1.3139979273546487e-06,0.0006018950007273816,0.0043981049992726185,0.004596495997247985,0,0,0,200.0,0.0,0,0.0,nan,nan,nan,,,,,unknown,unknown,nan,,nan,,1.0,0.0,0.0,nan,nan,0.0,0,,1455812643,F04_M01_05,MDCEB22F,measured,baseline,0.5,,0,0,nan,nan,nan,nan,nan,-0.013521618068957852,0.0,0.01959327459635135,0.023806103515922016,1,0,0,0,ad4b715165e84dd399d377549dc111fb1309cda1260e23e9ee621d07fad63984,6ba3dffa4798388fb8057a608cfa40a0e24aeba9257d245b2d5103a1844d1115
4,2.629746900001919,nan,PREP,,KFB_TIMING,kfb_timing,-0.001971209385992101,-0.005596342523887721,0.075354983935836,1,-28.28571428571429,0,0.3124935850816483,-0.0014108114275370046,0.454379548206369,0.31248989183190523,-0.001410862833488599,0.45435570611646947,-0.6301186692694973,0.4490760859525511,0.6405830311454569,-0.4348617625648382,-0.5924251096389209,0.1882262334338233,1.004522517481777,200.0,13.0,1.2,0.5,0.3,3.0,IDLE,0.08,nan,0,0.05,20.0,0,unknown,unknown,nan,0,0.0,0,0.0051510510020307265,1,0.00036411200198926963,3.183099761372432e-05,0.00015117299699340947,2.353001036681235e-06,5.025998689234257e-06,1.1500014807097614e-07,3.170600029989146e-05,1.4329998521134257e-06,0.0006629020026593935,0.004337097997340607,0.004482121999899391,0,0,0,200.0,0.0,0,0.0,nan,nan,nan,,,,,unknown,unknown,nan,,nan,,1.0,0.0,0.0,nan,nan,0.0,0,,1460826430,F04_M01_05,MDCEB22F,measured,baseline,0.5,,0,0,nan,nan,nan,nan,nan,-0.015059334634748678,0.0,0.020291515572728458,0.025269134608838954,1,0,0,0,ad4b715165e84dd399d377549dc111fb1309cda1260e23e9ee621d07fad63984,6ba3dffa4798388fb8057a608cfa40a0e24aeba9257d245b2d5103a1844d1115
4,2.6348059299998567,nan,PREP,,KFB_TIMING,kfb_timing,-0.002031548796196797,-0.005638985513179801,0.0749136980873688,1,-28.28571428571429,0,0.3124935850816483,-0.0014108114275370046,0.454379548206369,0.31248977503649855,-0.0014123699440931805,0.454355845066794,-0.6325987379456478,0.4499662931209253,0.6412837312274202,-0.43566280355205605,-0.5941555636000132,0.18772833062484465,1.0069238561740281,200.0,13.0,1.2,0.5,0.3,3.0,IDLE,0.08,nan,0,0.05,20.0,0,unknown,unknown,nan,0,0.0,0,0.005059029997937614,1,0.00022493599681183696,2.2430998797062784e-05,0.00015000900020822883,3.236000338802114e-06,6.3829975260887295e-06,1.4699980965815485e-07,4.3580002966336906e-05,1.8540013115853071e-06,0.0005373239982873201,0.00446267600171268,0.004519692000030773,0,0,0,200.0,0.0,0,0.0,nan,nan,nan,,,,,unknown,unknown,nan,,nan,,1.0,0.0,0.0,nan,nan,0.0,0,,1465792770,F04_M01_05,MDCEB22F,measured,baseline,0.5,,0,0,nan,nan,nan,nan,nan,-0.016299368972823913,0.0,0.02064186561371012,0.026301255577000943,1,0,0,0,ad4b715165e84dd399d377549dc111fb1309cda1260e23e9ee621d07fad63984,6ba3dffa4798388fb8057a608cfa40a0e24aeba9257d245b2d5103a1844d1115
4,2.6399730990015087,nan,PREP,,KFB_TIMING,kfb_timing,-0.0020912307818891362,-0.005666823442209304,0.07447871369992111,1,-28.28571428571429,0,0.3124935850816483,-0.0014108114275370046,0.454379548206369,0.3124907699009248,-0.0014109675284068564,0.4543552602472156,-0.6297716849519055,0.45159049781799115,0.6413135665614722,-0.4369818075982107,-0.5921197459225187,0.18758965189696622,1.005897332505887,200.0,13.0,1.2,0.5,0.3,3.0,IDLE,0.08,nan,0,0.05,20.0,0,unknown,unknown,nan,0,0.0,0,0.005167169001651928,1,0.00015816399900359102,1.3515000318875536e-05,0.00018101199748343788,7.640010153409094e-07,3.650999133242294e-06,1.3799945008940995e-07,1.9838997104670852e-05,8.230017556343228e-07,0.0004208490026940126,0.0045791509973059875,0.0047427249992324505,0,0,0,200.0,0.0,0,0.0,nan,nan,nan,,,,,unknown,unknown,nan,,nan,,1.0,0.0,0.0,nan,nan,0.0,0,,1471415798,F04_M01_05,MDCEB22F,measured,baseline,0.5,,0,0,nan,nan,nan,nan,nan,-0.01488584247595276,0.0,0.020656783280736113,0.02546155929486995,1,0,0,0,ad4b715165e84dd399d377549dc111fb1309cda1260e23e9ee621d07fad63984,6ba3dffa4798388fb8057a608cfa40a0e24aeba9257d245b2d5103a1844d1115
4,2.6451507450001372,nan,PREP,,KFB_TIMING,kfb_timing,-0.0021460733906323304,-0.005679737656220938,0.07403901817231429,1,-28.28571428571429,0,0.3124935850816483,-0.0014108114275370046,0.454379548206369,0.3124900083471177,-0.0014120561915237874,0.454354107583478,-0.6305842511547054,0.45353066971207134,0.6431930970888549,-0.4384461258776557,-0.5930064549223454,0.18784489292366557,1.0084760415183762,200.0,13.0,1.2,0.5,0.3,3.0,IDLE,0.08,nan,0,0.05,20.0,0,unknown,unknown,nan,0,0.0,0,0.005177645998628577,1,0.00027908400079468265,2.1269999706419185e-05,0.0004678779987443704,1.448999682907015e-06,6.024998583598062e-06,1.4300167094916105e-07,3.508400186547078e-05,1.4129982446320355e-06,0.0008920420004869811,0.004107957999513019,0.004283417998522054,0,0,0,200.0,0.0,0,0.0,nan,nan,nan,,,,,unknown,unknown,nan,,nan,,1.0,0.0,0.0,nan,nan,0.0,0,,1476295826,F04_M01_05,MDCEB22F,measured,baseline,0.5,,0,0,nan,nan,nan,nan,nan,-0.015292125577352711,0.0,0.02159654854442744,0.02646242645158104,1,0,0,0,ad4b715165e84dd399d377549dc111fb1309cda1260e23e9ee621d07fad63984,6ba3dffa4798388fb8057a608cfa40a0e24aeba9257d245b2d5103a1844d1115
4,2.6503340390008816,nan,PREP,,KFB_TIMING,kfb_timing,-0.0021979269688647274,-0.005699761132467254,0.0735909883010487,1,-28.28571428571429,0,0.3124935850816483,-0.0014108114275370046,0.454379548206369,0.3124906541497787,-0.0014103293298959605,0.4543574441616871,-0.6312180102691562,0.4528541629043309,0.6438319638596818,-0.4383140511630917,-0.5934712167469823,0.1876963052988388,1.008976048791719,200.0,13.0,1.2,0.5,0.3,3.0,IDLE,0.08,nan,0,0.05,20.0,0,unknown,unknown,nan,0,0.0,0,0.005183294000744354,1,0.00030448799952864647,1.4778001059312373e-05,0.00018751900279312395,1.0229996405541897e-06,3.9379992813337594e-06,1.1900192475877702e-07,2.0569998014252633e-05,2.868000592570752e-06,0.0005818730023747776,0.0044181269976252225,0.0045915740010968875,0,0,0,200.0,0.0,0,0.0,nan,nan,nan,,,,,unknown,unknown,nan,,nan,,1.0,0.0,0.0,nan,nan,0.0,0,,1481900241,F04_M01_05,MDCEB22F,measured,baseline,0.5,,0,0,nan,nan,nan,nan,nan,-0.015609005134578136,0.0,0.0219159819298409,0.026906343215687994,1,0,0,0,ad4b715165e84dd399d377549dc111fb1309cda1260e23e9ee621d07fad63984,6ba3dffa4798388fb8057a608cfa40a0e24aeba9257d245b2d5103a1844d1115
4,2.6555020609994244,nan,PREP,,KFB_TIMING,kfb_timing,-0.0022512497527356623,-0.005727943399904227,0.07317122278545654,1,-28.28571428571429,0,0.3124935850816483,-0.0014108114275370046,0.454379548206369,0.3124903090012907,-0.0014122219906316713,0.4543547441464104,-0.6275677712460211,0.4547465535425608,0.6437589228655777,-0.43981045552046655,-0.5910190798663706,0.18864304442683733,1.007502499368902,200.0,13.0,1.2,0.5,0.3,3.0,IDLE,0.08,nan,0,0.05,20.0,0,unknown,unknown,nan,0,0.0,0,0.005168021998542827,1,0.0005072330022812821,5.864400009158999e-05,0.00020680399757111445,5.290003173286095e-06,1.4020002709003165e-05,3.950008249375969e-07,9.167600001092069e-05,3.870001819450408e-06,0.0010731490001489874,0.003926850999851013,0.004087801000423497,0,0,0,200.0,0.0,0,0.0,nan,nan,nan,,,,,unknown,unknown,nan,,nan,,1.0,0.0,0.0,nan,nan,0.0,0,,1486559008,F04_M01_05,MDCEB22F,measured,baseline,0.5,,0,0,nan,nan,nan,nan,nan,-0.013783885623010583,0.0,0.02187946143278885,0.025859356826052976,1,0,0,0,ad4b715165e84dd399d377549dc111fb1309cda1260e23e9ee621d07fad63984,6ba3dffa4798388fb8057a608cfa40a0e24aeba9257d245b2d5103a1844d1115
4,2.660710422002012,nan,PREP,,KFB_TIMING,kfb_timing,-0.002317534718965314,-0.0057549592228664645,0.07273301387111578,1,-28.28571428571429,0,0.3124935850816483,-0.0014108114275370046,0.454379548206369,0.3124898201072516,-0.001410348622031328,0.4543527367914083,-0.6281335265752152,0.45610782184808546,0.6472389397458737,-0.44089526594266376,-0.5924339734802965,0.1895946306881673,1.010694967575373,200.0,13.0,1.2,0.5,0.3,3.0,IDLE,0.08,nan,0,0.05,20.0,0,unknown,unknown,nan,0,0.0,0,0.0052083610025874805,1,0.00022833600087324157,2.7740999939851463e-05,0.00012891300139017403,1.92900188267231e-06,5.292000423651189e-06,1.2600139598362148e-07,3.129900142084807e-05,1.2650016287807375e-06,0.0005026060025556944,0.004497393997444306,0.004700584999227431,0,0,0,200.0,0.0,0,0.0,nan,nan,nan,,,,,unknown,unknown,nan,,nan,,1.0,0.0,0.0,nan,nan,0.0,0,,1492145588,F04_M01_05,MDCEB22F,measured,baseline,0.5,,0,0,nan,nan,nan,nan,nan,-0.014066763287607587,0.0,0.023619469872936838,0.02749096554266793,1,0,0,0,ad4b715165e84dd399d377549dc111fb1309cda1260e23e9ee621d07fad63984,6ba3dffa4798388fb8057a608cfa40a0e24aeba9257d245b2d5103a1844d1115
4,2.6657718000024033,nan,PREP,,KFB_TIMING,kfb_timing,-0.002372747623561211,-0.005775577856357878,0.07231541559616271,1,-28.28571428571429,0,0.3124935850816483,-0.0014108114275370046,0.454379548206369,0.3124903850882028,-0.0014097781943122802,0.45435634577526873,-0.6272993847473389,0.4580445635033446,0.6468968634869383,-0.4423243653752284,-0.5917643101789902,0.19061137708847647,1.0108337609362867,200.0,13.0,1.2,0.5,0.3,3.0,IDLE,0.08,nan,0,0.05,20.0,0,unknown,unknown,nan,0,0.0,0,0.005061378000391414,1,0.0003431609984545503,2.9910999728599563e-05,0.0003631190011219587,2.887001755880192e-06,6.712998583680019e-06,1.5600016922689974e-07,6.283799666562118e-05,1.8829996406566352e-06,0.0009119299975282047,0.004088070002471795,0.004147414001636207,0,0,0,200.0,0.0,0,0.0,nan,nan,nan,,,,,unknown,unknown,nan,,nan,,1.0,0.0,0.0,nan,nan,0.0,0,,1496786946,F04_M01_05,MDCEB22F,measured,baseline,0.5,,0,0,nan,nan,nan,nan,nan,-0.013649692373669475,0.0,0.023448431743469167,0.02713195630845559,1,0,0,0,ad4b715165e84dd399d377549dc111fb1309cda1260e23e9ee621d07fad63984,6ba3dffa4798388fb8057a608cfa40a0e24aeba9257d245b2d5103a1844d1115
4,2.67092292000234,nan,PREP,,KFB_TIMING,kfb_timing,-0.0024372051563197883,-0.005795672881088761,0.07189382928061226,1,-28.28571428571429,0,0.3124935850816483,-0.0014108114275370046,0.454379548206369,0.31249079359605353,-0.0014119628769949924,0.45435534233249897,-0.6269065391199212,0.45825925821519825,0.6477232802196982,-0.4427114187711796,-0.5916685878740872,0.1906923052731911,1.0112164972298596,200.0,13.0,1.2,0.5,0.3,3.0,IDLE,0.08,nan,0,0.05,20.0,0,unknown,unknown,nan,0,0.0,0,0.005151119999936782,1,0.0001958169996214565,1.3681998098036274e-05,0.0001687479998508934,8.259994501713663e-07,3.702996764332056e-06,1.1400334187783301e-07,1.9810999219771475e-05,9.499999578110874e-07,0.00044921999869984575,0.004550780001300154,0.004697890999523224,0,0,0,200.0,0.0,0,0.0,nan,nan,nan,,,,,unknown,unknown,nan,,nan,,1.0,0.0,0.0,nan,nan,0.0,0,,1502112103,F04_M01_05,MDCEB22F,measured,baseline,0.5,,0,0,nan,nan,nan,nan,nan,-0.013453269559960623,0.0,0.02386164010984909,0.02739285181548139,1,0,0,0,ad4b715165e84dd399d377549dc111fb1309cda1260e23e9ee621d07fad63984,6ba3dffa4798388fb8057a608cfa40a0e24aeba9257d245b2d5103a1844d1115
4,2.6760794469992106,nan,PREP,,KFB_TIMING,kfb_timing,-0.0025006258916352164,-0.005822428548737893,0.07145675996455493,1,-28.28571428571429,0,0.3124935850816483,-0.0014108114275370046,0.454379548206369,0.3124901617175069,-0.0014117536595241289,0.4543549532897123,-0.6252439938675909,0.4617742158657683,0.647616645287177,-0.4452829854923308,-0.5904767823311471,0.19144790875046303,1.0117177459938904,200.0,13.0,1.2,0.5,0.3,3.0,IDLE,0.08,nan,0,0.05,20.0,0,unknown,unknown,nan,0,0.0,0,0.005156526996870525,1,0.00032830099735292606,2.279300315422006e-05,0.00015894900207058527,1.820000761654228e-06,6.149999535409734e-06,1.2500095181167126e-07,3.955699867219664e-05,1.4970028132665902e-06,0.0006429770000977442,0.004357022999902256,0.004511567000008654,0,0,0,200.0,0.0,0,0.0,nan,nan,nan,,,,,unknown,unknown,nan,,nan,,1.0,0.0,0.0,nan,nan,0.0,0,,1507299805,F04_M01_05,MDCEB22F,measured,baseline,0.5,,0,0,nan,nan,nan,nan,nan,-0.012621996933795454,0.0,0.02380832264358851,0.02694718971800123,1,0,0,0,ad4b715165e84dd399d377549dc111fb1309cda1260e23e9ee621d07fad63984,6ba3dffa4798388fb8057a608cfa40a0e24aeba9257d245b2d5103a1844d1115
4,2.6812420210007986,nan,PREP,,KFB_TIMING,kfb_timing,-0.0025655819155321613,-0.005849843031427316,0.07104470643277708,1,-28.28571428571429,0,0.3124935850816483,-0.0014108114275370046,0.454379548206369,0.3124902528912515,-0.0014100383622801995,0.45435276800900265,-0.6241783156909331,0.46364045060011705,0.6479543700189985,-0.44676387761045677,-0.5898013832781559,0.19142393289267412,1.012129390363785,200.0,13.0,1.2,0.5,0.3,3.0,IDLE,0.08,nan,0,0.05,20.0,0,unknown,unknown,nan,0,0.0,0,0.005162574001587927,1,0.00039649600148550235,1.591900218045339e-05,0.00016969799980870448,1.0379990271758288e-06,4.093002644367516e-06,1.2600139598362148e-07,2.1630999981425703e-05,9.370014595333487e-07,0.0006563140013895463,0.004343685998610454,0.004502212999796029,0,0,0,200.0,0.0,0,0.0,nan,nan,nan,,,,,unknown,unknown,nan,,nan,,1.0,0.0,0.0,nan,nan,0.0,0,,1512598883,F04_M01_05,MDCEB22F,measured,baseline,0.5,,0,0,nan,nan,nan,nan,nan,-0.012089157845466547,0.0,0.023977185009499247,0.026852432634537245,1,0,0,0,ad4b715165e84dd399d377549dc111fb1309cda1260e23e9ee621d07fad63984,6ba3dffa4798388fb8057a608cfa40a0e24aeba9257d245b2d5103a1844d1115
4,2.6863566810025077,nan,PREP,,KFB_TIMING,kfb_timing,-0.0026314125761553453,-0.005862635768511241,0.070632052149236,1,-28.28571428571429,0,0.3124935850816483,-0.0014108114275370046,0.454379548206369,0.31248964033801835,-0.0014107060498928852,0.4543539019728591,-0.6244478822136004,0.4666120471607984,0.649384862909521,-0.4488203395111565,-0.590293955799529,0.1917032151318143,1.0145751132038767,200.0,13.0,1.2,0.5,0.3,3.0,IDLE,0.08,nan,0,0.05,20.0,0,unknown,unknown,nan,0,0.0,0,0.005114660001709126,1,0.0002781490002234932,2.2866999643156305e-05,0.00037774600059492514,1.3899989426136017e-06,6.048001523595303e-06,1.2900272849947214e-07,3.856699913740158e-05,4.5629967644345015e-06,0.0008128629997372627,0.004187137000262737,0.00429604099917924,0,0,0,200.0,0.0,0,0.0,nan,nan,nan,,,,,unknown,unknown,nan,,nan,,1.0,0.0,0.0,nan,nan,0.0,0,,1517552239,F04_M01_05,MDCEB22F,measured,baseline,0.5,,0,0,nan,nan,nan,nan,nan,-0.012223941106800196,0.0,0.02469243145476052,0.027552511815269517,1,0,0,0,ad4b715165e84dd399d377549dc111fb1309cda1260e23e9ee621d07fad63984,6ba3dffa4798388fb8057a608cfa40a0e24aeba9257d245b2d5103a1844d1115
4,2.6915524050018576,nan,PREP,,KFB_TIMING,kfb_timing,-0.0026925594198001224,-0.0058979514952316415,0.07024427468395725,1,-28.28571428571429,0,0.3124935850816483,-0.0014108114275370046,0.454379548206369,0.3124904331230086,-0.0014096966235237728,0.45435486926445884,-0.6244673516954606,0.47057070140526547,0.6514435386782176,-0.4514036386817194,-0.5908216742454614,0.1925842047093741,1.0177302896348246,200.0,13.0,1.2,0.5,0.3,3.0,IDLE,0.08,nan,0,0.05,20.0,0,unknown,unknown,nan,0,0.0,0,0.005195723999349866,1,0.0003707630021381192,1.737300044624135e-05,0.00015289099974324927,1.305998011957854e-06,4.9199989007320255e-06,1.2399686966091394e-07,3.1185001716949046e-05,1.0349976946599782e-06,0.0006407739965652581,0.004359226003434742,0.004546406002191361,0,0,0,200.0,0.0,0,0.0,nan,nan,nan,,,,,unknown,unknown,nan,,nan,,1.0,0.0,0.0,nan,nan,0.0,0,,1523071225,F04_M01_05,MDCEB22F,measured,baseline,0.5,,0,0,nan,nan,nan,nan,nan,-0.01223367584773033,0.0,0.025721769339108802,0.028482841197493943,1,0,0,0,ad4b715165e84dd399d377549dc111fb1309cda1260e23e9ee621d07fad63984,6ba3dffa4798388fb8057a608cfa40a0e24aeba9257d245b2d5103a1844d1115
4,2.696753570002329,nan,PREP,,KFB_TIMING,kfb_timing,-0.002749000225698933,-0.0059123115454095985,0.06987421890062227,1,-28.28571428571429,0,0.3124935850816483,-0.0014108114275370046,0.454379548206369,0.31249134379928084,-0.001411835488985094,0.4543547285973502,-0.6219980964425379,0.47059741531487664,0.6522240736374613,-0.451493187959392,-0.5892941764172983,0.19263957249229632,1.0167299550575992,200.0,13.0,1.2,0.5,0.3,3.0,IDLE,0.08,nan,0,0.05,20.0,0,unknown,unknown,nan,0,0.0,0,0.005201165000471519,1,0.0004963459978171159,3.929700324079022e-05,0.00028955100060557015,2.0999978005420417e-06,6.531001417897642e-06,1.900007191579789e-07,3.599199771997519e-05,1.6900012269616127e-06,0.0009691399973235093,0.004030860002676491,0.004228937999869231,0,0,0,200.0,0.0,0,0.0,nan,nan,nan,,,,,unknown,unknown,nan,,nan,,1.0,0.0,0.0,nan,nan,0.0,0,,1527800538,F04_M01_05,MDCEB22F,measured,baseline,0.5,,0,0,nan,nan,nan,nan,nan,-0.010999048221268959,0.0,0.026112036818730644,0.028334034809686822,1,0,0,0,ad4b715165e84dd399d377549dc111fb1309cda1260e23e9ee621d07fad63984,6ba3dffa4798388fb8057a608cfa40a0e24aeba9257d245b2d5103a1844d1115
4,2.701877488001628,nan,PREP,,KFB_TIMING,kfb_timing,-0.002812834551494142,-0.005925608907866644,0.06948181274784086,1,-28.28571428571429,0,0.3124935850816483,-0.0014108114275370046,0.454379548206369,0.312491031728871,-0.0014101172236118346,0.454354713608435,-0.624152483613621,0.46942464708241866,0.6559107076774678,-0.450789997320589,-0.5916416765235321,0.19263733029335445,1.0198748347397641,200.0,13.0,1.2,0.5,0.3,3.0,IDLE,0.08,nan,0,0.05,20.0,0,unknown,unknown,nan,0,0.0,0,0.00512391799929901,1,0.00020217400015098974,1.9580998923629522e-05,0.000178371999936644,1.0180010576732457e-06,4.204001015750691e-06,1.2499731383286417e-07,2.48180003836751e-05,1.0780022421386093e-06,0.00048626399802742526,0.004513736001972575,0.0046331419980560895,0,0,0,200.0,0.0,0,0.0,nan,nan,nan,,,,,unknown,unknown,nan,,nan,,1.0,0.0,0.0,nan,nan,0.0,0,,1533079663,F04_M01_05,MDCEB22F,measured,baseline,0.5,,0,0,nan,nan,nan,nan,nan,-0.012076241806810495,0.0,0.027955353838733932,0.03045221542721274,1,0,0,0,ad4b715165e84dd399d377549dc111fb1309cda1260e23e9ee621d07fad63984,6ba3dffa4798388fb8057a608cfa40a0e24aeba9257d245b2d5103a1844d1115
4,2.7069720210020023,nan,PREP,,KFB_TIMING,kfb_timing,-0.0028707250015669594,-0.005990145994792487,0.06912178089407041,1,-28.28571428571429,0,0.3124935850816483,-0.0014108114275370046,0.454379548206369,0.3124910286220705,-0.001409861213412242,0.4543546864240378,-0.6201855626105435,0.4674458449546689,0.6570396869398412,-0.4495807186871759,-0.589204429895592,0.19248193178839373,1.0172693351565971,200.0,13.0,1.2,0.5,0.3,3.0,IDLE,0.08,nan,0,0.05,20.0,0,unknown,unknown,nan,0,0.0,0,0.005094533000374213,1,0.0003325910001876764,2.1842999558430165e-05,0.00016069599951151758,3.640001523308456e-06,6.767997547285631e-06,1.3500175555236638e-07,4.792700201505795e-05,2.245000359835103e-06,0.0006643870001425967,0.0043356129998574034,0.004416044997924473,0,0,0,200.0,0.0,0,0.0,nan,nan,nan,,,,,unknown,unknown,nan,,nan,,1.0,0.0,0.0,nan,nan,0.0,0,,1538053528,F04_M01_05,MDCEB22F,measured,baseline,0.5,,0,0,nan,nan,nan,nan,nan,-0.010092781305271747,0.0,0.02851984346992059,0.0302530280472024,1,0,0,0,ad4b715165e84dd399d377549dc111fb1309cda1260e23e9ee621d07fad63984,6ba3dffa4798388fb8057a608cfa40a0e24aeba9257d245b2d5103a1844d1115
4,2.7121339879995503,nan,PREP,,KFB_TIMING,kfb_timing,-0.0029279225506254614,-0.006011627777866344,0.06876135213043372,1,-28.28571428571429,0,0.3124935850816483,-0.0014108114275370046,0.454379548206369,0.31248992337303133,-0.0014105647639893696,0.4543543136263468,-0.620546531725944,0.46890676663009934,0.6586491350290571,-0.450571309675021,-0.589805567926444,0.19322137788523075,1.019200783409784,200.0,13.0,1.2,0.5,0.3,3.0,IDLE,0.08,nan,0,0.05,20.0,0,unknown,unknown,nan,0,0.0,0,0.0051619669975480065,1,0.0002314730008947663,1.7525999282952398e-05,0.00018633999934536405,1.2349992175586522e-06,4.3149993871338665e-06,1.1799784260801971e-07,2.4288998247357085e-05,1.0689982445910573e-06,0.0005201839994697366,0.0044798160005302635,0.0046377159997064155,0,0,0,200.0,0.0,0,0.0,nan,nan,nan,,,,,unknown,unknown,nan,,nan,,1.0,0.0,0.0,nan,nan,0.0,0,,1543385331,F04_M01_05,MDCEB22F,measured,baseline,0.5,,0,0,nan,nan,nan,nan,nan,-0.010273265862972003,0.0,0.029324567514528554,0.03107201717631878,1,0,0,0,ad4b715165e84dd399d377549dc111fb1309cda1260e23e9ee621d07fad63984,6ba3dffa4798388fb8057a608cfa40a0e24aeba9257d245b2d5103a1844d1115
4,2.7173038910004834,nan,PREP,,KFB_TIMING,kfb_timing,-0.0029770993493437314,-0.006020045758768239,0.06842981481146461,1,-28.28571428571429,0,0.3124935850816483,-0.0014108114275370046,0.454379548206369,0.3124910155317403,-0.0014109664965334268,0.4543553892000545,-0.6201193866687384,0.46844036207154305,0.6609436097359995,-0.4503288557036228,-0.5901199410271678,0.19309538795994263,1.0202111946998935,200.0,13.0,1.2,0.5,0.3,3.0,IDLE,0.08,nan,0,0.05,20.0,0,unknown,unknown,nan,0,0.0,0,0.005169903000933118,1,0.000333253999997396,2.5369998184032738e-05,0.00020234399926266633,1.6079975466709584e-06,6.818001565989107e-06,1.5600016922689974e-07,4.078699930687435e-05,1.6810008673928678e-06,0.0007066450016282033,0.004293354998371797,0.004457104001630796,0,0,0,200.0,0.0,0,0.0,nan,nan,nan,,,,,unknown,unknown,nan,,nan,,1.0,0.0,0.0,nan,nan,0.0,0,,1548302876,F04_M01_05,MDCEB22F,measured,baseline,0.5,,0,0,nan,nan,nan,nan,nan,-0.010059693334369235,0.0,0.030471804867999774,0.032089380204282654,1,0,0,0,ad4b715165e84dd399d377549dc111fb1309cda1260e23e9ee621d07fad63984,6ba3dffa4798388fb8057a608cfa40a0e24aeba9257d245b2d5103a1844d1115
4,2.722409854999569,nan,PREP,,KFB_TIMING,kfb_timing,-0.0030243416017921854,-0.006048637479609832,0.06806432755186888,1,-28.28571428571429,0,0.3124935850816483,-0.0014108114275370046,0.454379548206369,0.3124903099656927,-0.0014104583086238433,0.4543564612775693,-0.6208030956555552,0.46792921162928425,0.6608158888865817,-0.44994553601922943,-0.5905597268730464,0.19252159474866543,1.0203096930229012,200.0,13.0,1.2,0.5,0.3,3.0,IDLE,0.08,nan,0,0.05,20.0,0,unknown,unknown,nan,0,0.0,0,0.005105963999085361,1,0.00016530699940631166,1.3658001989824697e-05,0.0001799589990696404,9.249997674487531e-07,4.106001142645255e-06,1.2500095181167126e-07,2.317200051038526e-05,3.866000042762607e-06,0.0004393359995447099,0.00456066400045529,0.004662974999519065,0,0,0,200.0,0.0,0,0.0,nan,nan,nan,,,,,unknown,unknown,nan,,nan,,1.0,0.0,0.0,nan,nan,0.0,0,,1553878057,F04_M01_05,MDCEB22F,measured,baseline,0.5,,0,0,nan,nan,nan,nan,nan,-0.010401547827777635,0.0,0.03040794444329087,0.032137754782806616,1,0,0,0,ad4b715165e84dd399d377549dc111fb1309cda1260e23e9ee621d07fad63984,6ba3dffa4798388fb8057a608cfa40a0e24aeba9257d245b2d5103a1844d1115
4,2.7275278810011514,nan,PREP,,KFB_TIMING,kfb_timing,-0.0030717098978650104,-0.006099342360171635,0.06772811490352228,1,-28.28571428571429,0,0.3124935850816483,-0.0014108114275370046,0.454379548206369,0.3124907541213005,-0.001410954476306553,0.454357463638171,-0.6168121944485758,0.4662640905129132,0.6573786330598756,-0.44866040442549093,-0.5870119913572345,0.1913296839595098,1.0148921876366832,200.0,13.0,1.2,0.5,0.3,3.0,IDLE,0.08,nan,0,0.05,20.0,0,unknown,unknown,nan,0,0.0,0,0.005118026001582621,1,0.00035850999847752973,2.0661002054112032e-05,0.00042810200102394447,1.857999450294301e-06,5.20499816047959e-06,1.4599936548620462e-07,3.4958997275680304e-05,1.6130034055095166e-06,0.0009174480001092888,0.004082551999890711,0.004186161000689026,0,0,0,200.0,0.0,0,0.0,nan,nan,nan,,,,,unknown,unknown,nan,,nan,,1.0,0.0,0.0,nan,nan,0.0,0,,1558536927,F04_M01_05,MDCEB22F,measured,baseline,0.5,,0,0,nan,nan,nan,nan,nan,-0.008406097224287923,0.0,0.028689316529937836,0.029895473796197735,1,0,0,0,ad4b715165e84dd399d377549dc111fb1309cda1260e23e9ee621d07fad63984,6ba3dffa4798388fb8057a608cfa40a0e24aeba9257d245b2d5103a1844d1115
4,2.732728949002194,nan,PREP,,KFB_TIMING,kfb_timing,-0.0031182188376175923,-0.00610746100165559,0.06739157298885529,1,-28.28571428571429,0,0.3124935850816483,-0.0014108114275370046,0.454379548206369,0.3124896657439653,-0.0014099124692089965,0.45435268446430727,-0.6197208570623824,0.4674572253394771,0.6591343891017506,-0.4491979087720432,-0.5896321578390311,0.19073104628363055,1.0183458848037608,200.0,13.0,1.2,0.5,0.3,3.0,IDLE,0.08,nan,0,0.05,20.0,0,unknown,unknown,nan,0,0.0,0,0.005201068001042586,1,0.00019148000137647614,2.2202999389264733e-05,0.0001558090007165447,8.549977792426944e-07,4.083001840626821e-06,1.2500095181167126e-07,2.0903000404359773e-05,9.249997674487531e-07,0.00044422800056054257,0.0045557719994394575,0.004752156000904506,0,0,0,200.0,0.0,0,0.0,nan,nan,nan,,,,,unknown,unknown,nan,,nan,,1.0,0.0,0.0,nan,nan,0.0,0,,1564210375,F04_M01_05,MDCEB22F,measured,baseline,0.5,,0,0,nan,nan,nan,nan,nan,-0.009860428531191234,0.0,0.02956719455087531,0.031168045245540194,1,0,0,0,ad4b715165e84dd399d377549dc111fb1309cda1260e23e9ee621d07fad63984,6ba3dffa4798388fb8057a608cfa40a0e24aeba9257d245b2d5103a1844d1115
4,2.7378064850017836,nan,PREP,,KFB_TIMING,kfb_timing,-0.003161272209288385,-0.006116162450955708,0.06706940991260038,1,-28.28571428571429,0,0.3124935850816483,-0.0014108114275370046,0.454379548206369,0.31249010887330764,-0.0014108021080973757,0.45435511781744026,-0.6235038833960335,0.46920016424767175,0.6595455095293812,-0.4501758679906922,-0.5924423422138587,0.1902846393070856,1.0217172631801557,200.0,13.0,1.2,0.5,0.3,3.0,IDLE,0.08,nan,0,0.05,20.0,0,unknown,unknown,nan,0,0.0,0,0.0050775359995896,1,0.00030406199948629364,2.0157000108156353e-05,0.0004636739977286197,1.542599784443155e-05,7.946000550873578e-06,1.410007826052606e-07,3.601400021580048e-05,1.401000190526247e-06,0.0009306229985668324,0.004069377001433168,0.004136052997637307,0,0,0,200.0,0.0,0,0.0,nan,nan,nan,,,,,unknown,unknown,nan,,nan,,1.0,0.0,0.0,nan,nan,0.0,0,,1569064219,F04_M01_05,MDCEB22F,measured,baseline,0.5,,0,0,nan,nan,nan,nan,nan,-0.011751941698016743,0.0,0.0297727547646906,0.03200820301035332,1,0,0,0,ad4b715165e84dd399d377549dc111fb1309cda1260e23e9ee621d07fad63984,6ba3dffa4798388fb8057a608cfa40a0e24aeba9257d245b2d5103a1844d1115
4,2.742973512999015,nan,PREP,,KFB_TIMING,kfb_timing,-0.003199319881711793,-0.006118588452533576,0.06676534557442053,1,-28.28571428571429,0,0.3124935850816483,-0.0014108114275370046,0.454379548206369,0.3124902200434644,-0.0014094583293224536,0.4543524054954141,-0.6230048707651078,0.46879683200212247,0.6575874338334468,-0.44982663972519954,-0.5917384392458764,0.18936021091412564,1.019964103205565,200.0,13.0,1.2,0.5,0.3,3.0,IDLE,0.08,nan,0,0.05,20.0,0,unknown,unknown,nan,0,0.0,0,0.005167027997231344,1,0.00043295599971315823,2.8286001906963065e-05,0.00012953199984622188,2.0029983716085553e-06,4.682999133365229e-06,1.180014805868268e-07,3.044700133614242e-05,1.4409997675102204e-06,0.0007026419989415444,0.004297358001058456,0.004459792999114143,0,0,0,200.0,0.0,0,0.0,nan,nan,nan,,,,,unknown,unknown,nan,,nan,,1.0,0.0,0.0,nan,nan,0.0,0,,1574389320,F04_M01_05,MDCEB22F,measured,baseline,0.5,,0,0,nan,nan,nan,nan,nan,-0.01150243538255391,0.0,0.02879371691672339,0.031006195406889744,1,0,0,0,ad4b715165e84dd399d377549dc111fb1309cda1260e23e9ee621d07fad63984,6ba3dffa4798388fb8057a608cfa40a0e24aeba9257d245b2d5103a1844d1115
4,2.748061250000319,nan,PREP,,KFB_TIMING,kfb_timing,-0.00324071500222059,-0.006128420021417998,0.06647608129895902,1,-28.28571428571429,0,0.3124935850816483,-0.0014108114275370046,0.454379548206369,0.3124903024610466,-0.0014108595928890317,0.45435445801536795,-0.6230284187512245,0.4658920184844244,0.6570778868109903,-0.4480161951728634,-0.5917436269146559,0.18794059315681433,1.0183177955801122,200.0,13.0,1.2,0.5,0.3,3.0,IDLE,0.08,nan,0,0.05,20.0,0,unknown,unknown,nan,0,0.0,0,0.005087737001304049,1,0.0002567180017649662,3.3094001992139965e-05,0.00043141000060131773,1.643998984945938e-06,6.033998943166807e-06,1.270018401555717e-07,3.781600025831722e-05,1.4930010365787894e-06,0.0008679220009071287,0.004132077999092871,0.00421793500208878,0,0,0,200.0,0.0,0,0.0,nan,nan,nan,,,,,unknown,unknown,nan,,nan,,1.0,0.0,0.0,nan,nan,0.0,0,,1579050168,F04_M01_05,MDCEB22F,measured,baseline,0.5,,0,0,nan,nan,nan,nan,nan,-0.011514209375612261,0.0,0.028538943405495176,0.030774150000406085,1,0,0,0,ad4b715165e84dd399d377549dc111fb1309cda1260e23e9ee621d07fad63984,6ba3dffa4798388fb8057a608cfa40a0e24aeba9257d245b2d5103a1844d1115
4,2.7532415200003015,nan,PREP,,KFB_TIMING,kfb_timing,-0.003274554004514846,-0.006103406350312617,0.06618624907739237,1,-28.28571428571429,0,0.3124935850816483,-0.0014108114275370046,0.454379548206369,0.3124900209693276,-0.0014103548354016315,0.45435320233408616,-0.6246820084834094,0.46337737101107224,0.6583164496583342,-0.4463736392188118,-0.5932707499416359,0.18724694263560243,1.0189831929814905,200.0,13.0,1.2,0.5,0.3,3.0,IDLE,0.08,nan,0,0.05,20.0,0,unknown,unknown,nan,0,0.0,0,0.005180269999982556,1,0.00016021500050555915,1.3957000192021951e-05,0.00018211299902759492,8.600000001024455e-07,3.735000063898042e-06,1.1799784260801971e-07,2.1975996787659824e-05,8.679999154992402e-07,0.0004251159989507869,0.004574884001049213,0.00475139899936039,0,0,0,200.0,0.0,0,0.0,nan,nan,nan,,,,,unknown,unknown,nan,,nan,,1.0,0.0,0.0,nan,nan,0.0,0,,1584673144,F04_M01_05,MDCEB22F,measured,baseline,0.5,,0,0,nan,nan,nan,nan,nan,-0.0123410042417047,0.0,0.029158224829167134,0.0316623192593662,1,0,0,0,ad4b715165e84dd399d377549dc111fb1309cda1260e23e9ee621d07fad63984,6ba3dffa4798388fb8057a608cfa40a0e24aeba9257d245b2d5103a1844d1115
4,2.7583553639997263,nan,PREP,,KFB_TIMING,kfb_timing,-0.0033120399964683134,-0.0060921066799586,0.0658888258480955,1,-28.28571428571429,0,0.3124935850816483,-0.0014108114275370046,0.454379548206369,0.3124896926454838,-0.0014098133271361118,0.4543547498975256,-0.6276480852929889,0.46060407813689175,0.6610311850843524,-0.4445320920674085,-0.5960640634743363,0.18694745309695177,1.0213033160732978,200.0,13.0,1.2,0.5,0.3,3.0,IDLE,0.08,nan,0,0.05,20.0,0,unknown,unknown,nan,0,0.0,0,0.0051138439994247165,1,0.00028322999787633307,2.0154999219812453e-05,0.00045883600250817835,1.3879980542697012e-06,5.934001819696277e-06,1.5099794836714864e-07,3.414700040593743e-05,4.744000762002543e-06,0.0008833669999148697,0.0041166330000851304,0.004227304998494219,0,0,0,200.0,0.0,0,0.0,nan,nan,nan,,,,,unknown,unknown,nan,,nan,,1.0,0.0,0.0,nan,nan,0.0,0,,1589555108,F04_M01_05,MDCEB22F,measured,baseline,0.5,,0,0,nan,nan,nan,nan,nan,-0.01382404264649445,0.0,0.03051559254217623,0.033500828994104295,1,0,0,0,ad4b715165e84dd399d377549dc111fb1309cda1260e23e9ee621d07fad63984,6ba3dffa4798388fb8057a608cfa40a0e24aeba9257d245b2d5103a1844d1115
4,2.7635374670026067,nan,PREP,,KFB_TIMING,kfb_timing,-0.003352480047300266,-0.006109317972836859,0.065609966028086,1,-28.28571428571429,0,0.3124935850816483,-0.0014108114275370046,0.454379548206369,0.31249111663349055,-0.0014104932174311465,0.4543561705926167,-0.6196226383035766,0.45716545711512824,0.6561410369209599,-0.44217890158105144,-0.589354131517583,0.18686583463682832,1.0116588008855958,200.0,13.0,1.2,0.5,0.3,3.0,IDLE,0.08,nan,0,0.05,20.0,0,unknown,unknown,nan,0,0.0,0,0.005182103002880467,1,0.00035070800004177727,1.804699786589481e-05,0.0001826290026656352,1.1749980330932885e-06,4.275996616343036e-06,1.1000156519003212e-07,2.3390002752421424e-05,1.5140030882321298e-06,0.0006376500023179688,0.004362349997682031,0.004540220001217676,0,0,0,200.0,0.0,0,0.0,nan,nan,nan,,,,,unknown,unknown,nan,,nan,,1.0,0.0,0.0,nan,nan,0.0,0,,1594646232,F04_M01_05,MDCEB22F,measured,baseline,0.5,,0,0,nan,nan,nan,nan,nan,-0.00981131915178829,0.0,0.028070518460479976,0.029735769540040407,1,0,0,0,ad4b715165e84dd399d377549dc111fb1309cda1260e23e9ee621d07fad63984,6ba3dffa4798388fb8057a608cfa40a0e24aeba9257d245b2d5103a1844d1115
4,2.768695867001952,nan,PREP,,KFB_TIMING,kfb_timing,-0.0033815719208181994,-0.006133702544049911,0.06532654769912803,1,-28.28571428571429,0,0.3124935850816483,-0.0014108114275370046,0.454379548206369,0.3124913587680939,-0.001410997465648209,0.45435689891230374,-0.6194654007251262,0.4519740327254683,0.6554296678736601,-0.4385500109005404,-0.589021584007658,0.18640631286104567,1.0087645703942225,200.0,13.0,1.2,0.5,0.3,3.0,IDLE,0.08,nan,0,0.05,20.0,0,unknown,unknown,nan,0,0.0,0,0.00515839999934542,1,0.00018941700182040222,2.747799953795038e-05,0.00021202900097705424,1.8550017557572573e-06,6.075999408494681e-06,1.3799945008940995e-07,3.4933000279124826e-05,1.3490025594364852e-06,0.0005580449978879187,0.004441955002112081,0.004592949997459073,0,0,0,200.0,0.0,0,0.0,nan,nan,nan,,,,,unknown,unknown,nan,,nan,,1.0,0.0,0.0,nan,nan,0.0,0,,1600145641,F04_M01_05,MDCEB22F,measured,baseline,0.5,,0,0,nan,nan,nan,nan,nan,-0.00973270036256313,0.0,0.027714833936830052,0.029374095330639602,1,0,0,0,ad4b715165e84dd399d377549dc111fb1309cda1260e23e9ee621d07fad63984,6ba3dffa4798388fb8057a608cfa40a0e24aeba9257d245b2d5103a1844d1115
4,2.773811459999706,nan,PREP,,KFB_TIMING,kfb_timing,-0.0034092749859475358,-0.006145003640887594,0.0650691087917348,1,-28.28571428571429,0,0.3124935850816483,-0.0014108114275370046,0.454379548206369,0.3124896907511547,-0.0014104390785803604,0.4543547343234052,-0.6210106901681512,0.44948079832890797,0.6563875887916045,-0.43671102290007513,-0.5903453581495243,0.18659145588993648,1.0092234302121472,200.0,13.0,1.2,0.5,0.3,3.0,IDLE,0.08,nan,0,0.05,20.0,0,unknown,unknown,nan,0,0.0,0,0.005115592997753993,1,0.0002873150006053038,4.3314001231919974e-05,0.0003645530014182441,3.1710005714558065e-06,1.3273998774820939e-05,4.6800050768069923e-07,0.00010649700197973289,3.4849981602746993e-06,0.0009715839987620711,0.004028416001237929,0.004135409999435069,0,0,0,200.0,0.0,0,0.0,nan,nan,nan,,,,,unknown,unknown,nan,,nan,,1.0,0.0,0.0,nan,nan,0.0,0,,1605136726,F04_M01_05,MDCEB22F,measured,baseline,0.5,,0,0,nan,nan,nan,nan,nan,-0.010505345084075635,0.0,0.028193794395802274,0.030087411283928764,1,0,0,0,ad4b715165e84dd399d377549dc111fb1309cda1260e23e9ee621d07fad63984,6ba3dffa4798388fb8057a608cfa40a0e24aeba9257d245b2d5103a1844d1115
4,2.7789736699996865,nan,PREP,,KFB_TIMING,kfb_timing,-0.0034316471930697645,-0.006121435698088256,0.06480374415248692,1,-28.28571428571429,0,0.3124935850816483,-0.0014108114275370046,0.454379548206369,0.31249070019298625,-0.0014118946882361143,0.4543552343607303,-0.6205694114132205,0.44864279744481506,0.6563336012016955,-0.43589149545186634,-0.5900683771427098,0.1870545713035328,1.008543777010818,200.0,13.0,1.2,0.5,0.3,3.0,IDLE,0.08,nan,0,0.05,20.0,0,unknown,unknown,nan,0,0.0,0,0.005162209999980405,1,0.00018365700088907033,3.328000093461014e-05,0.000420762000430841,2.1800005924887955e-06,6.3640000007580966e-06,1.4399847714230418e-07,4.015900049125776e-05,1.7900019884109497e-06,0.000779867001256207,0.004220132998743793,0.004379698999400716,0,0,0,200.0,0.0,0,0.0,nan,nan,nan,,,,,unknown,unknown,nan,,nan,,1.0,0.0,0.0,nan,nan,0.0,0,,1610055489,F04_M01_05,MDCEB22F,measured,baseline,0.5,,0,0,nan,nan,nan,nan,nan,-0.010284705706610275,0.0,0.028166800600847752,0.029985727064046643,1,0,0,0,ad4b715165e84dd399d377549dc111fb1309cda1260e23e9ee621d07fad63984,6ba3dffa4798388fb8057a608cfa40a0e24aeba9257d245b2d5103a1844d1115
4,2.7840419390013267,nan,PREP,,KFB_TIMING,kfb_timing,-0.003448378187751705,-0.006091813325243678,0.06455667739975257,1,-28.28571428571429,0,0.3124935850816483,-0.0014108114275370046,0.454379548206369,0.31249032500614826,-0.001410210996383816,0.45435580475435894,-0.6197630557853839,0.44558977029808045,0.6558268182227258,-0.4337085320154329,-0.589353807270303,0.18643246378107287,1.0063624119624488,200.0,13.0,1.2,0.5,0.3,3.0,IDLE,0.08,nan,0,0.05,20.0,0,unknown,unknown,nan,0,0.0,0,0.005068269001640147,1,0.00025522600117255934,1.64339980983641e-05,0.00016777500059106387,9.680006769485772e-07,4.137997166253626e-06,1.269982021767646e-07,2.299499828950502e-05,8.999995770864189e-07,0.0005191090021980926,0.0044808909978019075,0.004544589999568416,0,0,0,200.0,0.0,0,0.0,nan,nan,nan,,,,,unknown,unknown,nan,,nan,,1.0,0.0,0.0,nan,nan,0.0,0,,1615051692,F04_M01_05,MDCEB22F,measured,baseline,0.5,,0,0,nan,nan,nan,nan,nan,-0.009881527892691977,0.0,0.02791340911136292,0.02961085952336352,1,0,0,0,ad4b715165e84dd399d377549dc111fb1309cda1260e23e9ee621d07fad63984,6ba3dffa4798388fb8057a608cfa40a0e24aeba9257d245b2d5103a1844d1115
4,2.7891032459992857,nan,PREP,,KFB_TIMING,kfb_timing,-0.003474200724387949,-0.00607571098821181,0.06430611837919226,1,-28.28571428571429,0,0.3124935850816483,-0.0014108114275370046,0.454379548206369,0.31248968680755806,-0.001409527313094362,0.45435583023082804,-0.6225178406590722,0.4439891934264677,0.6550592734329008,-0.43253009351507926,-0.5909289403969162,0.18590624472713121,1.0068552614595403,200.0,13.0,1.2,0.5,0.3,3.0,IDLE,0.08,nan,0,0.05,20.0,0,unknown,unknown,nan,0,0.0,0,0.005061306997959036,1,0.00017120499978773296,1.2456002878025174e-05,0.00019391499881749041,7.76999513618648e-07,3.696997737279162e-06,1.1500014807097614e-07,1.9991002773167565e-05,8.759998308960348e-07,0.0004439709991856944,0.004556029000814306,0.004613884000718826,0,0,0,200.0,0.0,0,0.0,nan,nan,nan,,,,,unknown,unknown,nan,,nan,,1.0,0.0,0.0,nan,nan,0.0,0,,1620354003,F04_M01_05,MDCEB22F,measured,baseline,0.5,,0,0,nan,nan,nan,nan,nan,-0.011258920329536126,0.0,0.027529636716450423,0.029742968660283007,1,0,0,0,ad4b715165e84dd399d377549dc111fb1309cda1260e23e9ee621d07fad63984,6ba3dffa4798388fb8057a608cfa40a0e24aeba9257d245b2d5103a1844d1115
4,2.7942765629995847,nan,PREP,,KFB_TIMING,kfb_timing,-0.003480741139346405,-0.006054006286016752,0.06407319010697862,1,-28.28571428571429,0,0.3124935850816483,-0.0014108114275370046,0.454379548206369,0.31249004760137167,-0.0014117200353738505,0.4543554016874558,-0.6237459311321082,0.44215062742795685,0.6549054724035202,-0.4312207433033743,-0.5917427131180873,0.18528910111915614,1.0067061844067884,200.0,13.0,1.2,0.5,0.3,3.0,IDLE,0.08,nan,0,0.05,20.0,0,unknown,unknown,nan,0,0.0,0,0.005173317000298994,1,0.00041662600051495247,1.3938002666691318e-05,0.00016191499889828265,1.3270000636111945e-06,6.324000423774123e-06,1.3700264389626682e-07,3.6437999369809404e-05,5.154000973561779e-06,0.0007053139997879043,0.004294686000212096,0.004466034999495605,0,0,0,200.0,0.0,0,0.0,nan,nan,nan,,,,,unknown,unknown,nan,,nan,,1.0,0.0,0.0,nan,nan,0.0,0,,1625305938,F04_M01_05,MDCEB22F,measured,baseline,0.5,,0,0,nan,nan,nan,nan,nan,-0.011872965566054106,0.0,0.027452736201760086,0.029910199536213985,1,0,0,0,ad4b715165e84dd399d377549dc111fb1309cda1260e23e9ee621d07fad63984,6ba3dffa4798388fb8057a608cfa40a0e24aeba9257d245b2d5103a1844d1115
4,2.799443498999608,nan,PREP,,KFB_TIMING,kfb_timing,-0.0034892723888896027,-0.006039086869626918,0.06383641983272663,1,-28.28571428571429,0,0.3124935850816483,-0.0014108114275370046,0.454379548206369,0.31248915428162927,-0.0014087461296118904,0.45435338085734844,-0.6262398886052398,0.44381790056780296,0.6556065014003739,-0.43225426465052286,-0.5936951778794215,0.18585083780343797,1.009440742006758,200.0,13.0,1.2,0.5,0.3,3.0,IDLE,0.08,nan,0,0.05,20.0,0,unknown,unknown,nan,0,0.0,0,0.00516693600002327,1,0.0001746460002323147,1.0535997716942802e-05,0.00020995900194975547,9.979994501918554e-07,4.165001882938668e-06,1.2799864634871483e-07,2.1361000108299777e-05,9.499999578110874e-07,0.00046505600039381534,0.004534943999606185,0.004698240998550318,0,0,0,200.0,0.0,0,0.0,nan,nan,nan,,,,,unknown,unknown,nan,,nan,,1.0,0.0,0.0,nan,nan,0.0,0,,1630601493,F04_M01_05,MDCEB22F,measured,baseline,0.5,,0,0,nan,nan,nan,nan,nan,-0.013119944302619924,0.0,0.027803250700186966,0.030743351931780242,1,0,0,0,ad4b715165e84dd399d377549dc111fb1309cda1260e23e9ee621d07fad63984,6ba3dffa4798388fb8057a608cfa40a0e24aeba9257d245b2d5103a1844d1115
4,2.804542625999602,nan,PREP,,KFB_TIMING,kfb_timing,-0.0034964846180565168,-0.006025106942180966,0.06362579260630571,1,-28.28571428571429,0,0.3124935850816483,-0.0014108114275370046,0.454379548206369,0.31249031254869863,-0.0014120204094757883,0.4543558938646814,-0.6242378620993392,0.44341641903164575,0.6523694267871842,-0.43205004006421177,-0.591518639574524,0.18603943289826833,1.0059209204265718,200.0,13.0,1.2,0.5,0.3,3.0,IDLE,0.08,nan,0,0.05,20.0,0,unknown,unknown,nan,0,0.0,0,0.005099126999994041,1,0.0003199740021955222,2.081200000247918e-05,0.00012102000255254097,4.9770023906603456e-06,1.4137000107439235e-05,3.530003596097231e-07,8.140299905790016e-05,3.607001417549327e-06,0.0006543290000990964,0.004345670999900904,0.0044374969984346535,0,0,0,200.0,0.0,0,0.0,nan,nan,nan,,,,,unknown,unknown,nan,,nan,,1.0,0.0,0.0,nan,nan,0.0,0,,1635658387,F04_M01_05,MDCEB22F,measured,baseline,0.5,,0,0,nan,nan,nan,nan,nan,-0.012118931049669601,0.0,0.02618471339359213,0.028853209618536532,1,0,0,0,ad4b715165e84dd399d377549dc111fb1309cda1260e23e9ee621d07fad63984,6ba3dffa4798388fb8057a608cfa40a0e24aeba9257d245b2d5103a1844d1115
4,2.8097203010001977,nan,PREP,,KFB_TIMING,kfb_timing,-0.0034992494218966386,-0.005969562328854748,0.06340352508291264,1,-28.28571428571429,0,0.3124935850816483,-0.0014108114275370046,0.454379548206369,0.3124903557929839,-0.0014097124792741668,0.454355085568168,-0.6243934019279702,0.4440256445423324,0.6516735205567846,-0.43257536914926187,-0.5914745791722658,0.186740431567822,1.0058351111277093,200.0,13.0,1.2,0.5,0.3,3.0,IDLE,0.08,nan,0,0.05,20.0,0,unknown,unknown,nan,0,0.0,0,0.005177675000595627,1,0.0001870380001491867,3.54430012521334e-05,0.00019442199845798314,2.3139982658904046e-06,7.466998795280233e-06,1.539992808829993e-07,4.4144999264972284e-05,2.315999154234305e-06,0.0005744720001530368,0.004425527999846963,0.0045994339998287614,0,0,0,200.0,0.0,0,0.0,nan,nan,nan,,,,,unknown,unknown,nan,,nan,,1.0,0.0,0.0,nan,nan,0.0,0,,1641182634,F04_M01_05,MDCEB22F,measured,baseline,0.5,,0,0,nan,nan,nan,nan,nan,-0.012196700963985119,0.0,0.025836760278392323,0.028570923962798034,1,0,0,0,ad4b715165e84dd399d377549dc111fb1309cda1260e23e9ee621d07fad63984,6ba3dffa4798388fb8057a608cfa40a0e24aeba9257d245b2d5103a1844d1115
4,2.8148130160006986,nan,PREP,,KFB_TIMING,kfb_timing,-0.0034965797065789894,-0.005921824387485841,0.06319966317177551,1,-28.28571428571429,0,0.3124935850816483,-0.0014108114275370046,0.454379548206369,0.31249021510710573,-0.0014105031457496229,0.45435606285396424,-0.6232523980602982,0.4430910361485637,0.6515059320859978,-0.43217984780173824,-0.5905766083486873,0.1868804867543872,1.004605991195735,200.0,13.0,1.2,0.5,0.3,3.0,IDLE,0.08,nan,0,0.05,20.0,0,unknown,unknown,nan,0,0.0,0,0.0050927150005009025,1,0.00032674099929863587,2.2918000468052924e-05,0.00044138900193502195,1.3380013115238398e-06,6.040001608198509e-06,1.309999788645655e-07,4.633999924408272e-05,1.434997102478519e-06,0.0009230290015693754,0.004076970998430625,0.00416630899781012,0,0,0,200.0,0.0,0,0.0,nan,nan,nan,,,,,unknown,unknown,nan,,nan,,1.0,0.0,0.0,nan,nan,0.0,0,,1645829684,F04_M01_05,MDCEB22F,measured,baseline,0.5,,0,0,nan,nan,nan,nan,nan,-0.01162619903014911,0.0,0.025752966042998926,0.028255685514609195,1,0,0,0,ad4b715165e84dd399d377549dc111fb1309cda1260e23e9ee621d07fad63984,6ba3dffa4798388fb8057a608cfa40a0e24aeba9257d245b2d5103a1844d1115
4,2.8200306770013412,nan,PREP,,KFB_TIMING,kfb_timing,-0.0034922249068032596,-0.005866895888989954,0.06298046763071637,1,-28.28571428571429,0,0.3124935850816483,-0.0014108114275370046,0.454379548206369,0.3124898234011494,-0.0014116001724229473,0.4543545687561544,-0.6231421092806011,0.44456298442720843,0.6512559617493507,-0.4333246442308072,-0.5902656752018296,0.18753920417210596,1.005025702753703,200.0,13.0,1.2,0.5,0.3,3.0,IDLE,0.08,nan,0,0.05,20.0,0,unknown,unknown,nan,0,0.0,0,0.005217661000642693,1,0.00014371699944604188,2.070199843728915e-05,0.00019546999828889966,1.0410003596916795e-06,4.9660011427477e-06,1.5300247468985617e-07,2.7187001251149923e-05,1.2939999578520656e-06,0.00045830900126020424,0.004541690998739796,0.004755275000206893,0,0,0,200.0,0.0,0,0.0,nan,nan,nan,,,,,unknown,unknown,nan,,nan,,1.0,0.0,0.0,nan,nan,0.0,0,,1651434278,F04_M01_05,MDCEB22F,measured,baseline,0.5,,0,0,nan,nan,nan,nan,nan,-0.01157105464030056,0.0,0.025627980874675382,0.02811908087405327,1,0,0,0,ad4b715165e84dd399d377549dc111fb1309cda1260e23e9ee621d07fad63984,6ba3dffa4798388fb8057a608cfa40a0e24aeba9257d245b2d5103a1844d1115
4,2.825205346001894,nan,PREP,,KFB_TIMING,kfb_timing,-0.0034867748476490323,-0.005805376666150791,0.06276483735822423,1,-28.28571428571429,0,0.3124935850816483,-0.0014108114275370046,0.454379548206369,0.3124900944031931,-0.0014111149109815478,0.4543547104611892,-0.620958248439013,0.4452497329873406,0.652154866082764,-0.4338929505542136,-0.5889477370501834,0.18765481480951018,1.0045608196546254,200.0,13.0,1.2,0.5,0.3,3.0,IDLE,0.08,nan,0,0.05,20.0,0,unknown,unknown,nan,0,0.0,0,0.005174669000552967,1,0.0002471650004736148,2.0303999917814508e-05,0.00046555100198020227,1.3660028344020247e-06,6.024998583598062e-06,1.269982021767646e-07,3.429900243645534e-05,1.4139986888039857e-06,0.0008523379983671475,0.004147662001632853,0.004318919000070309,0,0,0,200.0,0.0,0,0.0,nan,nan,nan,,,,,unknown,unknown,nan,,nan,,1.0,0.0,0.0,nan,nan,0.0,0,,1656382239,F04_M01_05,MDCEB22F,measured,baseline,0.5,,0,0,nan,nan,nan,nan,nan,-0.01047912421950653,0.0,0.026077433041381992,0.028104173327739238,1,0,0,0,ad4b715165e84dd399d377549dc111fb1309cda1260e23e9ee621d07fad63984,6ba3dffa4798388fb8057a608cfa40a0e24aeba9257d245b2d5103a1844d1115
4,2.8304254499998933,nan,PREP,,KFB_TIMING,kfb_timing,-0.003485300183783152,-0.005757949855540418,0.06256060855441749,1,-28.28571428571429,0,0.3124935850816483,-0.0014108114275370046,0.454379548206369,0.31248987682815527,-0.0014114646753422945,0.45435412897473276,-0.6234802956115489,0.44897696035435486,0.6528274042241785,-0.43643834382199354,-0.5907582382513598,0.18820091744423617,1.008212085650127,200.0,13.0,1.2,0.5,0.3,3.0,IDLE,0.08,nan,0,0.05,20.0,0,unknown,unknown,nan,0,0.0,0,0.005220103997999104,1,0.00025807299971347675,1.9554998289095238e-05,0.00023213699751067907,1.4140023267827928e-06,5.817000783281401e-06,1.2800228432752192e-07,3.77710020984523e-05,4.420999175636098e-06,0.0006321139990177471,0.004367886000982253,0.004584440001053736,0,0,0,200.0,0.0,0,0.0,nan,nan,nan,,,,,unknown,unknown,nan,,nan,,1.0,0.0,0.0,nan,nan,0.0,0,,1661632761,F04_M01_05,MDCEB22F,measured,baseline,0.5,,0,0,nan,nan,nan,nan,nan,-0.011740147805774481,0.0,0.026413702112089266,0.028905271660505466,1,0,0,0,ad4b715165e84dd399d377549dc111fb1309cda1260e23e9ee621d07fad63984,6ba3dffa4798388fb8057a608cfa40a0e24aeba9257d245b2d5103a1844d1115
4,2.835597625002265,nan,PREP,,KFB_TIMING,kfb_timing,-0.003482670649158026,-0.005725187304938561,0.06238265548036059,1,-28.28571428571429,0,0.3124935850816483,-0.0014108114275370046,0.454379548206369,0.31249064492541184,-0.0014090905339950296,0.4543544281273747,-0.6234238799112712,0.45153598091043756,0.653341697385676,-0.4381867058651671,-0.5908361660026515,0.1881162529980912,1.0096521428903968,200.0,13.0,1.2,0.5,0.3,3.0,IDLE,0.08,nan,0,0.05,20.0,0,unknown,unknown,nan,0,0.0,0,0.0051721750023716595,1,0.0003497639991110191,2.0069997844984755e-05,0.0001683330010564532,1.4690012903884053e-06,6.00800194661133e-06,1.3400131138041615e-07,3.396700049052015e-05,1.3760000001639128e-06,0.0006557470005645882,0.004344252999435412,0.004513075997238047,0,0,0,200.0,0.0,0,0.0,nan,nan,nan,,,,,unknown,unknown,nan,,nan,,1.0,0.0,0.0,nan,nan,0.0,0,,1666808430,F04_M01_05,MDCEB22F,measured,baseline,0.5,,0,0,nan,nan,nan,nan,nan,-0.01171193995563563,0.0,0.026670848692838034,0.02912908696682192,1,0,0,0,ad4b715165e84dd399d377549dc111fb1309cda1260e23e9ee621d07fad63984,6ba3dffa4798388fb8057a608cfa40a0e24aeba9257d245b2d5103a1844d1115
4,2.8407672100001946,nan,PREP,,KFB_TIMING,kfb_timing,-0.003486794041053537,-0.005685415037675056,0.06220500111307914,1,-28.28571428571429,0,0.3124935850816483,-0.0014108114275370046,0.454379548206369,0.3124897466421584,-0.0014085267528775097,0.4543559478425381,-0.6215677296660368,0.45506309039740594,0.6512263741875899,-0.44050405606473,-0.588977164237192,0.1884137069742587,1.0087242681931192,200.0,13.0,1.2,0.5,0.3,3.0,IDLE,0.08,nan,0,0.05,20.0,0,unknown,unknown,nan,0,0.0,0,0.005169584997929633,1,0.00039926599856698886,1.9324001186760142e-05,0.0001372459992126096,1.0399999155197293e-06,4.92899926030077e-06,1.2500095181167126e-07,3.12449992634356e-05,1.2870004866272211e-06,0.0006565839976246934,0.004343416002375307,0.004505053999309894,0,0,0,200.0,0.0,0,0.0,nan,nan,nan,,,,,unknown,unknown,nan,,nan,,1.0,0.0,0.0,nan,nan,0.0,0,,1672146441,F04_M01_05,MDCEB22F,measured,baseline,0.5,,0,0,nan,nan,nan,nan,nan,-0.010783864833018408,0.0,0.025613187093794954,0.027790773537966794,1,0,0,0,ad4b715165e84dd399d377549dc111fb1309cda1260e23e9ee621d07fad63984,6ba3dffa4798388fb8057a608cfa40a0e24aeba9257d245b2d5103a1844d1115
4,2.84590177499922,nan,PREP,,KFB_TIMING,kfb_timing,-0.003489653298860862,-0.005639027433407987,0.062030973167215474,1,-28.28571428571429,0,0.3124935850816483,-0.0014108114275370046,0.454379548206369,0.3124902088707419,-0.0014099752201288717,0.45435543018880187,-0.619619601200912,0.4570951955787831,0.6504054119164299,-0.4417992442364905,-0.5874784114077911,0.18848245580730172,1.0079145141646508,200.0,13.0,1.2,0.5,0.3,3.0,IDLE,0.08,nan,0,0.05,20.0,0,unknown,unknown,nan,0,0.0,0,0.005134564999025315,1,0.0002825540032063145,3.2080999517347664e-05,0.0003718289990501944,2.152999513782561e-06,7.208000170066953e-06,1.400003384333104e-07,5.361699732020497e-05,1.991000317502767e-06,0.0008474800015392248,0.004152519998460775,0.00428307300171582,0,0,0,200.0,0.0,0,0.0,nan,nan,nan,,,,,unknown,unknown,nan,,nan,,1.0,0.0,0.0,nan,nan,0.0,0,,1677387149,F04_M01_05,MDCEB22F,measured,baseline,0.5,,0,0,nan,nan,nan,nan,nan,-0.009809800600455998,0.0,0.025202705958214944,0.02704456646790534,1,0,0,0,ad4b715165e84dd399d377549dc111fb1309cda1260e23e9ee621d07fad63984,6ba3dffa4798388fb8057a608cfa40a0e24aeba9257d245b2d5103a1844d1115
4,2.8510378540013335,nan,PREP,,KFB_TIMING,kfb_timing,-0.0034946947301964515,-0.005599946056120185,0.06187213691659823,1,-28.28571428571429,0,0.3124935850816483,-0.0014108114275370046,0.454379548206369,0.31249095036349206,-0.0014112118932319605,0.454355940515117,-0.6214711011995112,0.45732066411600236,0.649867796311259,-0.44192447487723874,-0.5886411308586892,0.18821208294118708,1.0088095321397823,200.0,13.0,1.2,0.5,0.3,3.0,IDLE,0.08,nan,0,0.05,20.0,0,unknown,unknown,nan,0,0.0,0,0.005136079002113547,1,0.0004399719982757233,2.1179999748710543e-05,0.00035281300006317906,1.6930025594774634e-06,6.246002158150077e-06,1.4299803297035396e-07,3.5242999729234725e-05,1.4529978216160089e-06,0.0009349810025014449,0.004065018997498555,0.004190930998447584,0,0,0,200.0,0.0,0,0.0,nan,nan,nan,,,,,unknown,unknown,nan,,nan,,1.0,0.0,0.0,nan,nan,0.0,0,,1682430231,F04_M01_05,MDCEB22F,measured,baseline,0.5,,0,0,nan,nan,nan,nan,nan,-0.010735550599755617,0.0,0.02493389815562952,0.02714684740287937,1,0,0,0,ad4b715165e84dd399d377549dc111fb1309cda1260e23e9ee621d07fad63984,6ba3dffa4798388fb8057a608cfa40a0e24aeba9257d245b2d5103a1844d1115
4,2.8562212670003646,nan,PREP,,KFB_TIMING,kfb_timing,-0.0034934177338826755,-0.005533681637972427,0.06170908626818176,1,-28.28571428571429,0,0.3124935850816483,-0.0014108114275370046,0.454379548206369,0.3124895407191364,-0.0014109970863864915,0.4543550420443068,-0.6229544895395707,0.4606137977569871,0.6495396292954053,-0.4439523085539555,-0.5896630977793655,0.18927951419564173,1.011008949884636,200.0,13.0,1.2,0.5,0.3,3.0,IDLE,0.08,nan,0,0.05,20.0,0,unknown,unknown,nan,0,0.0,0,0.005183412999031134,1,0.0002617530008137692,1.9694998627528548e-05,0.0004438270007085521,1.2540003808680922e-06,5.97200050833635e-06,1.2999953469261527e-07,3.261600068071857e-05,1.41999771585688e-06,0.0008394159995077644,0.004160584000492236,0.004335391000495292,0,0,0,200.0,0.0,0,0.0,nan,nan,nan,,,,,unknown,unknown,nan,,nan,,1.0,0.0,0.0,nan,nan,0.0,0,,1687383782,F04_M01_05,MDCEB22F,measured,baseline,0.5,,0,0,nan,nan,nan,nan,nan,-0.011477244769785344,0.0,0.02476981464770267,0.02729964954330203,1,0,0,0,ad4b715165e84dd399d377549dc111fb1309cda1260e23e9ee621d07fad63984,6ba3dffa4798388fb8057a608cfa40a0e24aeba9257d245b2d5103a1844d1115
4,2.8613806310022483,nan,PREP,,KFB_TIMING,kfb_timing,-0.003493965266558152,-0.0054741974889151454,0.0615422574920319,1,-28.28571428571429,0,0.3124935850816483,-0.0014108114275370046,0.454379548206369,0.3124898752420478,-0.001411556979706889,0.454355131019417,-0.6246549178967957,0.46161259740077765,0.6500162362889107,-0.4444180410873666,-0.5909772249041149,0.18997931311837313,1.0128183765961922,200.0,13.0,1.2,0.5,0.3,3.0,IDLE,0.08,nan,0,0.05,20.0,0,unknown,unknown,nan,0,0.0,0,0.0051593640018836595,1,0.00026432999948156066,1.9964998500654474e-05,0.00021086600099806674,1.4210017980076373e-06,5.863999831490219e-06,1.410007826052606e-07,3.31170012941584e-05,1.357999281026423e-06,0.0006099790007283445,0.0043900209992716556,0.004545750998659059,0,0,0,200.0,0.0,0,0.0,nan,nan,nan,,,,,unknown,unknown,nan,,nan,,1.0,0.0,0.0,nan,nan,0.0,0,,1692565605,F04_M01_05,MDCEB22F,measured,baseline,0.5,,0,0,nan,nan,nan,nan,nan,-0.012327458948397874,0.0,0.02500811814445536,0.027881395539884158,1,0,0,0,ad4b715165e84dd399d377549dc111fb1309cda1260e23e9ee621d07fad63984,6ba3dffa4798388fb8057a608cfa40a0e24aeba9257d245b2d5103a1844d1115
4,2.8665473610017216,nan,PREP,,KFB_TIMING,kfb_timing,-0.0034841427284156568,-0.005415465321566828,0.061386100508851085,1,-28.28571428571429,0,0.3124935850816483,-0.0014108114275370046,0.454379548206369,0.31248992313053947,-0.0014121871552729062,0.4543547264602903,-0.6239635609342647,0.46162108004025376,0.648589467407532,-0.4441853271977253,-0.5900770444294222,0.1904198903860085,1.0114805208916702,200.0,13.0,1.2,0.5,0.3,3.0,IDLE,0.08,nan,0,0.05,20.0,0,unknown,unknown,nan,0,0.0,0,0.0051667299994733185,1,0.0004052969998156186,1.965300180017948e-05,0.00010384900087956339,1.0440016922075301e-06,4.868998075835407e-06,1.4699980965815485e-07,2.848200165317394e-05,3.793000360019505e-06,0.0006304259986791294,0.004369574001320871,0.004532647999440087,0,0,0,200.0,0.0,0,0.0,nan,nan,nan,,,,,unknown,unknown,nan,,nan,,1.0,0.0,0.0,nan,nan,0.0,0,,1697625849,F04_M01_05,MDCEB22F,measured,baseline,0.5,,0,0,nan,nan,nan,nan,nan,-0.011981780467132386,0.0,0.024294733703766003,0.02708869042422426,1,0,0,0,ad4b715165e84dd399d377549dc111fb1309cda1260e23e9ee621d07fad63984,6ba3dffa4798388fb8057a608cfa40a0e24aeba9257d245b2d5103a1844d1115
4,2.8717248770008155,nan,PREP,,KFB_TIMING,kfb_timing,-0.0034789655865858915,-0.005363714201668259,0.0612377318224368,1,-28.28571428571429,0,0.3124935850816483,-0.0014108114275370046,0.454379548206369,0.3124900993179117,-0.0014097860469020002,0.45435411170819184,-0.6253310438830224,0.4593264810654425,0.6503009575155185,-0.4425237852198786,-0.5913494428967626,0.1897212490633663,1.012378914239818,200.0,13.0,1.2,0.5,0.3,3.0,IDLE,0.08,nan,0,0.05,20.0,0,unknown,unknown,nan,0,0.0,0,0.005177515999093885,1,0.00017752399799064733,1.9716997485375032e-05,0.0002137970004696399,1.3989993021823466e-06,5.878999218111858e-06,1.2300006346777081e-07,3.238999852328561e-05,1.3780008885078132e-06,0.0005253369999991264,0.004474663000000874,0.004645699002139736,0,0,0,200.0,0.0,0,0.0,nan,nan,nan,,,,,unknown,unknown,nan,,nan,,1.0,0.0,0.0,nan,nan,0.0,0,,1702818945,F04_M01_05,MDCEB22F,measured,baseline,0.5,,0,0,nan,nan,nan,nan,nan,-0.012665521941511215,0.0,0.025150478757759276,0.028159581456324998,1,0,0,0,ad4b715165e84dd399d377549dc111fb1309cda1260e23e9ee621d07fad63984,6ba3dffa4798388fb8057a608cfa40a0e24aeba9257d245b2d5103a1844d1115
4,2.876890045001346,nan,PREP,,KFB_TIMING,kfb_timing,-0.0034703402936228367,-0.005319277986190278,0.06110046946372706,1,-28.28571428571429,0,0.3124935850816483,-0.0014108114275370046,0.454379548206369,0.3124909671267071,-0.0014116542846621958,0.45435407799259486,-0.6258798020746494,0.45992625064851256,0.6501887479309905,-0.442741454909299,-0.5915341080308906,0.18966207452696174,1.0129181065696622,200.0,13.0,1.2,0.5,0.3,3.0,IDLE,0.08,nan,0,0.05,20.0,0,unknown,unknown,nan,0,0.0,0,0.005165168000530684,1,0.00025856299907900393,2.9845999961253256e-05,0.000139438001497183,1.8310020095668733e-06,4.920999344903976e-06,1.0800067684613168e-07,3.120199835393578e-05,1.4239994925446808e-06,0.0005398309986048844,0.004460169001395116,0.004620919997250894,0,0,0,200.0,0.0,0,0.0,nan,nan,nan,,,,,unknown,unknown,nan,,nan,,1.0,0.0,0.0,nan,nan,0.0,0,,1708426216,F04_M01_05,MDCEB22F,measured,baseline,0.5,,0,0,nan,nan,nan,nan,nan,-0.01293990103732473,0.0,0.025094373965495242,0.028234175099972073,1,0,0,0,ad4b715165e84dd399d377549dc111fb1309cda1260e23e9ee621d07fad63984,6ba3dffa4798388fb8057a608cfa40a0e24aeba9257d245b2d5103a1844d1115
4,2.8819490970017796,nan,PREP,,KFB_TIMING,kfb_timing,-0.0034618925839586534,-0.005274898225566319,0.060963151790054806,1,-28.28571428571429,0,0.3124935850816483,-0.0014108114275370046,0.454379548206369,0.31249048235753085,-0.0014105780637485238,0.45435349982285755,-0.6287719505670744,0.46392467647908486,0.6509036762149714,-0.4451758371961815,-0.5935796861385296,0.19062513070290477,1.016983710280706,200.0,13.0,1.2,0.5,0.3,3.0,IDLE,0.08,nan,0,0.05,20.0,0,unknown,unknown,nan,0,0.0,0,0.005059052000433439,1,0.00039214999924297445,3.386099706403911e-05,0.0004168209998169914,1.5980003809090704e-06,6.0920028772670776e-06,1.3699900591745973e-07,3.579400072339922e-05,1.5019977581687272e-06,0.0009863480008789338,0.004013651999121066,0.004070784001669381,0,0,0,200.0,0.0,0,0.0,nan,nan,nan,,,,,unknown,unknown,nan,,nan,,1.0,0.0,0.0,nan,nan,0.0,0,,1713051683,F04_M01_05,MDCEB22F,measured,baseline,0.5,,0,0,nan,nan,nan,nan,nan,-0.014385975283537189,0.0,0.02545183810748569,0.029236147966313956,1,0,0,0,ad4b715165e84dd399d377549dc111fb1309cda1260e23e9ee621d07fad63984,6ba3dffa4798388fb8057a608cfa40a0e24aeba9257d245b2d5103a1844d1115
4,2.8870520730015414,nan,PREP,,KFB_TIMING,kfb_timing,-0.003448361630451535,-0.005231145550477292,0.060840662180456286,1,-28.28571428571429,0,0.3124935850816483,-0.0014108114275370046,0.454379548206369,0.31249001979613433,-0.001411450510998849,0.45435590691605177,-0.6273486964759288,0.46286263038102393,0.6516153873505176,-0.4443813235453795,-0.592799482143441,0.19032036487274667,1.016076185433579,200.0,13.0,1.2,0.5,0.3,3.0,IDLE,0.08,nan,0,0.05,20.0,0,unknown,unknown,nan,0,0.0,0,0.0051029759997618385,1,0.0002843450020009186,1.4021003153175116e-05,0.0001719739993859548,8.53000528877601e-07,3.6380006349645555e-06,1.5300247468985617e-07,1.9622002582764253e-05,8.71998054208234e-07,0.0005364719982026145,0.004463528001797386,0.004562527999951271,0,0,0,200.0,0.0,0,0.0,nan,nan,nan,,,,,unknown,unknown,nan,,nan,,1.0,0.0,0.0,nan,nan,0.0,0,,1718388595,F04_M01_05,MDCEB22F,measured,baseline,0.5,,0,0,nan,nan,nan,nan,nan,-0.013674348237964429,0.0,0.025807693675258814,0.02920658919780115,1,0,0,0,ad4b715165e84dd399d377549dc111fb1309cda1260e23e9ee621d07fad63984,6ba3dffa4798388fb8057a608cfa40a0e24aeba9257d245b2d5103a1844d1115
4,2.892199514000822,nan,PREP,,KFB_TIMING,kfb_timing,-0.0034332466951874085,-0.005180281350394991,0.06070280039736197,1,-28.28571428571429,0,0.3124935850816483,-0.0014108114275370046,0.454379548206369,0.3124904927959693,-0.001408564742014568,0.45435523426132135,-0.6246008649050356,0.46305196666504667,0.651202412880831,-0.4444777531673044,-0.5908065212458579,0.19077005718460088,1.0142031092509538,200.0,13.0,1.2,0.5,0.3,3.0,IDLE,0.08,nan,0,0.05,20.0,0,unknown,unknown,nan,0,0.0,0,0.005147440999280661,1,0.0002174500004912261,2.4650998966535553e-05,0.0004108870016352739,1.805998181225732e-06,6.42400118522346e-06,1.400003384333104e-07,4.2097999539691955e-05,1.7800011846702546e-06,0.0007930040010251105,0.00420699599897489,0.004352088999439729,0,0,0,200.0,0.0,0,0.0,nan,nan,nan,,,,,unknown,unknown,nan,,nan,,1.0,0.0,0.0,nan,nan,0.0,0,,1723310024,F04_M01_05,MDCEB22F,measured,baseline,0.5,,0,0,nan,nan,nan,nan,nan,-0.012300432452517829,0.0,0.025601206440415525,0.02840285918219726,1,0,0,0,ad4b715165e84dd399d377549dc111fb1309cda1260e23e9ee621d07fad63984,6ba3dffa4798388fb8057a608cfa40a0e24aeba9257d245b2d5103a1844d1115
4,2.897352349002176,nan,PREP,,KFB_TIMING,kfb_timing,-0.0034156653914925728,-0.005129758580125857,0.06057232109116512,1,-28.28571428571429,0,0.3124935850816483,-0.0014108114275370046,0.454379548206369,0.3124901440258609,-0.0014090758756697547,0.45435636401078894,-0.6256696522052193,0.4607117565618071,0.6510316940985117,-0.4430406328972907,-0.5913544085909126,0.19062253192547882,1.013686392848224,200.0,13.0,1.2,0.5,0.3,3.0,IDLE,0.08,nan,0,0.05,20.0,0,unknown,unknown,nan,0,0.0,0,0.005152835001354106,1,0.0002612979988043662,1.4435001503443345e-05,0.00019732299915631302,8.810020517557859e-07,3.7749996408820152e-06,1.1399970389902592e-07,2.021799809881486e-05,9.62001649895683e-07,0.0005449929994938429,0.004455007000506157,0.004604019999533193,0,0,0,200.0,0.0,0,0.0,nan,nan,nan,,,,,unknown,unknown,nan,,nan,,1.0,0.0,0.0,nan,nan,0.0,0,,1728634366,F04_M01_05,MDCEB22F,measured,baseline,0.5,,0,0,nan,nan,nan,nan,nan,-0.012834826102609664,0.0,0.025515847049255858,0.02856205895458605,1,0,0,0,ad4b715165e84dd399d377549dc111fb1309cda1260e23e9ee621d07fad63984,6ba3dffa4798388fb8057a608cfa40a0e24aeba9257d245b2d5103a1844d1115
4,2.902521448002517,nan,PREP,,KFB_TIMING,kfb_timing,-0.0033971673690758875,-0.0050862174576830005,0.06044551519141284,1,-28.28571428571429,0,0.3124935850816483,-0.0014108114275370046,0.454379548206369,0.31249105019572093,-0.0014100423891087706,0.45435586713783876,-0.6227625271362842,0.45885368205656907,0.6508505865868586,-0.4419150331717223,-0.5892924472593798,0.1907155086416939,1.0109334067101057,200.0,13.0,1.2,0.5,0.3,3.0,IDLE,0.08,nan,0,0.05,20.0,0,unknown,unknown,nan,0,0.0,0,0.005169099000340793,1,0.00041647199759609066,2.0441999367903918e-05,0.00017386099716532044,1.5339974197559059e-06,5.9689991758205e-06,1.4599936548620462e-07,3.547800224623643e-05,3.6709971027448773e-06,0.0007340849988395348,0.004265915001160465,0.0044278410023252945,0,0,0,200.0,0.0,0,0.0,nan,nan,nan,,,,,unknown,unknown,nan,,nan,,1.0,0.0,0.0,nan,nan,0.0,0,,1733938324,F04_M01_05,MDCEB22F,measured,baseline,0.5,,0,0,nan,nan,nan,nan,nan,-0.01138126356814212,0.0,0.025425293293429296,0.02785639422941203,1,0,0,0,ad4b715165e84dd399d377549dc111fb1309cda1260e23e9ee621d07fad63984,6ba3dffa4798388fb8057a608cfa40a0e24aeba9257d245b2d5103a1844d1115
4,2.907731146002334,nan,PREP,,KFB_TIMING,kfb_timing,-0.0033685768866345,-0.0050223526490117375,0.06030657260022215,1,-28.28571428571429,0,0.3124935850816483,-0.0014108114275370046,0.454379548206369,0.3124905828449183,-0.0014095569067092409,0.45435401734162095,-0.6243256153765073,0.4573657996138945,0.654038662774,-0.4409402288807719,-0.591198968850967,0.19072556504225113,1.0132781064815888,200.0,13.0,1.2,0.5,0.3,3.0,IDLE,0.08,nan,0,0.05,20.0,0,unknown,unknown,nan,0,0.0,0,0.0052096979998168536,1,0.00020803300139959902,2.0297000446589664e-05,0.00040481500036548823,3.850000211969018e-06,1.2341999536147341e-05,3.619970811996609e-07,6.506399950012565e-05,2.929999027401209e-06,0.0008970549970399588,0.004102945002960041,0.004304613001295365,0,0,0,200.0,0.0,0,0.0,nan,nan,nan,,,,,unknown,unknown,nan,,nan,,1.0,0.0,0.0,nan,nan,0.0,0,,1739104661,F04_M01_05,MDCEB22F,measured,baseline,0.5,,0,0,nan,nan,nan,nan,nan,-0.012162807688253674,0.0,0.027019331387000023,0.029630696236537662,1,0,0,0,ad4b715165e84dd399d377549dc111fb1309cda1260e23e9ee621d07fad63984,6ba3dffa4798388fb8057a608cfa40a0e24aeba9257d245b2d5103a1844d1115
4,2.912793920000695,nan,PREP,,KFB_TIMING,kfb_timing,-0.0033444979158513133,-0.004965413350287056,0.06017545492135842,1,-28.28571428571429,0,0.3124935850816483,-0.0014108114275370046,0.454379548206369,0.31249049854014066,-0.0014100630443493259,0.4543550213882766,-0.62486255396934,0.4570205430791594,0.6547956086644509,-0.44066866032147034,-0.59170527844995,0.19071888961079042,1.013941949657723,200.0,13.0,1.2,0.5,0.3,3.0,IDLE,0.08,nan,0,0.05,20.0,0,unknown,unknown,nan,0,0.0,0,0.005062773998361081,1,0.00032314599957317114,3.301499964436516e-05,0.000310299001284875,1.7499987734481692e-06,5.885998689336702e-06,1.2100281310267746e-07,3.830700006801635e-05,1.763000909704715e-06,0.0008263299969257787,0.004173670003074221,0.004233830000885064,0,0,0,200.0,0.0,0,0.0,nan,nan,nan,,,,,unknown,unknown,nan,,nan,,1.0,0.0,0.0,nan,nan,0.0,0,,1743810586,F04_M01_05,MDCEB22F,measured,baseline,0.5,,0,0,nan,nan,nan,nan,nan,-0.012431276984670003,0.0,0.02739780433222544,0.03008614846896321,1,0,0,0,ad4b715165e84dd399d377549dc111fb1309cda1260e23e9ee621d07fad63984,6ba3dffa4798388fb8057a608cfa40a0e24aeba9257d245b2d5103a1844d1115
4,2.9179648620010994,nan,PREP,,KFB_TIMING,kfb_timing,-0.003315175109985663,-0.0049085908284181145,0.06004009632003361,1,-28.28571428571429,0,0.3124935850816483,-0.0014108114275370046,0.454379548206369,0.31248957768527463,-0.0014104873019022291,0.4543523143256548,-0.6238983425071981,0.45842730523448855,0.6558020631729025,-0.4415048461338713,-0.5913648363336177,0.19093809299251638,1.0146334717668344,200.0,13.0,1.2,0.5,0.3,3.0,IDLE,0.08,nan,0,0.05,20.0,0,unknown,unknown,nan,0,0.0,0,0.005170942000404466,1,0.00017680499877315015,1.632799830986187e-05,0.00018396999803371727,7.929993444122374e-07,3.740999090950936e-06,1.129992597270757e-07,2.1112002286827192e-05,9.209979907609522e-07,0.0004520479997154325,0.004547952000284568,0.0047106140009418596,0,0,0,200.0,0.0,0,0.0,nan,nan,nan,,,,,unknown,unknown,nan,,nan,,1.0,0.0,0.0,nan,nan,0.0,0,,1749386282,F04_M01_05,MDCEB22F,measured,baseline,0.5,,0,0,nan,nan,nan,nan,nan,-0.011949171253599067,0.0,0.02790103158645124,0.03035210465908399,1,0,0,0,ad4b715165e84dd399d377549dc111fb1309cda1260e23e9ee621d07fad63984,6ba3dffa4798388fb8057a608cfa40a0e24aeba9257d245b2d5103a1844d1115
4,2.9231477430002997,nan,PREP,,KFB_TIMING,kfb_timing,-0.003282863587828644,-0.0048385444407347,0.05991209344758626,1,-28.28571428571429,0,0.3124935850816483,-0.0014108114275370046,0.454379548206369,0.3124897024114781,-0.0014110565020685403,0.45435242201302245,-0.6212905660141901,0.4576452498555154,0.6560534991363942,-0.4409183047629884,-0.5898269006592299,0.19026983817196713,1.0128412194725571,200.0,13.0,1.2,0.5,0.3,3.0,IDLE,0.08,nan,0,0.05,20.0,0,unknown,unknown,nan,0,0.0,0,0.005182880999200279,1,0.0003861229997710325,3.4205000702058896e-05,0.000308852999296505,1.7570018826518208e-06,5.901998520130292e-06,1.500011421740055e-07,3.525800275383517e-05,1.4760007616132498e-06,0.0008711199989193119,0.004128880001080688,0.004308780997234862,0,0,0,200.0,0.0,0,0.0,nan,nan,nan,,,,,unknown,unknown,nan,,nan,,1.0,0.0,0.0,nan,nan,0.0,0,,1754313069,F04_M01_05,MDCEB22F,measured,baseline,0.5,,0,0,nan,nan,nan,nan,nan,-0.010645283007095052,0.0,0.028026749568197118,0.029980339251909478,1,0,0,0,ad4b715165e84dd399d377549dc111fb1309cda1260e23e9ee621d07fad63984,6ba3dffa4798388fb8057a608cfa40a0e24aeba9257d245b2d5103a1844d1115
4,2.9283192540024174,nan,PREP,,KFB_TIMING,kfb_timing,-0.003255009574493345,-0.0047754065739837445,0.059791938074347066,1,-28.28571428571429,0,0.3124935850816483,-0.0014108114275370046,0.454379548206369,0.3124903634501212,-0.0014109510780016283,0.4543564220572634,-0.6179369002461678,0.457316609854163,0.6553105164715416,-0.44055680695511246,-0.5875412441273814,0.18987130614850053,1.0101566053501534,200.0,13.0,1.2,0.5,0.3,3.0,IDLE,0.08,nan,0,0.05,20.0,0,unknown,unknown,nan,0,0.0,0,0.005171511002117768,1,0.00031493600181420334,1.4083998394198716e-05,0.00019996799892396666,8.940005500335246e-07,3.90399873140268e-06,1.3899989426136017e-07,2.7679001505021006e-05,8.220013114623725e-07,0.0006072040014259983,0.004392795998574002,0.0045551550028903875,0,0,0,200.0,0.0,0,0.0,nan,nan,nan,,,,,unknown,unknown,nan,,nan,,1.0,0.0,0.0,nan,nan,0.0,0,,1759912150,F04_M01_05,MDCEB22F,measured,baseline,0.5,,0,0,nan,nan,nan,nan,nan,-0.008968450123083893,0.0,0.027655258235770808,0.029073121705407087,1,0,0,0,ad4b715165e84dd399d377549dc111fb1309cda1260e23e9ee621d07fad63984,6ba3dffa4798388fb8057a608cfa40a0e24aeba9257d245b2d5103a1844d1115
4,2.9334298290013976,nan,PREP,,KFB_TIMING,kfb_timing,-0.003227304436931394,-0.00471232446729985,0.05967172089656632,1,-28.28571428571429,0,0.3124935850816483,-0.0014108114275370046,0.454379548206369,0.3124906180116564,-0.0014097705176405817,0.45435641143255695,-0.6148036847002594,0.4563731493146674,0.6559117187065999,-0.43989737071953694,-0.5857635903522406,0.18946855978448593,1.0082064296923767,200.0,13.0,1.2,0.5,0.3,3.0,IDLE,0.08,nan,0,0.05,20.0,0,unknown,unknown,nan,0,0.0,0,0.005110574998980155,1,0.0004734130016004201,2.0536997908493504e-05,0.00041682599839987233,2.9809998522978276e-06,6.407000910257921e-06,1.3699900591745973e-07,4.523500319919549e-05,1.757998688844964e-06,0.0010521179974603,0.0039478820025397,0.004055680998135358,0,0,0,200.0,0.0,0,0.0,nan,nan,nan,,,,,unknown,unknown,nan,,nan,,1.0,0.0,0.0,nan,nan,0.0,0,,1764660497,F04_M01_05,MDCEB22F,measured,baseline,0.5,,0,0,nan,nan,nan,nan,nan,-0.007401842350129695,0.0,0.027955859353299972,0.0289191518263877,1,0,0,0,ad4b715165e84dd399d377549dc111fb1309cda1260e23e9ee621d07fad63984,6ba3dffa4798388fb8057a608cfa40a0e24aeba9257d245b2d5103a1844d1115
4,2.9385208820021944,nan,PREP,,KFB_TIMING,kfb_timing,-0.0031965792336021703,-0.004636022206266116,0.0595588777576289,1,-28.28571428571429,0,0.3124935850816483,-0.0014108114275370046,0.454379548206369,0.31249048291862774,-0.0014090213116592096,0.454354047624791,-0.6119116073051292,0.4579205654185665,0.6577166487583075,-0.4408025707556732,-0.584453321144233,0.1902225899711213,1.0083244762683614,200.0,13.0,1.2,0.5,0.3,3.0,IDLE,0.08,nan,0,0.05,20.0,0,unknown,unknown,nan,0,0.0,0,0.005091053000796819,1,0.0003060199996980373,1.3684999430552125e-05,0.0002571850018284749,1.390999386785552e-06,6.047001079423353e-06,1.4699980965815485e-07,3.617399852373637e-05,3.7669997254852206e-06,0.0006835639978817198,0.00431643600211828,0.0043992870014335494,0,0,0,200.0,0.0,0,0.0,nan,nan,nan,,,,,unknown,unknown,nan,,nan,,1.0,0.0,0.0,nan,nan,0.0,0,,1769578757,F04_M01_05,MDCEB22F,measured,baseline,0.5,,0,0,nan,nan,nan,nan,nan,-0.005955803652564595,0.0,0.028858324379153755,0.029466497639189522,1,0,0,0,ad4b715165e84dd399d377549dc111fb1309cda1260e23e9ee621d07fad63984,6ba3dffa4798388fb8057a608cfa40a0e24aeba9257d245b2d5103a1844d1115
4,2.9437192130026233,nan,PREP,,KFB_TIMING,kfb_timing,-0.003163330858027641,-0.004559583826115688,0.05943431967699321,1,-28.28571428571429,0,0.3124935850816483,-0.0014108114275370046,0.454379548206369,0.3124901309682644,-0.0014105440452279044,0.454353913374278,-0.6149324353727784,0.45550028708507834,0.6605144414290915,-0.43915538215685734,-0.5872572170669117,0.19008814555618406,1.0108915564710539,200.0,13.0,1.2,0.5,0.3,3.0,IDLE,0.08,nan,0,0.05,20.0,0,unknown,unknown,nan,0,0.0,0,0.00519833100042888,1,0.0002337869991606567,3.5812998248729855e-05,0.00010637800005497411,2.157998096663505e-06,5.219000740908086e-06,1.1699739843606949e-07,3.491900133667514e-05,1.520002115285024e-06,0.000507318000018131,0.004492681999981869,0.0046863280003890395,0,0,0,200.0,0.0,0,0.0,nan,nan,nan,,,,,unknown,unknown,nan,,nan,,1.0,0.0,0.0,nan,nan,0.0,0,,1775158313,F04_M01_05,MDCEB22F,measured,baseline,0.5,,0,0,nan,nan,nan,nan,nan,-0.0074662176863892205,0.0,0.030257220714545785,0.031164784804475865,1,0,0,0,ad4b715165e84dd399d377549dc111fb1309cda1260e23e9ee621d07fad63984,6ba3dffa4798388fb8057a608cfa40a0e24aeba9257d245b2d5103a1844d1115
4,2.9487781620009628,nan,PREP,,KFB_TIMING,kfb_timing,-0.003116733622882256,-0.004483561603034706,0.05930873488986599,1,-28.28571428571429,0,0.3124935850816483,-0.0014108114275370046,0.454379548206369,0.31249062937441663,-0.0014097128455639743,0.45435596358505237,-0.6118620077373738,0.4538345469608863,0.6583076275260749,-0.43795905043928285,-0.5847056388267979,0.19038790794282798,1.0068315872014606,200.0,13.0,1.2,0.5,0.3,3.0,IDLE,0.08,nan,0,0.05,20.0,0,unknown,unknown,nan,0,0.0,0,0.005058948998339474,1,0.00032999000177369453,2.328999835299328e-05,0.0004053030024806503,2.944001607829705e-06,5.686000804416835e-06,1.4199758879840374e-07,5.109500125399791e-05,2.0859988580923527e-06,0.0009047949970408808,0.004095205002959119,0.0041525870001350995,0,0,0,200.0,0.0,0,0.0,nan,nan,nan,,,,,unknown,unknown,nan,,nan,,1.0,0.0,0.0,nan,nan,0.0,0,,1779811133,F04_M01_05,MDCEB22F,measured,baseline,0.5,,0,0,nan,nan,nan,nan,nan,-0.0059310038686868904,0.0,0.02915381376303744,0.029750994333303384,1,0,0,0,ad4b715165e84dd399d377549dc111fb1309cda1260e23e9ee621d07fad63984,6ba3dffa4798388fb8057a608cfa40a0e24aeba9257d245b2d5103a1844d1115
4,2.9538877020022483,nan,PREP,,KFB_TIMING,kfb_timing,-0.00307030225466276,-0.004407593220062785,0.059183058225667495,1,-28.28571428571429,0,0.3124935850816483,-0.0014108114275370046,0.454379548206369,0.3124899870635288,-0.0014093208957765401,0.45435550990203033,-0.6092627695276346,0.45206680766407425,0.6582199971556103,-0.4367787523546036,-0.5832091259231693,0.19048572768144223,1.004399863390872,200.0,13.0,1.2,0.5,0.3,3.0,IDLE,0.08,nan,0,0.05,20.0,0,unknown,unknown,nan,0,0.0,0,0.005109540001285495,1,0.0001944920004461892,1.2732998584397137e-05,0.00019368300127098337,9.279974619857967e-07,3.6189994716551155e-06,1.1899828677996993e-07,1.9310999050503597e-05,8.859969966579229e-07,0.00046661400119774044,0.00453338599880226,0.004639041999325855,0,0,0,200.0,0.0,0,0.0,nan,nan,nan,,,,,unknown,unknown,nan,,nan,,1.0,0.0,0.0,nan,nan,0.0,0,,1785079351,F04_M01_05,MDCEB22F,measured,baseline,0.5,,0,0,nan,nan,nan,nan,nan,-0.004631384763817303,0.0,0.029109998577805163,0.02947612155678453,1,0,0,0,ad4b715165e84dd399d377549dc111fb1309cda1260e23e9ee621d07fad63984,6ba3dffa4798388fb8057a608cfa40a0e24aeba9257d245b2d5103a1844d1115
4,2.959005692999199,nan,PREP,,KFB_TIMING,kfb_timing,-0.003030588252377675,-0.004324754576828216,0.059057769527816065,1,-28.28571428571429,0,0.3124935850816483,-0.0014108114275370046,0.454379548206369,0.3124911164833912,-0.0014097183618151697,0.4543562073166417,-0.6086005472457175,0.44976727850791665,0.65705012862199,-0.43534209085676884,-0.5826285681475649,0.1901059764769086,1.0021976364202712,200.0,13.0,1.2,0.5,0.3,3.0,IDLE,0.08,nan,0,0.05,20.0,0,unknown,unknown,nan,0,0.0,0,0.005117990996950539,1,0.0003546490006556269,2.1986001229379326e-05,0.00014990400086389855,1.634998625377193e-06,5.006997525924817e-06,1.2300006346777081e-07,3.278800068073906e-05,1.4729994290973991e-06,0.0006385339984262828,0.004361466001573717,0.004471170999750029,0,0,0,200.0,0.0,0,0.0,nan,nan,nan,,,,,unknown,unknown,nan,,nan,,1.0,0.0,0.0,nan,nan,0.0,0,,1790052299,F04_M01_05,MDCEB22F,measured,baseline,0.5,,0,0,nan,nan,nan,nan,nan,-0.004300273622858786,0.0,0.028525064310994996,0.028847385447867812,1,0,0,0,ad4b715165e84dd399d377549dc111fb1309cda1260e23e9ee621d07fad63984,6ba3dffa4798388fb8057a608cfa40a0e24aeba9257d245b2d5103a1844d1115
4,2.9641579920025833,nan,PREP,,KFB_TIMING,kfb_timing,-0.002977665652367706,-0.004241899391421916,0.05891226450334945,1,-28.28571428571429,0,0.3124935850816483,-0.0014108114275370046,0.454379548206369,0.31249038396277995,-0.001409613597454785,0.45435537306475987,-0.6077138763459023,0.44929625533405165,0.656129655722778,-0.43515219911328795,-0.5819274682750629,0.1897770037614268,1.0008443463793235,200.0,13.0,1.2,0.5,0.3,3.0,IDLE,0.08,nan,0,0.05,20.0,0,unknown,unknown,nan,0,0.0,0,0.005152299003384542,1,0.00021507299970835447,1.4031000318937004e-05,0.00018024000019067898,7.970011211000383e-07,4.093999450560659e-06,1.2300006346777081e-07,2.103499718941748e-05,9.610012057237327e-07,0.00048194400005741045,0.00451805599994259,0.004666572000132874,0,0,0,200.0,0.0,0,0.0,nan,nan,nan,,,,,unknown,unknown,nan,,nan,,1.0,0.0,0.0,nan,nan,0.0,0,,1795662073,F04_M01_05,MDCEB22F,measured,baseline,0.5,,0,0,nan,nan,nan,nan,nan,-0.0038569381729511854,0.0,0.02806482786138903,0.028328616891040867,1,0,0,0,ad4b715165e84dd399d377549dc111fb1309cda1260e23e9ee621d07fad63984,6ba3dffa4798388fb8057a608cfa40a0e24aeba9257d245b2d5103a1844d1115
4,2.96923746000175,nan,PREP,,KFB_TIMING,kfb_timing,-0.0029345314416968638,-0.00416587709587727,0.05877884285264261,1,-28.28571428571429,0,0.3124935850816483,-0.0014108114275370046,0.454379548206369,0.3124899679423076,-0.0014091276344535188,0.4543517310108201,-0.6100465363221087,0.4498492215242045,0.6545352949303298,-0.4356597526699997,-0.5829663767630793,0.1893521561979373,1.0014676983777702,200.0,13.0,1.2,0.5,0.3,3.0,IDLE,0.08,nan,0,0.05,20.0,0,unknown,unknown,nan,0,0.0,0,0.005079467999166809,1,0.000401238001359161,2.3766999220242724e-05,0.0003917180001735687,1.5939986042212695e-06,5.857000360265374e-06,1.500011421740055e-07,3.4859000152209774e-05,1.405001967214048e-06,0.0009531989999231882,0.004046801000076812,0.004124384999158792,0,0,0,200.0,0.0,0,0.0,nan,nan,nan,,,,,unknown,unknown,nan,,nan,,1.0,0.0,0.0,nan,nan,0.0,0,,1800313750,F04_M01_05,MDCEB22F,measured,baseline,0.5,,0,0,nan,nan,nan,nan,nan,-0.005023268161054362,0.0,0.027267647465164913,0.027726482310281932,1,0,0,0,ad4b715165e84dd399d377549dc111fb1309cda1260e23e9ee621d07fad63984,6ba3dffa4798388fb8057a608cfa40a0e24aeba9257d245b2d5103a1844d1115
4,2.974440672001947,nan,PREP,,KFB_TIMING,kfb_timing,-0.0028782391781936034,-0.004089838488004155,0.05862514794868707,1,-28.28571428571429,0,0.3124935850816483,-0.0014108114275370046,0.454379548206369,0.31249085800226584,-0.00141072841691345,0.4543533943129223,-0.6107017203606686,0.4501561331918901,0.6564382224796194,-0.43606819424938,-0.5837513551231158,0.18860214209989615,1.0032488601707739,200.0,13.0,1.2,0.5,0.3,3.0,IDLE,0.08,nan,0,0.05,20.0,0,unknown,unknown,nan,0,0.0,0,0.0052032120001968,1,0.0002471840016369242,1.3664997823070735e-05,0.0001784939995559398,8.360002539120615e-07,3.707998985191807e-06,1.180014805868268e-07,2.0957999367965385e-05,3.2939969969447702e-06,0.000514031999045983,0.004485968000954017,0.004681187001551734,0,0,0,200.0,0.0,0,0.0,nan,nan,nan,,,,,unknown,unknown,nan,,nan,,1.0,0.0,0.0,nan,nan,0.0,0,,1805836006,F04_M01_05,MDCEB22F,measured,baseline,0.5,,0,0,nan,nan,nan,nan,nan,-0.005350860180334316,0.0,0.02821911123980969,0.028721941853472252,1,0,0,0,ad4b715165e84dd399d377549dc111fb1309cda1260e23e9ee621d07fad63984,6ba3dffa4798388fb8057a608cfa40a0e24aeba9257d245b2d5103a1844d1115
4,2.9795542870015197,nan,PREP,,KFB_TIMING,kfb_timing,-0.002812809917035003,-0.004020985120758839,0.05847827505214086,1,-28.28571428571429,0,0.3124935850816483,-0.0014108114275370046,0.454379548206369,0.31248986444110605,-0.001412269966314065,0.454355205481523,-0.6111853586925212,0.45303531555231424,0.657267370737855,-0.43811612035340564,-0.5840468197839335,0.18871200424339865,1.0053799960484313,200.0,13.0,1.2,0.5,0.3,3.0,IDLE,0.08,nan,0,0.05,20.0,0,unknown,unknown,nan,0,0.0,0,0.0051136149995727465,1,0.000352506001945585,3.5296001442475244e-05,0.0003204419990652241,2.300999767612666e-06,6.606001988984644e-06,1.3499811757355928e-07,3.7252997572068125e-05,1.7230013327207416e-06,0.0008471859982819296,0.0041528140017180705,0.0042636979997041635,0,0,0,200.0,0.0,0,0.0,nan,nan,nan,,,,,unknown,unknown,nan,,nan,,1.0,0.0,0.0,nan,nan,0.0,0,,1810578394,F04_M01_05,MDCEB22F,measured,baseline,0.5,,0,0,nan,nan,nan,nan,nan,-0.005592679346260621,0.0,0.02863368536892752,0.029174749357566452,1,0,0,0,ad4b715165e84dd399d377549dc111fb1309cda1260e23e9ee621d07fad63984,6ba3dffa4798388fb8057a608cfa40a0e24aeba9257d245b2d5103a1844d1115
4,2.984734761001164,nan,PREP,,KFB_TIMING,kfb_timing,-0.002735489781141659,-0.003945252780359334,0.05830727678915444,1,-28.28571428571429,0,0.3124935850816483,-0.0014108114275370046,0.454379548206369,0.3124901216703265,-0.001410638329193116,0.454354719733136,-0.6109629653701238,0.4538533708953082,0.6583774075126358,-0.438922203702402,-0.5839733758220321,0.1884843095017911,1.0063396236112085,200.0,13.0,1.2,0.5,0.3,3.0,IDLE,0.08,nan,0,0.05,20.0,0,unknown,unknown,nan,0,0.0,0,0.005180473999644164,1,0.000167124999279622,1.8374001228949055e-05,0.00017274199854000472,1.1169977369718254e-06,1.440499909222126e-05,1.4600300346501172e-07,2.4783003027550876e-05,9.90999978967011e-07,0.00046303400085889734,0.004536965999141103,0.0047132759973465,0,0,0,200.0,0.0,0,0.0,nan,nan,nan,,,,,unknown,unknown,nan,,nan,,1.0,0.0,0.0,nan,nan,0.0,0,,1816239951,F04_M01_05,MDCEB22F,measured,baseline,0.5,,0,0,nan,nan,nan,nan,nan,-0.005481482685061934,0.0,0.029188703756317935,0.029698940711761462,1,0,0,0,ad4b715165e84dd399d377549dc111fb1309cda1260e23e9ee621d07fad63984,6ba3dffa4798388fb8057a608cfa40a0e24aeba9257d245b2d5103a1844d1115
4,2.9897958210021898,nan,PREP,,KFB_TIMING,kfb_timing,-0.0026745164133337163,-0.0038694412620763957,0.05814887051270337,1,-28.28571428571429,0,0.3124935850816483,-0.0014108114275370046,0.454379548206369,0.3124896998678778,-0.0014113578826908148,0.45435482948419503,-0.607663230209361,0.4539555540425122,0.6581212647536661,-0.43917094792616945,-0.5815370425230365,0.18862677717075388,1.004218026882352,200.0,13.0,1.2,0.5,0.3,3.0,IDLE,0.08,nan,0,0.05,20.0,0,unknown,unknown,nan,0,0.0,0,0.005061060001025908,1,0.00030767499993089586,2.2000000171829015e-05,0.00048232699919026345,1.6039994079619646e-06,6.022997695254162e-06,1.269982021767646e-07,3.926300269085914e-05,1.4329998521134257e-06,0.0009588100001565181,0.004041189999843482,0.004100094000023091,0,0,0,200.0,0.0,0,0.0,nan,nan,nan,,,,,unknown,unknown,nan,,nan,,1.0,0.0,0.0,nan,nan,0.0,0,,1820816208,F04_M01_05,MDCEB22F,measured,baseline,0.5,,0,0,nan,nan,nan,nan,nan,-0.003831615104680497,0.0,0.02906063237683304,0.029312141314681406,1,0,0,0,ad4b715165e84dd399d377549dc111fb1309cda1260e23e9ee621d07fad63984,6ba3dffa4798388fb8057a608cfa40a0e24aeba9257d245b2d5103a1844d1115
4,2.9949585829999705,nan,PREP,,KFB_TIMING,kfb_timing,-0.0025964751146244636,-0.003800667256845195,0.05798123564086638,1,-28.28571428571429,0,0.3124935850816483,-0.0014108114275370046,0.454379548206369,0.3124902555065101,-0.0014092777693231907,0.454356150054514,-0.6104823520729975,0.4508952280761789,0.6577950002200045,-0.4372960955086635,-0.5831617257224688,0.1882058671761378,1.00433533802654,200.0,13.0,1.2,0.5,0.3,3.0,IDLE,0.08,nan,0,0.05,20.0,0,unknown,unknown,nan,0,0.0,0,0.005162761997780763,1,0.00016757399862399325,1.577500006533228e-05,0.000196979999600444,9.67000232776627e-07,3.896002453984693e-06,1.269982021767646e-07,2.137799674528651e-05,9.329996828455478e-07,0.0004560819979815278,0.004543918002018472,0.004697608997958014,0,0,0,200.0,0.0,0,0.0,nan,nan,nan,,,,,unknown,unknown,nan,,nan,,1.0,0.0,0.0,nan,nan,0.0,0,,1826074724,F04_M01_05,MDCEB22F,measured,baseline,0.5,,0,0,nan,nan,nan,nan,nan,-0.0052411760364987625,0.0,0.02889750011000225,0.029368953656082965,1,0,0,0,ad4b715165e84dd399d377549dc111fb1309cda1260e23e9ee621d07fad63984,6ba3dffa4798388fb8057a608cfa40a0e24aeba9257d245b2d5103a1844d1115
4,3.000042421001126,nan,PREP,,KFB_TIMING,kfb_timing,-0.002510846640316783,-0.0037456590637822795,0.05781660394678839,1,-28.28571428571429,0,0.3124935850816483,-0.0014108114275370046,0.454379548206369,0.3124892609151503,-0.0014110525976706355,0.45435455657720336,-0.6110698228506508,0.448257497954739,0.6582292695397367,-0.43552417773842833,-0.5836702726222696,0.18831648886831537,1.0037962363698043,200.0,13.0,1.2,0.5,0.3,3.0,IDLE,0.08,nan,0,0.05,20.0,0,unknown,unknown,nan,0,0.0,0,0.005083838001155527,1,0.00026278599762008525,1.9932998839067295e-05,0.00017022799875121564,1.2890013749711215e-06,5.051999323768541e-06,1.1600059224292636e-07,2.6026998966699466e-05,1.3589997251983732e-06,0.0005567469997913577,0.0044432530002086424,0.0045250020011735614,0,0,0,200.0,0.0,0,0.0,nan,nan,nan,,,,,unknown,unknown,nan,,nan,,1.0,0.0,0.0,nan,nan,0.0,0,,1831068484,F04_M01_05,MDCEB22F,measured,baseline,0.5,,0,0,nan,nan,nan,nan,nan,-0.005534911425325417,0.0,0.029114634769868364,0.02963607940111218,1,0,0,0,ad4b715165e84dd399d377549dc111fb1309cda1260e23e9ee621d07fad63984,6ba3dffa4798388fb8057a608cfa40a0e24aeba9257d245b2d5103a1844d1115
4,3.005207946000155,nan,PREP,,KFB_TIMING,kfb_timing,-0.0024320299119089395,-0.0036838061060134077,0.05765230206275551,1,-28.28571428571429,0,0.3124935850816483,-0.0014108114275370046,0.454379548206369,0.3124899079958551,-0.0014096599800450362,0.45435381277747994,-0.6120435112616467,0.4453369448502312,0.6577362824892318,-0.4336156841649541,-0.5842502980817542,0.18840641675834718,1.0027658108595336,200.0,13.0,1.2,0.5,0.3,3.0,IDLE,0.08,nan,0,0.05,20.0,0,unknown,unknown,nan,0,0.0,0,0.005165524999029003,1,0.00019694100046763197,1.5183999494183809e-05,0.00017506700169178657,9.559989848639816e-07,4.023000656161457e-06,1.2399686966091394e-07,2.1904997993260622e-05,9.420000424142927e-07,0.0004622849992301781,0.004537715000769822,0.0046960159997979645,0,0,0,200.0,0.0,0,0.0,nan,nan,nan,,,,,unknown,unknown,nan,,nan,,1.0,0.0,0.0,nan,nan,0.0,0,,1836684406,F04_M01_05,MDCEB22F,measured,baseline,0.5,,0,0,nan,nan,nan,nan,nan,-0.0060217556308233555,0.0,0.028868141244615897,0.02948950863945424,1,0,0,0,ad4b715165e84dd399d377549dc111fb1309cda1260e23e9ee621d07fad63984,6ba3dffa4798388fb8057a608cfa40a0e24aeba9257d245b2d5103a1844d1115
4,3.0103647659998387,nan,PREP,,KFB_TIMING,kfb_timing,-0.0023468377415054587,-0.0036288657252283203,0.05748724313590936,1,-28.28571428571429,0,0.3124935850816483,-0.0014108114275370046,0.454379548206369,0.3124914325931161,-0.0014114660547376,0.4543549874866063,-0.6124801864506799,0.44690837942395556,0.6551345976846932,-0.4345760272320668,-0.5840094649096093,0.18981389458461667,1.002028153036376,200.0,13.0,1.2,0.5,0.3,3.0,IDLE,0.08,nan,0,0.05,20.0,0,unknown,unknown,nan,0,0.0,0,0.005156819999683648,1,0.00035908399877371266,4.6212000597734004e-05,0.0003715490020113066,2.173001121263951e-06,6.758000381523743e-06,1.490006980020553e-07,4.25669968535658e-05,5.493999196914956e-06,0.000937229000555817,0.004062770999444183,0.004216581000946462,0,0,0,200.0,0.0,0,0.0,nan,nan,nan,,,,,unknown,unknown,nan,,nan,,1.0,0.0,0.0,nan,nan,0.0,0,,1841570683,F04_M01_05,MDCEB22F,measured,baseline,0.5,,0,0,nan,nan,nan,nan,nan,-0.006240093225339971,0.0,0.0275672988423466,0.02826472587739315,1,0,0,0,ad4b715165e84dd399d377549dc111fb1309cda1260e23e9ee621d07fad63984,6ba3dffa4798388fb8057a608cfa40a0e24aeba9257d245b2d5103a1844d1115
4,3.015557089001959,nan,PREP,,KFB_TIMING,kfb_timing,-0.0022819709849689618,-0.0035806149120584077,0.05734295939440215,1,-28.28571428571429,0,0.3124935850816483,-0.0014108114275370046,0.454379548206369,0.3124907727463747,-0.0014127137209367611,0.4543563942121612,-0.6134617432827085,0.4483156916488944,0.6519944785694879,-0.4355227794738611,-0.5840568023438766,0.1908430386471604,1.0012088043635976,200.0,13.0,1.2,0.5,0.3,3.0,IDLE,0.08,nan,0,0.05,20.0,0,unknown,unknown,nan,0,0.0,0,0.005192323002120247,1,0.00035477400160743855,1.6925998352235183e-05,0.00019460100156720728,1.5089972293935716e-06,4.0049999370239675e-06,1.1500014807097614e-07,2.162500095437281e-05,8.659990271553397e-07,0.0006417930017050821,0.004358206998294918,0.004546150998066878,0,0,0,200.0,0.0,0,0.0,nan,nan,nan,,,,,unknown,unknown,nan,,nan,,1.0,0.0,0.0,nan,nan,0.0,0,,1846582345,F04_M01_05,MDCEB22F,measured,baseline,0.5,,0,0,nan,nan,nan,nan,nan,-0.006730871641354275,0.0,0.025997239284743956,0.02685444252783181,1,0,0,0,ad4b715165e84dd399d377549dc111fb1309cda1260e23e9ee621d07fad63984,6ba3dffa4798388fb8057a608cfa40a0e24aeba9257d245b2d5103a1844d1115
4,3.0206313080016116,nan,PREP,,KFB_TIMING,kfb_timing,-0.0021897343490602517,-0.003539081573186057,0.057161405014262714,1,-28.28571428571429,0,0.3124935850816483,-0.0014108114275370046,0.454379548206369,0.3124896728188076,-0.001410342909184674,0.4543538342289739,-0.612220777251722,0.4485753550019985,0.6496152282155679,-0.4359267723645021,-0.5827728318877121,0.19103446818919537,0.9990165533880987,200.0,13.0,1.2,0.5,0.3,3.0,IDLE,0.08,nan,0,0.05,20.0,0,unknown,unknown,nan,0,0.0,0,0.005074218999652658,1,0.00019590100055211224,2.171500091208145e-05,0.00014260999887483194,1.3600001693703234e-06,5.5109994718804955e-06,1.1699739843606949e-07,3.073399784625508e-05,1.514999894425273e-06,0.0004705789979198016,0.0045294210020801985,0.004600236999976914,0,0,0,200.0,0.0,0,0.0,nan,nan,nan,,,,,unknown,unknown,nan,,nan,,1.0,0.0,0.0,nan,nan,0.0,0,,1851818147,F04_M01_05,MDCEB22F,measured,baseline,0.5,,0,0,nan,nan,nan,nan,nan,-0.006110388625860996,0.0,0.024807614107783982,0.02554906195694422,1,0,0,0,ad4b715165e84dd399d377549dc111fb1309cda1260e23e9ee621d07fad63984,6ba3dffa4798388fb8057a608cfa40a0e24aeba9257d245b2d5103a1844d1115
4,3.0258286349999253,nan,PREP,,KFB_TIMING,kfb_timing,-0.0021014643598365468,-0.003490904366148026,0.056987651045972934,1,-28.28571428571429,0,0.3124935850816483,-0.0014108114275370046,0.454379548206369,0.31249097436241,-0.0014116473214720133,0.45435351293869297,-0.6140370348486868,0.4496979934139701,0.6495556772829746,-0.43698273879219957,-0.5839712349264292,0.19103475523321886,1.000595994063969,200.0,13.0,1.2,0.5,0.3,3.0,IDLE,0.08,nan,0,0.05,20.0,0,unknown,unknown,nan,0,0.0,0,0.005197326998313656,1,0.0003989609976997599,1.9728002371266484e-05,0.00011071100016124547,1.0799994925037026e-06,5.08499942952767e-06,1.3300086720846593e-07,2.7399000828154385e-05,1.3789976947009563e-06,0.0006286690004344564,0.004371330999565544,0.004565309001918649,0,0,0,200.0,0.0,0,0.0,nan,nan,nan,,,,,unknown,unknown,nan,,nan,,1.0,0.0,0.0,nan,nan,0.0,0,,1856826043,F04_M01_05,MDCEB22F,measured,baseline,0.5,,0,0,nan,nan,nan,nan,nan,-0.007018517424343396,0.0,0.024777838641487304,0.025752686744869812,1,0,0,0,ad4b715165e84dd399d377549dc111fb1309cda1260e23e9ee621d07fad63984,6ba3dffa4798388fb8057a608cfa40a0e24aeba9257d245b2d5103a1844d1115
4,3.0309829380021256,nan,PREP,,KFB_TIMING,kfb_timing,-0.0020137609409004165,-0.00345620147391515,0.056813677183226705,1,-28.28571428571429,0,0.3124935850816483,-0.0014108114275370046,0.454379548206369,0.3124906411538297,-0.0014130424140094437,0.45435518531118657,-0.6170079819113911,0.4530100640847762,0.6491005236440844,-0.4394032907975769,-0.5856491170875827,0.19142022164135075,1.0036176850272642,200.0,13.0,1.2,0.5,0.3,3.0,IDLE,0.08,nan,0,0.05,20.0,0,unknown,unknown,nan,0,0.0,0,0.005154303002200322,1,0.00017294699864578433,1.951400190591812e-05,0.0001497509983892087,1.0279982234351337e-06,4.927002009935677e-06,1.2600139598362148e-07,2.6760000764625147e-05,1.3259996194392443e-06,0.0004385960019135382,0.004561403998086462,0.004706851002993062,0,0,0,200.0,0.0,0,0.0,nan,nan,nan,,,,,unknown,unknown,nan,,nan,,1.0,0.0,0.0,nan,nan,0.0,0,,1862558852,F04_M01_05,MDCEB22F,measured,baseline,0.5,,0,0,nan,nan,nan,nan,nan,-0.00850399095569554,0.0,0.02455026182204223,0.025981401380706464,1,0,0,0,ad4b715165e84dd399d377549dc111fb1309cda1260e23e9ee621d07fad63984,6ba3dffa4798388fb8057a608cfa40a0e24aeba9257d245b2d5103a1844d1115
4,3.0361513560019375,nan,PREP,,KFB_TIMING,kfb_timing,-0.0019222505123059064,-0.0034147466411934414,0.05663136349227242,1,-28.28571428571429,0,0.3124935850816483,-0.0014108114275370046,0.454379548206369,0.3124905633580246,-0.001412300460235192,0.4543552725737978,-0.6192324926557009,0.4592713504852545,0.6509745585593514,-0.4437761369364259,-0.5874405971077955,0.19244467262602707,1.0090326700502241,200.0,13.0,1.2,0.5,0.3,3.0,IDLE,0.08,nan,0,0.05,20.0,0,unknown,unknown,nan,0,0.0,0,0.005168417999811936,1,0.00038733399924240075,5.373800013330765e-05,0.0003168990006088279,3.916000423487276e-06,1.7344998923363164e-05,3.899986040778458e-07,9.921400123857893e-05,4.251000063959509e-06,0.0010903429974860046,0.0039096570025139955,0.0040689349989406765,0,0,0,200.0,0.0,0,0.0,nan,nan,nan,,,,,unknown,unknown,nan,,nan,,1.0,0.0,0.0,nan,nan,0.0,0,,1867649685,F04_M01_05,MDCEB22F,measured,baseline,0.5,,0,0,nan,nan,nan,nan,nan,-0.009616246327850464,0.0,0.0254872792796757,0.027241027853553614,1,0,0,0,ad4b715165e84dd399d377549dc111fb1309cda1260e23e9ee621d07fad63984,6ba3dffa4798388fb8057a608cfa40a0e24aeba9257d245b2d5103a1844d1115
4,3.041334421999636,nan,PREP,,KFB_TIMING,kfb_timing,-0.0018286000577781014,-0.003373174696587058,0.05643694440305046,1,-28.28571428571429,0,0.3124935850816483,-0.0014108114275370046,0.454379548206369,0.31248986809930274,-0.0014109472838080821,0.45435321795037475,-0.6187352197958844,0.4637321462767223,0.6521006031807378,-0.44698312207061336,-0.5871055218625989,0.19275815312276845,1.0114919536876992,200.0,13.0,1.2,0.5,0.3,3.0,IDLE,0.08,nan,0,0.05,20.0,0,unknown,unknown,nan,0,0.0,0,0.005183065997698577,1,0.000432692002505064,8.175300172297284e-05,0.00020793100338778459,3.5580014809966087e-06,1.4162997103994712e-05,3.86000465368852e-07,7.301900041056797e-05,3.5039993235841393e-06,0.000986498998827301,0.004013501001172699,0.00418880099823582,0,0,0,200.0,0.0,0,0.0,nan,nan,nan,,,,,unknown,unknown,nan,,nan,,1.0,0.0,0.0,nan,nan,0.0,0,,1872958828,F04_M01_05,MDCEB22F,measured,baseline,0.5,,0,0,nan,nan,nan,nan,nan,-0.00936760989794222,0.0,0.02605030159036892,0.027683394447740733,1,0,0,0,ad4b715165e84dd399d377549dc111fb1309cda1260e23e9ee621d07fad63984,6ba3dffa4798388fb8057a608cfa40a0e24aeba9257d245b2d5103a1844d1115
4,3.046502067001711,nan,PREP,,KFB_TIMING,kfb_timing,-0.001753557389638033,-0.0033316577070998856,0.05626721825684185,1,-28.28571428571429,0,0.3124935850816483,-0.0014108114275370046,0.454379548206369,0.31248994479116604,-0.001410415618288672,0.4543528115276828,-0.6172998500266809,0.46676553948722094,0.6533474309996182,-0.44920708555774835,-0.5861799043141271,0.19260182394427583,1.0128139213545397,200.0,13.0,1.2,0.5,0.3,3.0,IDLE,0.08,nan,0,0.05,20.0,0,unknown,unknown,nan,0,0.0,0,0.005167645002075005,1,0.00045477399908122607,3.355000080773607e-05,0.0004434469992702361,1.972002792172134e-06,6.831000064266846e-06,1.590015017427504e-07,4.268300108378753e-05,4.884001100435853e-06,0.0010841520015674178,0.003915847998432582,0.004079907001141692,0,0,0,200.0,0.0,0,0.0,nan,nan,nan,,,,,unknown,unknown,nan,,nan,,1.0,0.0,0.0,nan,nan,0.0,0,,1877977409,F04_M01_05,MDCEB22F,measured,baseline,0.5,,0,0,nan,nan,nan,nan,nan,-0.008649925013340443,0.0,0.026673715499809125,0.028041189370302578,1,0,0,0,ad4b715165e84dd399d377549dc111fb1309cda1260e23e9ee621d07fad63984,6ba3dffa4798388fb8057a608cfa40a0e24aeba9257d245b2d5103a1844d1115
4,3.0517459840011725,nan,PREP,,KFB_TIMING,kfb_timing,-0.0016816940945715841,-0.0032899917226838623,0.056089807424980855,1,-28.28571428571429,0,0.3124935850816483,-0.0014108114275370046,0.454379548206369,0.31249071391179606,-0.0014102256375867145,0.4543563542885385,-0.6170331760192862,0.4711650826019901,0.6526412978307592,-0.45215545145589087,-0.585561741683152,0.19298626450052883,1.0142322904571741,200.0,13.0,1.2,0.5,0.3,3.0,IDLE,0.08,nan,0,0.05,20.0,0,unknown,unknown,nan,0,0.0,0,0.005243916999461362,1,0.00030411899933824316,2.196000059484504e-05,0.0004801149989361875,1.4750003174412996e-06,5.989997589495033e-06,1.449989213142544e-07,3.355299850227311e-05,1.424999936716631e-06,0.0009234749995812308,0.004076525000418769,0.004311347998736892,0,0,0,200.0,0.0,0,0.0,nan,nan,nan,,,,,unknown,unknown,nan,,nan,,1.0,0.0,0.0,nan,nan,0.0,0,,1883259958,F04_M01_05,MDCEB22F,measured,baseline,0.5,,0,0,nan,nan,nan,nan,nan,-0.008516588009643111,0.0,0.026320648915379607,0.027664215706444138,1,0,0,0,ad4b715165e84dd399d377549dc111fb1309cda1260e23e9ee621d07fad63984,6ba3dffa4798388fb8057a608cfa40a0e24aeba9257d245b2d5103a1844d1115
4,3.0568425210003625,nan,PREP,,KFB_TIMING,kfb_timing,-0.0016087539403565887,-0.0032551581876331835,0.0559159466839171,1,-28.28571428571429,0,0.3124935850816483,-0.0014108114275370046,0.454379548206369,0.3124900489189157,-0.0014091883325143334,0.45435518552061577,-0.6179754663093506,0.47516552360232633,0.6536212764934671,-0.45473286778354566,-0.5862950232001094,0.1934674518774151,1.0172987392430415,200.0,13.0,1.2,0.5,0.3,3.0,IDLE,0.08,nan,0,0.05,20.0,0,unknown,unknown,nan,0,0.0,0,0.005096536999189993,1,0.00034877100188168697,5.3175001085037366e-05,0.00028693100102827884,3.4279983083251864e-06,1.5214998711599037e-05,3.4700133255682886e-07,8.181399971363135e-05,3.4580007195472717e-06,0.0010107310008606873,0.003989268999139313,0.00408184800107847,0,0,0,200.0,0.0,0,0.0,nan,nan,nan,,,,,unknown,unknown,nan,,nan,,1.0,0.0,0.0,nan,nan,0.0,0,,1888147175,F04_M01_05,MDCEB22F,measured,baseline,0.5,,0,0,nan,nan,nan,nan,nan,-0.008987733154675326,0.0,0.026810638246733576,0.028277016647037984,1,0,0,0,ad4b715165e84dd399d377549dc111fb1309cda1260e23e9ee621d07fad63984,6ba3dffa4798388fb8057a608cfa40a0e24aeba9257d245b2d5103a1844d1115
4,3.061905040001875,nan,PREP,,KFB_TIMING,kfb_timing,-0.00152544234076743,-0.0032204266336102374,0.05573308306801146,1,-28.28571428571429,0,0.3124935850816483,-0.0014108114275370046,0.454379548206369,0.3124910270742734,-0.0014109635913422411,0.45435416789013106,-0.6182722892383973,0.47797907807623996,0.654208129043631,-0.45650414693716146,-0.5864482583683223,0.19389240659607054,1.0191726540804893,200.0,13.0,1.2,0.5,0.3,3.0,IDLE,0.08,nan,0,0.05,20.0,0,unknown,unknown,nan,0,0.0,0,0.005062519001512555,1,0.00020637999841710553,2.1056999685242772e-05,0.00040762800199445337,1.0519979696255177e-06,5.237001460045576e-06,1.4400211512111127e-07,3.10240029648412e-05,1.2870004866272211e-06,0.0007501030013372656,0.0042498969986627345,0.004308633000619011,0,0,0,200.0,0.0,0,0.0,nan,nan,nan,,,,,unknown,unknown,nan,,nan,,1.0,0.0,0.0,nan,nan,0.0,0,,1893078369,F04_M01_05,MDCEB22F,measured,baseline,0.5,,0,0,nan,nan,nan,nan,nan,-0.00913614461919865,0.0,0.02710406452181552,0.028602437869972748,1,0,0,0,ad4b715165e84dd399d377549dc111fb1309cda1260e23e9ee621d07fad63984,6ba3dffa4798388fb8057a608cfa40a0e24aeba9257d245b2d5103a1844d1115
4,3.0670667449994653,nan,PREP,,KFB_TIMING,kfb_timing,-0.001451638837471958,-0.0031924372882568414,0.055562556165107725,1,-28.28571428571429,0,0.3124935850816483,-0.0014108114275370046,0.454379548206369,0.3124905498677469,-0.0014126732142906058,0.45435397457569676,-0.6166074095934098,0.4794756295211637,0.6524683646001543,-0.4574500543556233,-0.5847089833794646,0.19426664996606074,1.017750727670686,200.0,13.0,1.2,0.5,0.3,3.0,IDLE,0.08,nan,0,0.05,20.0,0,unknown,unknown,nan,0,0.0,0,0.005161704997590277,1,0.0003403110022190958,1.9604998669819906e-05,0.00015660600183764473,9.850009519141167e-07,4.896999598713592e-06,1.490006980020553e-07,2.769699858617969e-05,1.3520002539735287e-06,0.0006155859991849866,0.0043844140008150135,0.004542149999906542,0,0,0,200.0,0.0,0,0.0,nan,nan,nan,,,,,unknown,unknown,nan,,nan,,1.0,0.0,0.0,nan,nan,0.0,0,,1898384010,F04_M01_05,MDCEB22F,measured,baseline,0.5,,0,0,nan,nan,nan,nan,nan,-0.008303704796704892,0.0,0.02623418230007718,0.027516973567318456,1,0,0,0,ad4b715165e84dd399d377549dc111fb1309cda1260e23e9ee621d07fad63984,6ba3dffa4798388fb8057a608cfa40a0e24aeba9257d245b2d5103a1844d1115
4,3.0721896600007312,nan,PREP,,KFB_TIMING,kfb_timing,-0.0013648721401286201,-0.0031510014339036713,0.05537105910474636,1,-28.28571428571429,0,0.3124935850816483,-0.0014108114275370046,0.454379548206369,0.3124903696555229,-0.0014097398618553416,0.45435350159772114,-0.6205886431777212,0.4795445384907583,0.653836833850423,-0.4574447955732671,-0.5877024539039786,0.19457064489622222,1.021075821737556,200.0,13.0,1.2,0.5,0.3,3.0,IDLE,0.08,nan,0,0.05,20.0,0,unknown,unknown,nan,0,0.0,0,0.0051229150012659375,1,0.00019237500237068161,3.20959989039693e-05,0.00040015299964579754,1.7909987946040928e-06,6.184000085340813e-06,1.590015017427504e-07,3.512399780447595e-05,1.4590004866477102e-06,0.0007667339996260125,0.004233266000373988,0.004348847000073874,0,0,0,200.0,0.0,0,0.0,nan,nan,nan,,,,,unknown,unknown,nan,,nan,,1.0,0.0,0.0,nan,nan,0.0,0,,1903341060,F04_M01_05,MDCEB22F,measured,baseline,0.5,,0,0,nan,nan,nan,nan,nan,-0.010294321588860622,0.0,0.02691841692521152,0.02881968470914274,1,0,0,0,ad4b715165e84dd399d377549dc111fb1309cda1260e23e9ee621d07fad63984,6ba3dffa4798388fb8057a608cfa40a0e24aeba9257d245b2d5103a1844d1115
4,3.077383142001054,nan,PREP,,KFB_TIMING,kfb_timing,-0.0012800437605123838,-0.0031162124715053007,0.05517556486475841,1,-28.28571428571429,0,0.3124935850816483,-0.0014108114275370046,0.454379548206369,0.3124899990741494,-0.0014092226839097386,0.45435322127947697,-0.6229607646046593,0.47657165135347723,0.6532462185723559,-0.45553559287088075,-0.589163787232128,0.19435364765803745,1.0207503491009366,200.0,13.0,1.2,0.5,0.3,3.0,IDLE,0.08,nan,0,0.05,20.0,0,unknown,unknown,nan,0,0.0,0,0.005193482000322547,1,0.0003042270000150893,3.260200173826888e-05,0.00012954799967701547,2.1269988792482764e-06,5.912999768042937e-06,1.4800025383010507e-07,3.726199793163687e-05,1.8589998944662511e-06,0.0006029020005371422,0.004397097999462858,0.004586552000546362,0,0,0,200.0,0.0,0,0.0,nan,nan,nan,,,,,unknown,unknown,nan,,nan,,1.0,0.0,0.0,nan,nan,0.0,0,,1908578345,F04_M01_05,MDCEB22F,measured,baseline,0.5,,0,0,nan,nan,nan,nan,nan,-0.011480382302329672,0.0,0.02662310928617795,0.028992915097854836,1,0,0,0,ad4b715165e84dd399d377549dc111fb1309cda1260e23e9ee621d07fad63984,6ba3dffa4798388fb8057a608cfa40a0e24aeba9257d245b2d5103a1844d1115
4,3.0825528130008024,nan,PREP,,KFB_TIMING,kfb_timing,-0.001201086648780103,-0.0030948102085049767,0.05498427034587518,1,-28.28571428571429,0,0.3124935850816483,-0.0014108114275370046,0.454379548206369,0.3124903990106396,-0.001412281199322245,0.45435317939801834,-0.6247170100580276,0.47517896991114783,0.6529693381696982,-0.4546873042958353,-0.5904037252746772,0.19498394510679,1.0209972344190923,200.0,13.0,1.2,0.5,0.3,3.0,IDLE,0.08,nan,0,0.05,20.0,0,unknown,unknown,nan,0,0.0,0,0.005169670999748632,1,0.00039963499875739217,2.07779994525481e-05,0.00011548200200195424,1.191001501865685e-06,5.056997906649485e-06,1.360021997243166e-07,2.829000004567206e-05,3.7760000850539654e-06,0.0006403180013876408,0.004359681998612359,0.004524833002506057,0,0,0,200.0,0.0,0,0.0,nan,nan,nan,,,,,unknown,unknown,nan,,nan,,1.0,0.0,0.0,nan,nan,0.0,0,,1913970358,F04_M01_05,MDCEB22F,measured,baseline,0.5,,0,0,nan,nan,nan,nan,nan,-0.012358505029013811,0.0,0.02648466908484909,0.02922619275728744,1,0,0,0,ad4b715165e84dd399d377549dc111fb1309cda1260e23e9ee621d07fad63984,6ba3dffa4798388fb8057a608cfa40a0e24aeba9257d245b2d5103a1844d1115
4,3.0877443050012516,nan,PREP,,KFB_TIMING,kfb_timing,-0.0011343333945665612,-0.0030665763124113903,0.05479788294836452,1,-28.28571428571429,0,0.3124935850816483,-0.0014108114275370046,0.454379548206369,0.312490059650515,-0.0014134619729317477,0.4543540899591608,-0.6279221867534446,0.4739161017047465,0.6530969645967221,-0.4539243809919669,-0.5927037963356618,0.19567745858814287,1.022457035399387,200.0,13.0,1.2,0.5,0.3,3.0,IDLE,0.08,nan,0,0.05,20.0,0,unknown,unknown,nan,0,0.0,0,0.005191492000449216,1,0.00027076499827671796,2.023199704126455e-05,0.0004588699994201306,1.4739998732693493e-06,5.8969999372493476e-06,1.3300086720846593e-07,3.369299884070642e-05,1.491000148234889e-06,0.0008657949983899016,0.0041342050016100985,0.004321940999943763,0,0,0,200.0,0.0,0,0.0,nan,nan,nan,,,,,unknown,unknown,nan,,nan,,1.0,0.0,0.0,nan,nan,0.0,0,,1919226007,F04_M01_05,MDCEB22F,measured,baseline,0.5,,0,0,nan,nan,nan,nan,nan,-0.0139610933767223,0.0,0.026548482298361042,0.029995567016143386,1,0,0,0,ad4b715165e84dd399d377549dc111fb1309cda1260e23e9ee621d07fad63984,6ba3dffa4798388fb8057a608cfa40a0e24aeba9257d245b2d5103a1844d1115
4,3.092809803001728,nan,PREP,,KFB_TIMING,kfb_timing,-0.0010625776262921383,-0.003038403825681334,0.05460683171017457,1,-28.28571428571429,0,0.3124935850816483,-0.0014108114275370046,0.454379548206369,0.3124892541622747,-0.001410700616211285,0.4543533602223044,-0.6252158346692392,0.46949177932026165,0.6508530295408326,-0.4509982484783406,-0.5903610557454935,0.19522546050838827,1.0173136373965201,200.0,13.0,1.2,0.5,0.3,3.0,IDLE,0.08,nan,0,0.05,20.0,0,unknown,unknown,nan,0,0.0,0,0.005065498000476509,1,0.0002924469990830403,2.037900048890151e-05,0.000491380000312347,1.2620002962648869e-06,5.95099845668301e-06,1.3300086720846593e-07,3.3110001822933555e-05,1.3839999155607074e-06,0.000929111000004923,0.004070888999995077,0.0041329450032208115,0,0,0,200.0,0.0,0,0.0,nan,nan,nan,,,,,unknown,unknown,nan,,nan,,1.0,0.0,0.0,nan,nan,0.0,0,,1923828570,F04_M01_05,MDCEB22F,measured,baseline,0.5,,0,0,nan,nan,nan,nan,nan,-0.012607917334619634,0.0,0.025426514770416297,0.028380754621517738,1,0,0,0,ad4b715165e84dd399d377549dc111fb1309cda1260e23e9ee621d07fad63984,6ba3dffa4798388fb8057a608cfa40a0e24aeba9257d245b2d5103a1844d1115
4,3.0980078860011417,nan,PREP,,KFB_TIMING,kfb_timing,-0.0009797575931159985,-0.0030034295152194463,0.05439088934099432,1,-28.28571428571429,0,0.3124935850816483,-0.0014108114275370046,0.454379548206369,0.31248985222503367,-0.001410595005684731,0.45435243176303863,-0.6204114538792288,0.46503797872087416,0.6528259547664592,-0.44811419490198534,-0.5878091716847696,0.1942225029714102,1.0135839486564857,200.0,13.0,1.2,0.5,0.3,3.0,IDLE,0.08,nan,0,0.05,20.0,0,unknown,unknown,nan,0,0.0,0,0.0051980829994136,1,0.00018912800078396685,1.9066999811911955e-05,0.00015610799891874194,1.1320007615722716e-06,4.859000910073519e-06,1.3399767340160906e-07,2.6901001547230408e-05,1.2710006558336318e-06,0.00046010000005480833,0.004539899999945192,0.004733370999019826,0,0,0,200.0,0.0,0,0.0,nan,nan,nan,,,,,unknown,unknown,nan,,nan,,1.0,0.0,0.0,nan,nan,0.0,0,,1929428847,F04_M01_05,MDCEB22F,measured,baseline,0.5,,0,0,nan,nan,nan,nan,nan,-0.010205726939614412,0.0,0.02641297738322962,0.028316112667754568,1,0,0,0,ad4b715165e84dd399d377549dc111fb1309cda1260e23e9ee621d07fad63984,6ba3dffa4798388fb8057a608cfa40a0e24aeba9257d245b2d5103a1844d1115
4,3.1031688360017142,nan,PREP,,KFB_TIMING,kfb_timing,-0.0009078191935645852,-0.002968420583382197,0.05418362638894739,1,-28.28571428571429,0,0.3124935850816483,-0.0014108114275370046,0.454379548206369,0.31248980076902966,-0.0014110437149588255,0.45435544637123754,-0.620828379029103,0.46512510406079816,0.6552463103400501,-0.44817987598934805,-0.5887507975235704,0.19414705249969672,1.0154392969792538,200.0,13.0,1.2,0.5,0.3,3.0,IDLE,0.08,nan,0,0.05,20.0,0,unknown,unknown,nan,0,0.0,0,0.005160950000572484,1,0.0002851800018106587,1.9887000235030428e-05,0.0004477059992495924,1.4070028555579484e-06,5.965997843304649e-06,1.3399767340160906e-07,3.268300133640878e-05,1.3510034477803856e-06,0.0008680430000822525,0.0041319569999177476,0.004289497999707237,0,0,0,200.0,0.0,0,0.0,nan,nan,nan,,,,,unknown,unknown,nan,,nan,,1.0,0.0,0.0,nan,nan,0.0,0,,1934650543,F04_M01_05,MDCEB22F,measured,baseline,0.5,,0,0,nan,nan,nan,nan,nan,-0.01041418951455153,0.0,0.02762315517002506,0.029521077974767065,1,0,0,0,ad4b715165e84dd399d377549dc111fb1309cda1260e23e9ee621d07fad63984,6ba3dffa4798388fb8057a608cfa40a0e24aeba9257d245b2d5103a1844d1115
4,3.108353480001824,nan,PREP,,KFB_TIMING,kfb_timing,-0.0008365005861490082,-0.0029468096435565656,0.05397613908630511,1,-28.28571428571429,0,0.3124935850816483,-0.0014108114275370046,0.454379548206369,0.31248997350186813,-0.0014087367501092185,0.4543544971254396,-0.6193746112313041,0.46336470473603664,0.6580919631834943,-0.4471830614461117,-0.5884958501671997,0.19290536989800772,1.015586919293346,200.0,13.0,1.2,0.5,0.3,3.0,IDLE,0.08,nan,0,0.05,20.0,0,unknown,unknown,nan,0,0.0,0,0.005184644000109984,1,0.0003885769983753562,1.963400063687004e-05,0.00039270900015253574,1.2800010154023767e-06,5.897996743442491e-06,1.309999788645655e-07,3.32750023517292e-05,1.395997969666496e-06,0.0009294470000895672,0.004070552999910433,0.004251591999491211,0,0,0,200.0,0.0,0,0.0,nan,nan,nan,,,,,unknown,unknown,nan,,nan,,1.0,0.0,0.0,nan,nan,0.0,0,,1939873061,F04_M01_05,MDCEB22F,measured,baseline,0.5,,0,0,nan,nan,nan,nan,nan,-0.009687305615652064,0.0,0.02904598159174715,0.030618833039800168,1,0,0,0,ad4b715165e84dd399d377549dc111fb1309cda1260e23e9ee621d07fad63984,6ba3dffa4798388fb8057a608cfa40a0e24aeba9257d245b2d5103a1844d1115
4,3.1135224909994577,nan,PREP,,KFB_TIMING,kfb_timing,-0.0007645452811387565,-0.002925503322119305,0.05378791038749772,1,-28.28571428571429,0,0.3124935850816483,-0.0014108114275370046,0.454379548206369,0.3124912454377063,-0.0014110038551575516,0.4543537163774452,-0.622085879107322,0.46001145752354977,0.662239566983915,-0.4451782834715239,-0.5913789608267579,0.19089967404200725,1.0184118155818467,200.0,13.0,1.2,0.5,0.3,3.0,IDLE,0.08,nan,0,0.05,20.0,0,unknown,unknown,nan,0,0.0,0,0.00516901099763345,1,0.00046946099973865785,1.9908002286683768e-05,0.00037339999835239723,1.0700023267418146e-06,4.901001375401393e-06,1.4300167094916105e-07,2.7157999284099787e-05,1.2509990483522415e-06,0.0009610109991626814,0.004038989000837319,0.004204387001664145,0,0,0,200.0,0.0,0,0.0,nan,nan,nan,,,,,unknown,unknown,nan,,nan,,1.0,0.0,0.0,nan,nan,0.0,0,,1944966567,F04_M01_05,MDCEB22F,measured,baseline,0.5,,0,0,nan,nan,nan,nan,nan,-0.011042939553661035,0.0,0.031119783491957487,0.03302101510511331,1,0,0,0,ad4b715165e84dd399d377549dc111fb1309cda1260e23e9ee621d07fad63984,6ba3dffa4798388fb8057a608cfa40a0e24aeba9257d245b2d5103a1844d1115
4,3.1187203570007114,nan,PREP,,KFB_TIMING,kfb_timing,-0.0006788245833730111,-0.0029109129275099697,0.0535821818437512,1,-28.28571428571429,0,0.3124935850816483,-0.0014108114275370046,0.454379548206369,0.31248991385310915,-0.0014104827433510823,0.4543546199497277,-0.6144817171202932,0.46176658144959776,0.6611642667096193,-0.44630919526500823,-0.5859773666913409,0.19027277753004354,1.0138808332306222,200.0,13.0,1.2,0.5,0.3,3.0,IDLE,0.08,nan,0,0.05,20.0,0,unknown,unknown,nan,0,0.0,0,0.005197866001253715,1,0.00028811899755964987,1.9459999748505652e-05,0.00046897899665054865,1.2919990695081651e-06,5.904999852646142e-06,1.3399767340160906e-07,3.347900201333687e-05,3.5849989217240363e-06,0.0008941260020947084,0.004105873997905292,0.004300398999475874,0,0,0,200.0,0.0,0,0.0,nan,nan,nan,,,,,unknown,unknown,nan,,nan,,1.0,0.0,0.0,nan,nan,0.0,0,,1949895317,F04_M01_05,MDCEB22F,measured,baseline,0.5,,0,0,nan,nan,nan,nan,nan,-0.0072408585601466124,0.0,0.030582133354809637,0.03142764568368761,1,0,0,0,ad4b715165e84dd399d377549dc111fb1309cda1260e23e9ee621d07fad63984,6ba3dffa4798388fb8057a608cfa40a0e24aeba9257d245b2d5103a1844d1115
4,3.123887765999825,nan,PREP,,KFB_TIMING,kfb_timing,-0.0006038951742973753,-0.002896266970553612,0.0533852213644623,1,-28.28571428571429,0,0.3124935850816483,-0.0014108114275370046,0.454379548206369,0.31249046845143813,-0.0014115799175656151,0.45435411852878804,-0.6097512127633595,0.4617686578843143,0.6616876872551541,-0.4461362055824418,-0.5828341337238934,0.18918188334653305,1.0113641432914968,200.0,13.0,1.2,0.5,0.3,3.0,IDLE,0.08,nan,0,0.05,20.0,0,unknown,unknown,nan,0,0.0,0,0.005167408999113832,1,0.0003118939966952894,2.0035997295053676e-05,0.00017660900266491808,1.463002263335511e-06,5.771998985437676e-06,1.3399767340160906e-07,3.380899943294935e-05,1.3650023902300745e-06,0.0006231600018509198,0.00437683999814908,0.0045366699996520765,0,0,0,200.0,0.0,0,0.0,nan,nan,nan,,,,,unknown,unknown,nan,,nan,,1.0,0.0,0.0,nan,nan,0.0,0,,1955462129,F04_M01_05,MDCEB22F,measured,baseline,0.5,,0,0,nan,nan,nan,nan,nan,-0.004875606381679776,0.0,0.030843843627577083,0.031226819039273022,1,0,0,0,ad4b715165e84dd399d377549dc111fb1309cda1260e23e9ee621d07fad63984,6ba3dffa4798388fb8057a608cfa40a0e24aeba9257d245b2d5103a1844d1115
4,3.1291529859990987,nan,PREP,,KFB_TIMING,kfb_timing,-0.0005292573287587754,-0.0028816335388860124,0.05318802198570241,1,-28.28571428571429,0,0.3124935850816483,-0.0014108114275370046,0.454379548206369,0.31249064598636783,-0.0014105240287433018,0.45435798210275224,-0.6059421056093511,0.4614905594230362,0.6628354761579921,-0.4455953723115026,-0.5804411024399492,0.18852268764140878,1.0096980936103985,200.0,13.0,1.2,0.5,0.3,3.0,IDLE,0.08,nan,0,0.05,20.0,0,unknown,unknown,nan,0,0.0,0,0.0052652199992735405,1,0.00039502100116806105,3.344600190757774e-05,0.0004517919987847563,1.9510007405187935e-06,6.831000064266846e-06,1.590015017427504e-07,4.424500002642162e-05,1.7709971871227026e-06,0.0010331420016882475,0.0039668579983117526,0.004227961999276886,0,0,0,200.0,0.0,0,0.0,nan,nan,nan,,,,,unknown,unknown,nan,,nan,,1.0,0.0,0.0,nan,nan,0.0,0,,1960691576,F04_M01_05,MDCEB22F,measured,baseline,0.5,,0,0,nan,nan,nan,nan,nan,-0.002971052804675578,0.0,0.03141773807899606,0.03155790583623333,1,0,0,0,ad4b715165e84dd399d377549dc111fb1309cda1260e23e9ee621d07fad63984,6ba3dffa4798388fb8057a608cfa40a0e24aeba9257d245b2d5103a1844d1115
4,3.1343411910020222,nan,PREP,,KFB_TIMING,kfb_timing,-0.0004436369297468601,-0.002880690092674978,0.05300106621905722,1,-28.28571428571429,0,0.3124935850816483,-0.0014108114275370046,0.454379548206369,0.31249021603375704,-0.0014112421075513047,0.45435444235824585,-0.6083750103681846,0.45960997821613175,0.6660425303559425,-0.4439088595935845,-0.5828063092950394,0.18791447589637741,1.0124100639361842,200.0,13.0,1.2,0.5,0.3,3.0,IDLE,0.08,nan,0,0.05,20.0,0,unknown,unknown,nan,0,0.0,0,0.005188205002923496,1,0.0004352789983386174,3.5191998904338107e-05,0.0003964669995184522,1.9459985196590424e-06,6.126003427198157e-06,1.3499811757355928e-07,3.3976000850088894e-05,1.4739998732693493e-06,0.0009870400026557036,0.0040129599973442965,0.004197577000013553,0,0,0,200.0,0.0,0,0.0,nan,nan,nan,,,,,unknown,unknown,nan,,nan,,1.0,0.0,0.0,nan,nan,0.0,0,,1965700890,F04_M01_05,MDCEB22F,measured,baseline,0.5,,0,0,nan,nan,nan,nan,nan,-0.004187505184092333,0.0,0.03302126517797127,0.033285719965485176,1,0,0,0,ad4b715165e84dd399d377549dc111fb1309cda1260e23e9ee621d07fad63984,6ba3dffa4798388fb8057a608cfa40a0e24aeba9257d245b2d5103a1844d1115
4,3.139529631000187,nan,PREP,,KFB_TIMING,kfb_timing,-0.0003588406368661978,-0.0028528117219833475,0.0527942488758432,1,-28.28571428571429,0,0.3124935850816483,-0.0014108114275370046,0.454379548206369,0.3124911505796001,-0.001411564322217727,0.45435454174332346,-0.6092326388428644,0.4591650407112208,0.6681938770829592,-0.44309929040824814,-0.5838481643481085,0.1883330487363987,1.014140029884401,200.0,13.0,1.2,0.5,0.3,3.0,IDLE,0.08,nan,0,0.05,20.0,0,unknown,unknown,nan,0,0.0,0,0.00518843999816454,1,0.00022947199977352284,1.970100129256025e-05,0.00043274400013615377,1.3420030882116407e-06,6.221998773980886e-06,1.3699900591745973e-07,3.671300146379508e-05,1.424999936716631e-06,0.0008108910005830694,0.004189108999416931,0.004368009002064355,0,0,0,200.0,0.0,0,0.0,nan,nan,nan,,,,,unknown,unknown,nan,,nan,,1.0,0.0,0.0,nan,nan,0.0,0,,1970583914,F04_M01_05,MDCEB22F,measured,baseline,0.5,,0,0,nan,nan,nan,nan,nan,-0.004616319421432202,0.0,0.034096938541479604,0.034408016840587155,1,0,0,0,ad4b715165e84dd399d377549dc111fb1309cda1260e23e9ee621d07fad63984,6ba3dffa4798388fb8057a608cfa40a0e24aeba9257d245b2d5103a1844d1115
4,3.14471702100127,nan,PREP,,KFB_TIMING,kfb_timing,-0.0002801546801835808,-0.002831781557147967,0.05260755376084346,1,-28.28571428571429,0,0.3124935850816483,-0.0014108114275370046,0.454379548206369,0.312489891633675,-0.0014110335303837394,0.4543548303260536,-0.6090289419562381,0.4537518053790216,0.6689944777708141,-0.4392282702156284,-0.5838553192933766,0.1875416413185698,1.0121069925224806,200.0,13.0,1.2,0.5,0.3,3.0,IDLE,0.08,nan,0,0.05,20.0,0,unknown,unknown,nan,0,0.0,0,0.0051873900010832585,1,0.0002206999997724779,2.0400999346747994e-05,0.00015498900029342622,1.209999027196318e-06,4.9959999159909785e-06,1.3899989426136017e-07,2.7927002520300448e-05,1.4270008250605315e-06,0.0004969530018570367,0.004503046998142963,0.00468505900062155,0,0,0,200.0,0.0,0,0.0,nan,nan,nan,,,,,unknown,unknown,nan,,nan,,1.0,0.0,0.0,nan,nan,0.0,0,,1976152545,F04_M01_05,MDCEB22F,measured,baseline,0.5,,0,0,nan,nan,nan,nan,nan,-0.004514470978119078,0.0,0.03449723888540707,0.034791377364644833,1,0,0,0,ad4b715165e84dd399d377549dc111fb1309cda1260e23e9ee621d07fad63984,6ba3dffa4798388fb8057a608cfa40a0e24aeba9257d245b2d5103a1844d1115
4,3.149953076001111,nan,PREP,,KFB_TIMING,kfb_timing,-0.0001930357382209924,-0.0028174148605329286,0.052407726183524864,1,-28.28571428571429,0,0.3124935850816483,-0.0014108114275370046,0.454379548206369,0.31249105044808906,-0.001410250807403225,0.4543542969217682,-0.6087818644456315,0.45291272302537333,0.6691516050268187,-0.4383736939440367,-0.5837334778980448,0.1880283722824309,1.011686297063534,200.0,13.0,1.2,0.5,0.3,3.0,IDLE,0.08,nan,0,0.05,20.0,0,unknown,unknown,nan,0,0.0,0,0.005236054999841144,1,0.00031743699946673587,2.3002998204901814e-05,0.00042937800026265904,1.2570017133839428e-06,5.003999831387773e-06,1.3799945008940995e-07,3.134199869236909e-05,1.5549994714092463e-06,0.0008813390013528988,0.004118660998647101,0.004338198999903398,0,0,0,200.0,0.0,0,0.0,nan,nan,nan,,,,,unknown,unknown,nan,,nan,,1.0,0.0,0.0,nan,nan,0.0,0,,1981083625,F04_M01_05,MDCEB22F,measured,baseline,0.5,,0,0,nan,nan,nan,nan,nan,-0.00439093222281578,0.0,0.03457580251340936,0.03485349918202829,1,0,0,0,ad4b715165e84dd399d377549dc111fb1309cda1260e23e9ee621d07fad63984,6ba3dffa4798388fb8057a608cfa40a0e24aeba9257d245b2d5103a1844d1115
4,3.155065950999415,nan,PREP,,KFB_TIMING,kfb_timing,-0.00012182967379206766,-0.002802960886069393,0.05222138553236123,1,-28.28571428571429,0,0.3124935850816483,-0.0014108114275370046,0.454379548206369,0.31249005243842587,-0.0014104034986897399,0.45435307175028755,-0.6079712747754367,0.4531414494558187,0.6670375724552993,-0.4383531994957245,-0.5826567620409049,0.18845763254128817,1.0099036425491534,200.0,13.0,1.2,0.5,0.3,3.0,IDLE,0.08,nan,0,0.05,20.0,0,unknown,unknown,nan,0,0.0,0,0.005112874998303596,1,0.00027411400151322596,1.9530998542904854e-05,0.0001814800016290974,1.152999175246805e-06,4.973000613972545e-06,1.4599936548620462e-07,2.8695998480543494e-05,4.247001925250515e-06,0.0005767629991169088,0.004423237000883091,0.0045274820004124194,0,0,0,200.0,0.0,0,0.0,nan,nan,nan,,,,,unknown,unknown,nan,,nan,,1.0,0.0,0.0,nan,nan,0.0,0,,1986093514,F04_M01_05,MDCEB22F,measured,baseline,0.5,,0,0,nan,nan,nan,nan,nan,-0.003985637387718344,0.0,0.033518786227649644,0.03375491572439863,1,0,0,0,ad4b715165e84dd399d377549dc111fb1309cda1260e23e9ee621d07fad63984,6ba3dffa4798388fb8057a608cfa40a0e24aeba9257d245b2d5103a1844d1115
4,3.160229447999882,nan,PREP,,KFB_TIMING,kfb_timing,-5.608526304098915e-05,-0.0027884858008295982,0.05203942694131479,1,-28.28571428571429,0,0.3124935850816483,-0.0014108114275370046,0.454379548206369,0.3124899142618131,-0.0014102677048053987,0.4543541452190862,-0.6077136522150234,0.4536950162484596,0.6655096131347861,-0.438601306916498,-0.5821467991729574,0.18850996516180538,1.0089886501006962,200.0,13.0,1.2,0.5,0.3,3.0,IDLE,0.08,nan,0,0.05,20.0,0,unknown,unknown,nan,0,0.0,0,0.005163497000467032,1,0.00017914799900609069,3.214699972886592e-05,0.00013482800204656087,2.0030020095873624e-06,6.068999937269837e-06,1.3300086720846593e-07,3.488099901005626e-05,1.8899991118814796e-06,0.0004775460001837928,0.004522453999816207,0.004681124002672732,0,0,0,200.0,0.0,0,0.0,nan,nan,nan,,,,,unknown,unknown,nan,,nan,,1.0,0.0,0.0,nan,nan,0.0,0,,1991697212,F04_M01_05,MDCEB22F,measured,baseline,0.5,,0,0,nan,nan,nan,nan,nan,-0.0038568261075117016,0.0,0.03275480656739305,0.03298109247570369,1,0,0,0,ad4b715165e84dd399d377549dc111fb1309cda1260e23e9ee621d07fad63984,6ba3dffa4798388fb8057a608cfa40a0e24aeba9257d245b2d5103a1844d1115
4,3.165400674999546,nan,PREP,,KFB_TIMING,kfb_timing,-1.0638764176673643e-05,-0.0027537498721131666,0.051859794703281295,1,-28.28571428571429,0,0.3124935850816483,-0.0014108114275370046,0.454379548206369,0.31249076562887335,-0.001411712069109337,0.45435575919840154,-0.6095508759066248,0.4545687072462906,0.6647659552274358,-0.4391457344104878,-0.5832528786470178,0.18826836148240603,1.0099993837401795,200.0,13.0,1.2,0.5,0.3,3.0,IDLE,0.08,nan,0,0.05,20.0,0,unknown,unknown,nan,0,0.0,0,0.0051712269996642135,1,0.00032789100077934563,3.089500023634173e-05,0.00040260499736177735,2.6840025384444743e-06,6.2630024331156164e-06,1.2999953469261527e-07,4.5967997721163556e-05,1.8039972928818315e-06,0.0009282220016757492,0.004071777998324251,0.004239311001583701,0,0,0,200.0,0.0,0,0.0,nan,nan,nan,,,,,unknown,unknown,nan,,nan,,1.0,0.0,0.0,nan,nan,0.0,0,,1996646842,F04_M01_05,MDCEB22F,measured,baseline,0.5,,0,0,nan,nan,nan,nan,nan,-0.0047754379533124225,0.0,0.03238297761371789,0.032733194875790704,1,0,0,0,ad4b715165e84dd399d377549dc111fb1309cda1260e23e9ee621d07fad63984,6ba3dffa4798388fb8057a608cfa40a0e24aeba9257d245b2d5103a1844d1115
4,3.1704637889997684,0.0,APPROACH,force_baseline_ready|system_ready|task_start,KFB_TIMING,kfb_timing,4.395452033054137e-05,-0.0027525396473367654,0.051686720759608985,1,-28.28571428571429,0,0.3124935850816483,-0.0014108114275370046,0.454379548206369,0.3124895304262002,-0.0014104691544442674,0.454353982717134,-0.6126584373602824,0.4547354272936574,0.6646044239004409,-0.4393629885402474,-0.5853955395243904,0.18772501580089312,1.0118466830368746,200.0,13.0,1.2,0.5,0.3,3.0,IDLE,0.08,nan,0,0.05,20.0,0,unknown,unknown,nan,0,0.0,0,0.005063114000222413,1,0.00040779799746815115,1.957600034074858e-05,0.00015056100164656527,1.2829987099394202e-06,5.827998393215239e-06,1.2799864634871483e-07,3.326399746583775e-05,1.429001713404432e-06,0.0006936890022188891,0.004306310997781111,0.004365749999124091,0,0,0,200.0,0.0,0,0.0,1.0197723584129048,0.021500645261663974,1.7697723584129048,,,,,unknown,unknown,nan,,nan,,1.0,0.0,0.0,nan,nan,0.0,0,,2001844825,F04_M01_05,MDCEB22F,measured,approach,0.5,,0,0,1.0197723584129048,0.021500645261663974,1.7697723584129048,1.4697723584129048,0.0,-0.006329218680141191,0.0,0.03230221195022048,0.032916438233472574,1,0,0,0,ad4b715165e84dd399d377549dc111fb1309cda1260e23e9ee621d07fad63984,6ba3dffa4798388fb8057a608cfa40a0e24aeba9257d245b2d5103a1844d1115
4,3.175627099000849,0.00516331000108039,APPROACH,,KFB_TIMING,kfb_timing,0.00011387990985714525,-0.0027514253107616253,0.05149961983863305,1,-28.28571428571429,0,0.31243935862830857,-0.0014116755846150806,0.4542344532783347,0.31249002793586617,-0.001411352145250547,0.45435469322046873,-0.6140470273719721,0.4573150797118275,0.6639670426561656,-0.4411546719608789,-0.5863229580014165,0.18819820231553275,1.013431333485286,200.0,13.0,1.2,0.5,0.3,3.0,IDLE,0.08,nan,0,0.05,20.0,0,unknown,unknown,nan,0,0.0,0,0.00516331000108039,1,0.00027296500047668815,1.9426999642746523e-05,0.0002533470033085905,1.04300124803558e-06,5.3059993661008775e-06,1.359985617455095e-07,2.4988999939523637e-05,3.269499939051457e-05,0.0008518930007994641,0.004148106999200536,0.0043074349996459205,0,0,0,200.0,0.0,0,0.0,1.0197723584129048,0.021500645261663974,1.7697723584129048,,,,,unknown,unknown,nan,,nan,,1.0,0.0,0.0,nan,nan,0.0,0,,2007152218,F04_M01_05,MDCEB22F,measured,approach,0.5,,0,0,1.0197723584129048,0.021500645261663974,1.7697723584129048,1.4697723584129048,0.0,-0.0070235136859860825,0.0,0.0319835213280828,0.03274561621104665,1,0,1,0,ad4b715165e84dd399d377549dc111fb1309cda1260e23e9ee621d07fad63984,6ba3dffa4798388fb8057a608cfa40a0e24aeba9257d245b2d5103a1844d1115
4,3.180713210000249,0.010249421000480652,APPROACH,,KFB_TIMING,kfb_timing,0.0001664969359684021,-0.0027434999879003092,0.051322436110803595,1,-28.28571428571429,0,0.31239596170956024,-0.0014182121492536757,0.4540883175422731,0.3124894334541391,-0.0014113605145207962,0.4543530785504811,-0.6140896364573148,0.4572241597145237,0.6625797594588605,-0.4411926767247313,-0.5861146274910735,0.188304035255781,1.0125077537853677,200.0,13.0,1.2,0.5,0.3,3.0,IDLE,0.08,nan,0,0.05,20.0,0,unknown,unknown,nan,0,0.0,0,0.005086110999400262,1,0.00043155799721716903,2.345600296393968e-05,0.0004068100024596788,1.1039992386940867e-06,5.228997906669974e-06,1.1500014807097614e-07,2.740099807851948e-05,1.2920027074869722e-06,0.000966930001595756,0.004033069998404244,0.004116694999538595,0,0,0,200.0,0.0,0,0.0,1.0197723584129048,0.021500645261663974,1.7697723584129048,,,,,unknown,unknown,nan,,nan,,1.0,0.0,0.0,nan,nan,0.0,0,,2011844207,F04_M01_05,MDCEB22F,measured,approach,0.5,,0,0,1.0197723584129048,0.021500645261663974,1.7697723584129048,1.4697723584129048,0.0,-0.007044818228657435,0.0,0.03128987972943026,0.03207313575809254,1,0,1,0,ad4b715165e84dd399d377549dc111fb1309cda1260e23e9ee621d07fad63984,6ba3dffa4798388fb8057a608cfa40a0e24aeba9257d245b2d5103a1844d1115
4,3.1857838750001974,0.015320086000429,APPROACH,,KFB_TIMING,kfb_timing,0.00021331333488497362,-0.00274237876061636,0.05116564987757083,1,-28.28571428571429,0,0.312352438611486,-0.0014192545037741465,0.4539425604408385,0.31248998498457314,-0.0014108817689592818,0.45435396593830335,-0.6149197250491694,0.45759246128266906,0.6603337565428664,-0.4415797553671675,-0.5861717278430496,0.18889781021773497,1.0117103334983244,200.0,13.0,1.2,0.5,0.3,3.0,IDLE,0.08,nan,0,0.05,20.0,0,unknown,unknown,nan,0,0.0,0,0.005070664999948349,1,0.00027908600168302655,1.443899964215234e-05,0.00018467299742042087,1.0180010576732457e-06,4.623998393071815e-06,1.5299883671104908e-07,2.5119999918388203e-05,1.2460004654712975e-06,0.0005707460004487075,0.004429253999551293,0.004492154002946336,0,0,0,200.0,0.0,0,0.0,1.0197723584129048,0.021500645261663974,1.7697723584129048,,,,,unknown,unknown,nan,,nan,,1.0,0.0,0.0,nan,nan,0.0,0,,2017168848,F04_M01_05,MDCEB22F,measured,approach,0.5,,0,0,1.0197723584129048,0.021500645261663974,1.7697723584129048,1.4697723584129048,0.0,-0.007459862524584693,0.0,0.030166878271433217,0.031075554597290337,1,0,1,0,ad4b715165e84dd399d377549dc111fb1309cda1260e23e9ee621d07fad63984,6ba3dffa4798388fb8057a608cfa40a0e24aeba9257d245b2d5103a1844d1115
4,3.1908517150004627,0.02038792600069428,APPROACH,,KFB_TIMING,kfb_timing,0.00026369819186089494,-0.002741025429057166,0.05098442055387747,1,-28.28571428571429,0,0.3123117158289394,-0.0014203483131070747,0.45379608463872684,0.31249049520234906,-0.0014130041682903311,0.45435530384220546,-0.6155768393418767,0.4595120644291689,0.6608172687454619,-0.44296398997537995,-0.5869159223920233,0.19024425675427561,1.013294451362635,200.0,13.0,1.2,0.5,0.3,3.0,IDLE,0.08,nan,0,0.05,20.0,0,unknown,unknown,nan,0,0.0,0,0.005067840000265278,1,0.00025575900144758634,3.0408002203330398e-05,0.0004172749977442436,1.630000042496249e-06,6.0589991335291415e-06,1.4400211512111127e-07,4.474800152820535e-05,4.37299968325533e-06,0.0008470089996990282,0.004152991000300972,0.004213943000650033,0,0,0,200.0,0.0,0,0.0,1.0197723584129048,0.021500645261663974,1.7697723584129048,,,,,unknown,unknown,nan,,nan,,1.0,0.0,0.0,nan,nan,0.0,0,,2022366717,F04_M01_05,MDCEB22F,measured,approach,0.5,,0,0,1.0197723584129048,0.021500645261663974,1.7697723584129048,1.4697723584129048,0.0,-0.007788419670938351,0.0,0.030408634372730947,0.03139019791885826,1,0,1,0,ad4b715165e84dd399d377549dc111fb1309cda1260e23e9ee621d07fad63984,6ba3dffa4798388fb8057a608cfa40a0e24aeba9257d245b2d5103a1844d1115
4,3.195919532001426,0.025455743001657538,APPROACH,,KFB_TIMING,kfb_timing,0.000316873048725963,-0.0027530863676155483,0.050810566589766966,1,-28.28571428571429,0,0.3122673456656035,-0.0014102844249206335,0.4536510174163786,0.3124896831238791,-0.0014109289035990442,0.45435504207375416,-0.6106351212698686,0.45968257283490277,0.6596362420055883,-0.44329353686164175,-0.5834262264278576,0.19120350614311754,1.0096055124966572,200.0,13.0,1.2,0.5,0.3,3.0,IDLE,0.08,nan,0,0.05,20.0,0,unknown,unknown,nan,0,0.0,0,0.0050678170009632595,1,0.0004188470011285972,3.369699697941542e-05,0.0003696940002555493,2.5419976736884564e-06,6.832000508438796e-06,1.2399686966091394e-07,4.377299774205312e-05,2.0379993657115847e-06,0.0009739740016811993,0.004026025998318801,0.00408893299754709,0,0,0,200.0,0.0,0,0.0,1.0197723584129048,0.021500645261663974,1.7697723584129048,,,,,unknown,unknown,nan,,nan,,1.0,0.0,0.0,nan,nan,0.0,0,,2027101665,F04_M01_05,MDCEB22F,measured,approach,0.5,,0,0,1.0197723584129048,0.021500645261663974,1.7697723584129048,1.4697723584129048,0.0,-0.005317560634934326,0.0,0.029818121002794185,0.030288558751506794,1,0,1,0,ad4b715165e84dd399d377549dc111fb1309cda1260e23e9ee621d07fad63984,6ba3dffa4798388fb8057a608cfa40a0e24aeba9257d245b2d5103a1844d1115
4,3.2009834029995545,0.030519613999786088,APPROACH,,KFB_TIMING,kfb_timing,0.00036312953230813183,-0.002758399814216269,0.050637451882181786,1,-28.28571428571429,0,0.31222814652373493,-0.0014057816497206434,0.45350431478235526,0.3124892771655044,-0.0014113798740852277,0.4543545286593609,-0.6119014127935384,0.4562210586297052,0.6590825998639347,-0.4413931851407463,-0.5841442285420709,0.19088093318751015,1.0084398181147651,200.0,13.0,1.2,0.5,0.3,3.0,IDLE,0.08,nan,0,0.05,20.0,0,unknown,unknown,nan,0,0.0,0,0.00506387099812855,1,0.000355440002749674,2.251400292152539e-05,0.00013322900122147985,1.967997377505526e-06,5.176996637601405e-06,1.400003384333104e-07,3.401700087124482e-05,1.3730023056268692e-06,0.0006305099996097852,0.004369490000390215,0.004429509001056431,0,0,0,200.0,0.0,0,0.0,1.0197723584129048,0.021500645261663974,1.7697723584129048,,,,,unknown,unknown,nan,,nan,,1.0,0.0,0.0,nan,nan,0.0,0,,2032095883,F04_M01_05,MDCEB22F,measured,approach,0.5,,0,0,1.0197723584129048,0.021500645261663974,1.7697723584129048,1.4697723584129048,0.0,-0.005950706396769201,0.0,0.029541299931967357,0.0301346861322796,1,0,1,0,ad4b715165e84dd399d377549dc111fb1309cda1260e23e9ee621d07fad63984,6ba3dffa4798388fb8057a608cfa40a0e24aeba9257d245b2d5103a1844d1115
4,3.206051862001914,0.03558807300214539,APPROACH,,KFB_TIMING,kfb_timing,0.0004024665063549482,-0.0027569746770952446,0.05046509968109371,1,-28.28571428571429,0,0.3121943135316815,-0.0014070073833734994,0.4533560778934967,0.31248925891578744,-0.0014109071864668683,0.4543545304597271,-0.6104856267407098,0.4568567811814256,0.6586559115177433,-0.4419929031045816,-0.5831430088403263,0.19175971415548762,1.0075904072318869,200.0,13.0,1.2,0.5,0.3,3.0,IDLE,0.08,nan,0,0.05,20.0,0,unknown,unknown,nan,0,0.0,0,0.005068459002359305,1,0.0002715189984883182,2.063899955828674e-05,0.00015370500113931485,1.2860000424552709e-06,5.190002411836758e-06,1.410007826052606e-07,3.063799886149354e-05,1.2130003597121686e-06,0.0005574830029217992,0.004442516997078201,0.004505930999584962,0,0,0,200.0,0.0,0,0.0,1.0197723584129048,0.021500645261663974,1.7697723584129048,,,,,unknown,unknown,nan,,nan,,1.0,0.0,0.0,nan,nan,0.0,0,,2037096772,F04_M01_05,MDCEB22F,measured,approach,0.5,,0,0,1.0197723584129048,0.021500645261663974,1.7697723584129048,1.4697723584129048,0.0,-0.005242813370354926,0.0,0.02932795575887165,0.02979288641657107,1,0,1,0,ad4b715165e84dd399d377549dc111fb1309cda1260e23e9ee621d07fad63984,6ba3dffa4798388fb8057a608cfa40a0e24aeba9257d245b2d5103a1844d1115
4,3.2111137960018823,0.04065000700211385,APPROACH,,KFB_TIMING,kfb_timing,0.00044310880338330194,-0.0027622475839985065,0.050296389652194275,1,-28.28571428571429,0,0.3121587647196269,-0.0014023953021135589,0.4532085114037167,0.3124909878149391,-0.0014128434167212682,0.4543546129401389,-0.6098917754446458,0.45801065674754476,0.6589150505450134,-0.44285870920041404,-0.5828606887278465,0.19248758288159418,1.0079239967795572,200.0,13.0,1.2,0.5,0.3,3.0,IDLE,0.08,nan,0,0.05,20.0,0,unknown,unknown,nan,0,0.0,0,0.00506193399996846,1,0.00022933600121177733,2.1321997337508947e-05,8.791599975666031e-05,1.2950004020240158e-06,5.354999302653596e-06,1.4800025383010507e-07,3.087599907303229e-05,1.3120006769895554e-06,0.0004899859995930456,0.0045100140004069545,0.0045685069999308325,0,0,0,200.0,0.0,0,0.0,1.0197723584129048,0.021500645261663974,1.7697723584129048,,,,,unknown,unknown,nan,,nan,,1.0,0.0,0.0,nan,nan,0.0,0,,2042346458,F04_M01_05,MDCEB22F,measured,approach,0.5,,0,0,1.0197723584129048,0.021500645261663974,1.7697723584129048,1.4697723584129048,0.0,-0.004945887722322906,0.0,0.029457525272506724,0.02986984433408043,1,0,1,0,ad4b715165e84dd399d377549dc111fb1309cda1260e23e9ee621d07fad63984,6ba3dffa4798388fb8057a608cfa40a0e24aeba9257d245b2d5103a1844d1115
4,3.216181513002084,0.04571772400231566,APPROACH,,KFB_TIMING,kfb_timing,0.00048198599431376055,-0.0027608202285857985,0.050123785934474994,1,-28.28571428571429,0,0.3121253592140921,-0.0014036217675036278,0.4530602004195742,0.3124912361853597,-0.0014103749670555119,0.454354207275323,-0.6099902504837312,0.4588089856772707,0.6571565291825917,-0.4433257715467213,-0.582345210811506,0.19270675281900407,1.0071983393903714,200.0,13.0,1.2,0.5,0.3,3.0,IDLE,0.08,nan,0,0.05,20.0,0,unknown,unknown,nan,0,0.0,0,0.00506771700020181,1,0.000378515000193147,1.6866000805748627e-05,0.00016699299885658547,1.2829987099394202e-06,4.764999175677076e-06,1.4199758879840374e-07,2.8357000701362267e-05,1.152999175246805e-06,0.0006753029992978554,0.004324697000702145,0.0043888049985980615,0,0,0,200.0,0.0,0,0.0,1.0197723584129048,0.021500645261663974,1.7697723584129048,,,,,unknown,unknown,nan,,nan,,1.0,0.0,0.0,nan,nan,0.0,0,,2047354604,F04_M01_05,MDCEB22F,measured,approach,0.5,,0,0,1.0197723584129048,0.021500645261663974,1.7697723584129048,1.4697723584129048,0.0,-0.004995125241865628,0.0,0.028578264591295865,0.029011523283551284,1,0,1,0,ad4b715165e84dd399d377549dc111fb1309cda1260e23e9ee621d07fad63984,6ba3dffa4798388fb8057a608cfa40a0e24aeba9257d245b2d5103a1844d1115
4,3.2212524030001077,0.050788614000339294,APPROACH,,KFB_TIMING,kfb_timing,0.0005154540806126817,-0.002765785709182479,0.049939797575192436,1,-28.28571428571429,0,0.3120981432257504,-0.0013995838771736233,0.4529105825120393,0.3124912845420619,-0.0014103037263603763,0.45435396127519573,-0.6116162878000216,0.4608565773972373,0.6548092491024411,-0.4445107521384344,-0.5825130664376899,0.19285137870496263,1.0075904034590035,200.0,13.0,1.2,0.5,0.3,3.0,IDLE,0.08,nan,0,0.05,20.0,0,unknown,unknown,nan,0,0.0,0,0.005070889998023631,1,0.0003014740032085683,3.1947001843946055e-05,0.0001572399996803142,1.2780001270584762e-06,2.952599970740266e-05,1.449989213142544e-07,3.603100049076602e-05,1.1310003174003214e-06,0.0006232019986782689,0.004376798001321731,0.004440267002792098,0,0,0,200.0,0.0,0,0.0,1.0197723584129048,0.021500645261663974,1.7697723584129048,,,,,unknown,unknown,nan,,nan,,1.0,0.0,0.0,nan,nan,0.0,0,,2052633118,F04_M01_05,MDCEB22F,measured,approach,0.5,,0,0,1.0197723584129048,0.021500645261663974,1.7697723584129048,1.4697723584129048,0.0,-0.0058081439000108315,0.0,0.027404624551220558,0.028013353643514257,1,0,1,0,ad4b715165e84dd399d377549dc111fb1309cda1260e23e9ee621d07fad63984,6ba3dffa4798388fb8057a608cfa40a0e24aeba9257d245b2d5103a1844d1115
4,3.226377581999259,0.0559137929994904,APPROACH,,KFB_TIMING,kfb_timing,0.0005473610428506914,-0.002750834593730073,0.04975189088185919,1,-28.279562542720438,0,0.3120724824963009,-0.0014116081032886467,0.45275946117421284,0.3124903019804123,-0.0014110942522803588,0.45435469757261704,-0.6111874866137885,0.46546370470277765,0.6538953134681603,-0.4473166846751083,-0.5816416837208864,0.19358715992254297,1.008853649031681,200.0,13.0,1.2,0.5,0.3,3.0,IDLE,0.08,nan,0,0.05,20.0,0,unknown,unknown,nan,0,0.0,0,0.005125178999151103,1,0.0002912579984695185,4.801000250154175e-05,0.00032011100120143965,3.0960000003688037e-06,6.9350026024039835e-06,1.3799945008940995e-07,3.908900180249475e-05,4.907000402454287e-06,0.0008372750016860664,0.004162724998313934,0.004277867999917362,0,0,0,200.0,0.0,0,0.0,1.0197723584129048,0.021500645261663974,1.7697723584129048,,,,,unknown,unknown,nan,,nan,,1.0,0.0,0.0,nan,nan,0.0,0,,2057613524,F04_M01_05,MDCEB22F,measured,approach,0.5,,0,0,1.0197723584129048,0.021500645261663974,1.7697723584129048,1.4697723584129048,0.0,-0.005593743306894272,0.0,0.026947656734080172,0.027522103256132895,1,0,1,0,ad4b715165e84dd399d377549dc111fb1309cda1260e23e9ee621d07fad63984,6ba3dffa4798388fb8057a608cfa40a0e24aeba9257d245b2d5103a1844d1115
4,3.2314867919994867,0.0610230029997183,APPROACH,,KFB_TIMING,kfb_timing,0.0005684682682627062,-0.0027490520282845185,0.04957330057788134,1,-28.279562542720438,0,0.31205449317676937,-0.0014131273526812088,0.45260725177763084,0.3124906632317683,-0.0014098553923071484,0.4543556939387355,-0.610544797284668,0.4671316845521542,0.6507531838851954,-0.44826830394739037,-0.5798452662699166,0.19343630301248166,1.0072023960161278,200.0,13.0,1.2,0.5,0.3,3.0,IDLE,0.08,nan,0,0.05,20.0,0,unknown,unknown,nan,0,0.0,0,0.005109210000227904,1,0.0003950540012738202,3.483399996184744e-05,0.00010827599908225238,2.3329994291998446e-06,5.4390002333093435e-06,1.3699900591745973e-07,3.601199932745658e-05,1.4750003174412996e-06,0.0006861210022179876,0.0043138789977820126,0.00441887800116092,0,0,0,200.0,0.0,0,0.0,1.0197723584129048,0.021500645261663974,1.7697723584129048,,,,,unknown,unknown,nan,,nan,,1.0,0.0,0.0,nan,nan,0.0,0,,2062585430,F04_M01_05,MDCEB22F,measured,approach,0.5,,0,0,1.0197723584129048,0.021500645261663974,1.7697723584129048,1.4697723584129048,0.0,-0.005272398642334031,0.0,0.025376591942597726,0.025918518593175836,1,0,1,0,ad4b715165e84dd399d377549dc111fb1309cda1260e23e9ee621d07fad63984,6ba3dffa4798388fb8057a608cfa40a0e24aeba9257d245b2d5103a1844d1115
4,3.2365874130009615,0.0661236240011931,APPROACH,,KFB_TIMING,kfb_timing,0.000570553769122184,-0.00274702630300751,0.04940124421224735,1,-28.279562542720438,0,0.312052638697671,-0.0014149286778488016,0.4524542549891824,0.3124906578772725,-0.0014109576161487223,0.4543550208016309,-0.614862850744979,0.47057114926076815,0.6494068414286485,-0.45032077493544886,-0.5819209123512056,0.19396928940390523,1.0105556775542732,200.0,13.0,1.2,0.5,0.3,3.0,IDLE,0.08,nan,0,0.05,20.0,0,unknown,unknown,nan,0,0.0,0,0.005100621001474792,1,0.0002687599990167655,1.904199962154962e-05,0.00015447899932041764,8.649985829833895e-07,3.892000677296892e-06,1.3899989426136017e-07,2.239199966425076e-05,7.200032996479422e-07,0.0005350980027287733,0.004464901997271227,0.0045615310009452514,0,0,0,200.0,0.0,0,0.0,1.0197723584129048,0.021500645261663974,1.7697723584129048,,,,,unknown,unknown,nan,,nan,,1.0,0.0,0.0,nan,nan,0.0,0,,2067588919,F04_M01_05,MDCEB22F,measured,approach,0.5,,0,0,1.0197723584129048,0.021500645261663974,1.7697723584129048,1.4697723584129048,0.0,-0.007431425372489531,0.0,0.024703420714324242,0.02579699746202618,1,0,1,0,ad4b715165e84dd399d377549dc111fb1309cda1260e23e9ee621d07fad63984,6ba3dffa4798388fb8057a608cfa40a0e24aeba9257d245b2d5103a1844d1115
4,3.2416456360006123,0.07118184700084385,APPROACH,,KFB_TIMING,kfb_timing,0.0005636053906805938,-0.0027580152266487032,0.04922635821844464,1,-28.279562542720438,0,0.3120586511389282,-0.0014054199473690755,0.4523029259023631,0.31249035743716025,-0.0014106767093004591,0.45435383072545105,-0.61462608812292,0.4702530303359424,0.6454411495425466,-0.4497975517232927,-0.5802864129882135,0.19386611822578406,1.0077189182823871,200.0,13.0,1.2,0.5,0.3,3.0,IDLE,0.08,nan,0,0.05,20.0,0,unknown,unknown,nan,0,0.0,0,0.005058222999650752,1,0.00015686800179537386,1.4522000128636137e-05,0.00017235700215678662,1.3980024959892035e-06,5.054000212112442e-06,1.3399767340160906e-07,3.027200000360608e-05,1.2200034689158201e-06,0.0004461499993340112,0.004553850000665989,0.004609893996530445,0,0,0,200.0,0.0,0,0.0,1.0197723584129048,0.021500645261663974,1.7697723584129048,,,,,unknown,unknown,nan,,nan,,1.0,0.0,0.0,nan,nan,0.0,0,,2072840595,F04_M01_05,MDCEB22F,measured,approach,0.5,,0,0,1.0197723584129048,0.021500645261663974,1.7697723584129048,1.4697723584129048,0.0,-0.0073130440614599945,0.0,0.022720574771273316,0.023868496630116375,1,0,1,0,ad4b715165e84dd399d377549dc111fb1309cda1260e23e9ee621d07fad63984,6ba3dffa4798388fb8057a608cfa40a0e24aeba9257d245b2d5103a1844d1115
4,3.246705813002336,0.07624202400256763,APPROACH,,KFB_TIMING,kfb_timing,0.0005531320805307882,-0.0027624345071904865,0.04905989373093509,1,-28.279562542720438,0,0.31206817995786074,-0.001401399200967761,0.4521514733112066,0.3124903217649348,-0.0014116002059446821,0.4543533738722332,-0.6145028384592883,0.4697546136252301,0.6402632985260807,-0.44918339800717694,-0.5783919486573215,0.19419996269331638,1.0041017014905453,200.0,13.0,1.2,0.5,0.3,3.0,IDLE,0.08,nan,0,0.05,20.0,0,unknown,unknown,nan,0,0.0,0,0.005060177001723787,1,0.00033980299849645235,1.4363999071065336e-05,0.00019515700114425272,9.57999873207882e-07,3.993998689111322e-06,1.269982021767646e-07,2.3436998162651435e-05,9.830000635702163e-07,0.0006326229995465837,0.004367377000453416,0.00442431699775625,0,0,0,200.0,0.0,0,0.0,1.0197723584129048,0.021500645261663974,1.7697723584129048,,,,,unknown,unknown,nan,,nan,,1.0,0.0,0.0,nan,nan,0.0,0,,2077849075,F04_M01_05,MDCEB22F,measured,approach,0.5,,0,0,1.0197723584129048,0.021500645261663974,1.7697723584129048,1.4697723584129048,0.0,-0.007251419229644174,0.0,0.02013164926304034,0.021397812572646904,1,0,1,0,ad4b715165e84dd399d377549dc111fb1309cda1260e23e9ee621d07fad63984,6ba3dffa4798388fb8057a608cfa40a0e24aeba9257d245b2d5103a1844d1115
4,3.251768403999449,0.08130461499968078,APPROACH,,KFB_TIMING,kfb_timing,0.0005440089456408836,-0.002773505816314099,0.04889716105621138,1,-28.279562542720438,0,0.3120766616476551,-0.0013911063125322486,0.4520001823259182,0.31248947026672974,-0.0014113592239347501,0.4543507501653998,-0.6172517113295549,0.46925327644892684,0.6365264644858578,-0.44861862675981456,-0.5788518905122999,0.19490534933114276,1.0031770793774064,200.0,13.0,1.2,0.5,0.3,3.0,IDLE,0.08,nan,0,0.05,20.0,0,unknown,unknown,nan,0,0.0,0,0.005062590997113148,1,0.0003039049988728948,1.69080012710765e-05,0.0001660109992371872,1.4289980754256248e-06,4.63199830846861e-06,1.539992808829993e-07,3.184500019415282e-05,1.0420008038636297e-06,0.0005891119981242809,0.004410888001875719,0.004469356001209235,0,0,0,200.0,0.0,0,0.0,1.0197723584129048,0.021500645261663974,1.7697723584129048,,,,,unknown,unknown,nan,,nan,,1.0,0.0,0.0,nan,nan,0.0,0,,2082846737,F04_M01_05,MDCEB22F,measured,approach,0.5,,0,0,1.0197723584129048,0.021500645261663974,1.7697723584129048,1.4697723584129048,0.0,-0.008625855664777471,0.0,0.018263232242928917,0.02019779784800145,1,0,1,0,ad4b715165e84dd399d377549dc111fb1309cda1260e23e9ee621d07fad63984,6ba3dffa4798388fb8057a608cfa40a0e24aeba9257d245b2d5103a1844d1115
4,3.256859246001113,0.08639545700134477,APPROACH,,KFB_TIMING,kfb_timing,0.0005363173095632723,-0.002784439279756317,0.04872214481660649,1,-28.279562542720438,0,0.3120833541430241,-0.001381593101985595,0.4518479006317191,0.3124906722341619,-0.0014110345549340486,0.454353967725172,-0.6226439380293705,0.4674715952347105,0.6330656314370213,-0.44712828539076926,-0.5811300852624289,0.19547186517805232,1.0034875483147572,200.0,13.0,1.2,0.5,0.3,3.0,IDLE,0.08,nan,0,0.05,20.0,0,unknown,unknown,nan,0,0.0,0,0.005090842001663987,1,0.00023497100119129755,1.801399776013568e-05,0.0001690440003585536,1.2829987099394202e-06,4.622001142706722e-06,1.4099714462645352e-07,2.8317997930571437e-05,1.2319978850428015e-06,0.0005211019997659605,0.00447889800023404,0.004563100999803282,0,0,0,200.0,0.0,0,0.0,1.0197723584129048,0.021500645261663974,1.7697723584129048,,,,,unknown,unknown,nan,,nan,,1.0,0.0,0.0,nan,nan,0.0,0,,2088389129,F04_M01_05,MDCEB22F,measured,approach,0.5,,0,0,1.0197723584129048,0.021500645261663974,1.7697723584129048,1.4697723584129048,0.0,-0.01132196901468524,0.0,0.016532815718510674,0.020037988370885093,1,0,1,0,ad4b715165e84dd399d377549dc111fb1309cda1260e23e9ee621d07fad63984,6ba3dffa4798388fb8057a608cfa40a0e24aeba9257d245b2d5103a1844d1115
4,3.261947588001931,0.09148379900216241,APPROACH,,KFB_TIMING,kfb_timing,0.0005219029756338422,-0.002782285543878214,0.04856404716280495,1,-28.279562542720438,0,0.31209721305501426,-0.0013836638487943484,0.4516958948934996,0.3124902237406319,-0.0014110815185697763,0.45435260306122444,-0.6235306432633351,0.4628351248845371,0.6413698537826048,-0.44389300546916055,-0.5838110799695825,0.1951323242867828,1.007155452378824,200.0,13.0,1.2,0.5,0.3,3.0,IDLE,0.08,nan,0,0.05,20.0,0,unknown,unknown,nan,0,0.0,0,0.005088342000817647,1,0.00043743800051743165,2.7100999432150275e-05,0.00038639600097667426,2.1619998733513057e-06,5.947997124167159e-06,1.2999953469261527e-07,3.4947999665746465e-05,5.0009984988719225e-06,0.0009823609980230685,0.004017639001976932,0.0041018390002136584,0,0,0,200.0,0.0,0,0.0,1.0197723584129048,0.021500645261663974,1.7697723584129048,,,,,unknown,unknown,nan,,nan,,1.0,0.0,0.0,nan,nan,0.0,0,,2093099769,F04_M01_05,MDCEB22F,measured,approach,0.5,,0,0,1.0197723584129048,0.021500645261663974,1.7697723584129048,1.4697723584129048,0.0,-0.011765321631667547,0.0,0.020684926891302413,0.023796827385076148,1,0,1,0,ad4b715165e84dd399d377549dc111fb1309cda1260e23e9ee621d07fad63984,6ba3dffa4798388fb8057a608cfa40a0e24aeba9257d245b2d5103a1844d1115
4,3.2671377299993765,0.09667394099960802,APPROACH,,KFB_TIMING,kfb_timing,0.0005088764460207951,-0.0027867793130311167,0.048409691199185104,1,-28.279562542720438,0,0.3121103013197699,-0.0013791487828350181,0.45154080740830704,0.3124898149104825,-0.0014101609022023022,0.45434935075783917,-0.6255313861944287,0.45960399231755544,0.6420212249040961,-0.44160438988231077,-0.5849837495323702,0.1948722324840934,1.0073314241578661,200.0,13.0,1.2,0.5,0.3,3.0,IDLE,0.08,nan,0,0.05,20.0,0,unknown,unknown,nan,0,0.0,0,0.0051901419974456076,1,0.00029775700022582896,2.0076000510016456e-05,0.00017393000234733336,1.7749989638105035e-06,4.5099986891727895e-06,1.410007826052606e-07,2.938399848062545e-05,1.1230004020035267e-06,0.0005958279980404768,0.004404172001959523,0.0045826179994037375,0,0,0,200.0,0.0,0,0.0,1.0197723584129048,0.021500645261663974,1.7697723584129048,,,,,unknown,unknown,nan,,nan,,1.0,0.0,0.0,nan,nan,0.0,0,,2098372505,F04_M01_05,MDCEB22F,measured,approach,0.5,,0,0,1.0197723584129048,0.021500645261663974,1.7697723584129048,1.4697723584129048,0.0,-0.01276569309721437,0.0,0.02101061245204805,0.02458472606848454,1,0,1,0,ad4b715165e84dd399d377549dc111fb1309cda1260e23e9ee621d07fad63984,6ba3dffa4798388fb8057a608cfa40a0e24aeba9257d245b2d5103a1844d1115
4,3.272240458001761,0.10177666900199256,APPROACH,,KFB_TIMING,kfb_timing,0.0004991244167209252,-0.0027846542241832034,0.04824679312877164,1,-28.279562542720438,0,0.3121194485385058,-0.0013811420759155975,0.4513880121042831,0.31249010559575224,-0.0014097132905617517,0.4543496173335156,-0.629586124951198,0.4584551341173909,0.6361946834586684,-0.4407408441096302,-0.5856023017422931,0.19469350382745895,1.0056358555614133,200.0,13.0,1.2,0.5,0.3,3.0,IDLE,0.08,nan,0,0.05,20.0,0,unknown,unknown,nan,0,0.0,0,0.005102728002384538,1,0.00038206200042623095,1.4142999134492129e-05,0.00016820999735500664,1.196000084746629e-06,5.947000317974016e-06,1.2300006346777081e-07,3.086500146309845e-05,1.3300013961270452e-06,0.0006800740011385642,0.004319925998861436,0.004413710998051101,0,0,0,200.0,0.0,0,0.0,1.0197723584129048,0.021500645261663974,1.7697723584129048,,,,,unknown,unknown,nan,,nan,,1.0,0.0,0.0,nan,nan,0.0,0,,2103386698,F04_M01_05,MDCEB22F,measured,approach,0.5,,0,0,1.0197723584129048,0.021500645261663974,1.7697723584129048,1.4697723584129048,0.0,-0.014793062475599028,0.0,0.018097341729334193,0.023374098379943486,1,0,1,0,ad4b715165e84dd399d377549dc111fb1309cda1260e23e9ee621d07fad63984,6ba3dffa4798388fb8057a608cfa40a0e24aeba9257d245b2d5103a1844d1115
4,3.277350832002412,0.10688704300264362,APPROACH,,KFB_TIMING,kfb_timing,0.0004912857696329209,-0.0027629201535459835,0.04808757758783157,1,-28.28571428571429,0,0.31212691825927047,-0.0014018532314142925,0.45123629005086474,0.31248939132411435,-0.0014123554927779908,0.45435023928882073,-0.6273725752869739,0.4589217893039973,0.6384785593845448,-0.4409091550948808,-0.5844095425599716,0.19460267736133993,1.0059127336473854,200.0,13.0,1.2,0.5,0.3,3.0,IDLE,0.08,nan,0,0.05,20.0,0,unknown,unknown,nan,0,0.0,0,0.005110374000651063,1,0.0002732239991019014,1.4457997167482972e-05,0.0001896760004456155,1.2029995559714735e-06,5.769001290900633e-06,1.219996192958206e-07,3.082900002482347e-05,1.3169992598704994e-06,0.0005913829991186503,0.00440861700088135,0.0045127180019335356,0,0,0,200.0,0.0,0,0.0,1.0197723584129048,0.021500645261663974,1.7697723584129048,,,,,unknown,unknown,nan,,nan,,1.0,0.0,0.0,nan,nan,0.0,0,,2108375180,F04_M01_05,MDCEB22F,measured,approach,0.5,,0,0,1.0197723584129048,0.021500645261663974,1.7697723584129048,1.4697723584129048,0.0,-0.01368628764348695,0.0,0.019239279692272404,0.02361068301717993,1,0,1,0,ad4b715165e84dd399d377549dc111fb1309cda1260e23e9ee621d07fad63984,6ba3dffa4798388fb8057a608cfa40a0e24aeba9257d245b2d5103a1844d1115
4,3.2825279550015694,0.11206416600180091,APPROACH,,KFB_TIMING,kfb_timing,0.0004759777915885055,-0.00275402993320099,0.047913329235880736,1,-28.28571428571429,0,0.3121404929269538,-0.0014097368190745597,0.4510817717032925,0.31248990789642594,-0.0014110222596034868,0.4543491048132594,-0.6239557151047195,0.4612427219784519,0.6339070445644195,-0.44204873579848936,-0.5803404857621205,0.19488674139554873,1.0019499608954183,200.0,13.0,1.2,0.5,0.3,3.0,IDLE,0.08,nan,0,0.05,20.0,0,unknown,unknown,nan,0,0.0,0,0.005177122999157291,1,0.0001408990028721746,1.3274999218992889e-05,0.0001990689997910522,2.7899986889678985e-06,1.5000998246250674e-05,3.6499841371551156e-07,0.00016981899898382835,3.384000592632219e-06,0.0006099099991843104,0.00439009000081569,0.00456321500314516,0,0,0,200.0,0.0,0,0.0,1.0197723584129048,0.021500645261663974,1.7697723584129048,,,,,unknown,unknown,nan,,nan,,1.0,0.0,0.0,nan,nan,0.0,0,,2114065126,F04_M01_05,MDCEB22F,measured,approach,0.5,,0,0,1.0197723584129048,0.021500645261663974,1.7697723584129048,1.4697723584129048,0.0,-0.01197785755235975,0.0,0.016953522282209754,0.020757913896102473,1,0,1,0,ad4b715165e84dd399d377549dc111fb1309cda1260e23e9ee621d07fad63984,6ba3dffa4798388fb8057a608cfa40a0e24aeba9257d245b2d5103a1844d1115
4,3.287625895001838,0.11716210600206978,APPROACH,,KFB_TIMING,kfb_timing,0.00047242172371211866,-0.00273873984847486,0.047733270436410936,1,-28.28571428571429,0,0.3121435019629152,-0.0014226748214955316,0.45092941144988746,0.3124893704947157,-0.0014090875833048999,0.4543471823671288,-0.618485347384692,0.46036549193799325,0.62315587723653,-0.4409716890082353,-0.5730112672220143,0.19413578095758172,0.9913545069405308,200.0,13.0,1.2,0.5,0.3,3.0,IDLE,0.08,nan,0,0.05,20.0,0,unknown,unknown,nan,0,0.0,0,0.0050979400002688635,1,0.00032568100141361356,4.740800068248063e-05,0.00031596800181432627,4.517001798376441e-06,1.773499752744101e-05,3.360000846441835e-07,0.00010288499834132381,4.181998519925401e-06,0.0010553409993008245,0.003944659000699176,0.004033092001918703,0,0,0,200.0,0.0,0,0.0,1.0197723584129048,0.021500645261663974,1.7697723584129048,,,,,unknown,unknown,nan,,nan,,1.0,0.0,0.0,nan,nan,0.0,0,,2119358263,F04_M01_05,MDCEB22F,measured,approach,0.5,,0,0,1.0197723584129048,0.021500645261663974,1.7697723584129048,1.4697723584129048,0.0,-0.009242673692345993,0.0,0.011577938618265005,0.014814711594610841,1,0,1,0,ad4b715165e84dd399d377549dc111fb1309cda1260e23e9ee621d07fad63984,6ba3dffa4798388fb8057a608cfa40a0e24aeba9257d245b2d5103a1844d1115
4,3.292701661001047,0.12223787200127845,APPROACH,,KFB_TIMING,kfb_timing,0.0004683348829667422,-0.002736562858422128,0.04755318507023551,1,-28.28571428571429,0,0.3121469564901348,-0.0014245149889653642,0.4507771887825339,0.3124883751790547,-0.0014105325545667041,0.4543447339880385,-0.6108030167579346,0.4593623746090456,0.6104603000318767,-0.43979489594383725,-0.5635634547368297,0.19367464196971967,0.9781389954408646,200.0,13.0,1.2,0.5,0.3,3.0,IDLE,0.08,nan,0,0.05,20.0,0,unknown,unknown,nan,0,0.0,0,0.00507576599920867,1,0.0005229929993220139,5.623900142381899e-05,0.00025386200286448,4.626999725587666e-06,2.0821000362047926e-05,4.6399873099289834e-07,0.00010532200030866079,4.187997546978295e-06,0.0012527689978014678,0.0037472310021985323,0.003813703999185236,0,0,0,200.0,0.0,0,0.0,1.0197723584129048,0.021500645261663974,1.7697723584129048,,,,,unknown,unknown,nan,,nan,,1.0,0.0,0.0,nan,nan,0.0,0,,2124152154,F04_M01_05,MDCEB22F,measured,approach,0.5,,0,0,1.0197723584129048,0.021500645261663974,1.7697723584129048,1.4697723584129048,0.0,-0.005401508378967301,0.0,0.005230150015938351,0.007518694165696188,1,0,1,0,ad4b715165e84dd399d377549dc111fb1309cda1260e23e9ee621d07fad63984,6ba3dffa4798388fb8057a608cfa40a0e24aeba9257d245b2d5103a1844d1115
4,3.2977676020018407,0.12730381300207227,APPROACH,,KFB_TIMING,kfb_timing,0.00046070300589906577,-0.0027211571363805784,0.047365511916846965,1,-28.28571428571429,0,0.31215311103395793,-0.001436938563217306,0.4506258442788534,0.31248959478002414,-0.0014106859630571619,0.4543446742580184,-0.6044143412260221,0.45809376673083446,0.6025814720000493,-0.4385673603192656,-0.5563888521327551,0.19342927949683167,0.9686439105239224,200.0,13.0,1.2,0.5,0.3,3.0,IDLE,0.08,nan,0,0.05,20.0,0,unknown,unknown,nan,0,0.0,0,0.005065941000793828,1,0.0003332940032123588,3.173000004608184e-05,0.0003995549996034242,2.087999746436253e-06,5.98800033912994e-06,1.2799864634871483e-07,3.9459999243263155e-05,4.499001079238951e-06,0.0009072549983102363,0.004092745001689764,0.004153855999902589,0,0,0,200.0,0.0,0,0.0,1.0197723584129048,0.021500645261663974,1.7697723584129048,,,,,unknown,unknown,nan,,nan,,1.0,0.0,0.0,nan,nan,0.0,0,,2128864167,F04_M01_05,MDCEB22F,measured,approach,0.5,,0,0,1.0197723584129048,0.021500645261663974,1.7697723584129048,1.4697723584129048,0.0,-0.002207170613011067,0.0,0.0012907360000246615,0.0025568733908231185,1,0,1,0,ad4b715165e84dd399d377549dc111fb1309cda1260e23e9ee621d07fad63984,6ba3dffa4798388fb8057a608cfa40a0e24aeba9257d245b2d5103a1844d1115
4,3.3028316279996943,0.13236783899992588,APPROACH,,KFB_TIMING,kfb_timing,0.00046589229500937357,-0.0027321267560354743,0.04717579575086776,1,-28.28571428571429,0,0.3121489640336336,-0.0014281722340922349,0.45047423333848885,0.31248864834115697,-0.0014096776135498123,0.4543423358120561,-0.6077066394777598,0.4560073643441178,0.6185850678773884,-0.4370810513625317,-0.5624788478758681,0.19324698339110793,0.9797436206489402,200.0,13.0,1.2,0.5,0.3,3.0,IDLE,0.08,nan,0,0.05,20.0,0,unknown,unknown,nan,0,0.0,0,0.005064025997853605,1,0.00026507099755690433,2.182100070058368e-05,0.0001263289996131789,2.1559972083196044e-06,6.815000233473256e-06,1.7500133253633976e-07,4.361299943411723e-05,1.6180019883904606e-06,0.0005543919978663325,0.004445608002133668,0.004505576001974987,0,0,0,200.0,0.0,0,0.0,1.0197723584129048,0.021500645261663974,1.7697723584129048,,,,,unknown,unknown,nan,,nan,,1.0,0.0,0.0,nan,nan,0.0,0,,2133853057,F04_M01_05,MDCEB22F,measured,approach,0.5,,0,0,1.0197723584129048,0.021500645261663974,1.7697723584129048,1.4697723584129048,0.0,-0.0038533197388799234,0.0,0.009292533938694225,0.010059784292509737,1,0,1,0,ad4b715165e84dd399d377549dc111fb1309cda1260e23e9ee621d07fad63984,6ba3dffa4798388fb8057a608cfa40a0e24aeba9257d245b2d5103a1844d1115
4,3.307937741999922,0.13747395300015341,APPROACH,,KFB_TIMING,kfb_timing,0.00046227633783724187,-0.0027231151928048688,0.046967193972935056,1,-28.28571428571429,0,0.3121516164826766,-0.0014347825757331147,0.45032121560075083,0.3124888775186961,-0.0014095793232125186,0.4543421324237727,-0.6194196289219832,0.4525306312795996,0.6382222212205416,-0.43481065112361195,-0.5751885997573523,0.19276886705518037,0.9978939084891952,200.0,13.0,1.2,0.5,0.3,3.0,IDLE,0.08,nan,0,0.05,20.0,0,unknown,unknown,nan,0,0.0,0,0.005106114000227535,1,0.0001733170029183384,1.8135000573238358e-05,0.00016719099949114025,1.1379997886251658e-06,4.992001777281985e-06,1.2999953469261527e-07,3.0241997592383996e-05,1.3270000636111945e-06,0.0004662570026994217,0.004533742997300578,0.004636141999071697,0,0,0,200.0,0.0,0,0.0,1.0197723584129048,0.021500645261663974,1.7697723584129048,,,,,unknown,unknown,nan,,nan,,1.0,0.0,0.0,nan,nan,0.0,0,,2139103999,F04_M01_05,MDCEB22F,measured,approach,0.5,,0,0,1.0197723584129048,0.021500645261663974,1.7697723584129048,1.4697723584129048,0.0,-0.009709814460991617,0.0,0.01911111061027082,0.021436302051074198,1,0,1,0,ad4b715165e84dd399d377549dc111fb1309cda1260e23e9ee621d07fad63984,6ba3dffa4798388fb8057a608cfa40a0e24aeba9257d245b2d5103a1844d1115
4,3.313045704002434,0.14258191500266548,APPROACH,,KFB_TIMING,kfb_timing,0.00045869630931616445,-0.002727544705195188,0.04679065484048247,1,-28.28571428571429,0,0.31215472239023084,-0.001430939685679655,0.4501680564228623,0.3124877306947706,-0.0014113777850565017,0.45434054255616113,-0.6177635505014246,0.44999679726059605,0.6460456488205046,-0.43317931125045744,-0.5756985198624711,0.19274045457605676,1.0007516686135611,200.0,13.0,1.2,0.5,0.3,3.0,IDLE,0.08,nan,0,0.05,20.0,0,unknown,unknown,nan,0,0.0,0,0.0051079620025120676,1,0.0003192220028722659,1.9672999769682065e-05,0.00016296900139423087,1.401000190526247e-06,4.9660011427477e-06,1.5600016922689974e-07,3.1247996957972646e-05,1.3460012269206345e-06,0.000611940002272604,0.004388059997727396,0.004493446002015844,0,0,0,200.0,0.0,0,0.0,1.0197723584129048,0.021500645261663974,1.7697723584129048,,,,,unknown,unknown,nan,,nan,,1.0,0.0,0.0,nan,nan,0.0,0,,2144083978,F04_M01_05,MDCEB22F,measured,approach,0.5,,0,0,1.0197723584129048,0.021500645261663974,1.7697723584129048,1.4697723584129048,0.0,-0.00888177525071232,0.0,0.02302282441025233,0.024676636225982592,1,0,1,0,ad4b715165e84dd399d377549dc111fb1309cda1260e23e9ee621d07fad63984,6ba3dffa4798388fb8057a608cfa40a0e24aeba9257d245b2d5103a1844d1115
4,3.3181866080012696,0.1477228190015012,APPROACH,,KFB_TIMING,kfb_timing,0.00044913174949778867,-0.0027315497456157634,0.0465867481733902,1,-28.28571428571429,0,0.3121619473176579,-0.0014279143372129635,0.45001402833379067,0.3124884368542946,-0.0014107956500105413,0.4543394245477855,-0.6001976762581788,0.4448439837342685,0.6435458631971129,-0.42989057769348027,-0.5627649193183275,0.1919760677868682,0.9860399071479861,200.0,13.0,1.2,0.5,0.3,3.0,IDLE,0.08,nan,0,0.05,20.0,0,unknown,unknown,nan,0,0.0,0,0.005140903998835711,1,0.000219437999476213,1.634799991734326e-05,0.0001543969992781058,9.840005077421665e-07,4.053999873576686e-06,1.2399686966091394e-07,2.289500116603449e-05,1.0030016710516065e-06,0.0004754229994432535,0.004524577000556747,0.004661910999857355,0,0,0,200.0,0.0,0,0.0,1.0197723584129048,0.021500645261663974,1.7697723584129048,,,,,unknown,unknown,nan,,nan,,1.0,0.0,0.0,nan,nan,0.0,0,,2149412561,F04_M01_05,MDCEB22F,measured,approach,0.5,,0,0,1.0197723584129048,0.021500645261663974,1.7697723584129048,1.4697723584129048,0.0,-9.883812908939582e-05,0.0,0.021772931598556478,0.021773155935031124,1,0,1,0,ad4b715165e84dd399d377549dc111fb1309cda1260e23e9ee621d07fad63984,6ba3dffa4798388fb8057a608cfa40a0e24aeba9257d245b2d5103a1844d1115
4,3.323277354000311,0.15281356500054244,APPROACH,,KFB_TIMING,kfb_timing,0.00043111957663774514,-0.0027093142754482033,0.04638002717929177,1,-28.28571428571429,0,0.3121751287505873,-0.0014441864083808821,0.44986274847766333,0.3124873849251679,-0.0014100144237434529,0.4543364116772241,-0.5720228505226511,0.4430923812292339,0.6234621640070444,-0.4287844417725276,-0.5378220307882463,0.19216624711915753,0.9551157363229854,200.0,13.0,1.2,0.5,0.3,3.0,IDLE,0.08,nan,0,0.05,20.0,0,unknown,unknown,nan,0,0.0,0,0.005090745999041246,1,0.0003234020005038474,1.9409999367780983e-05,0.00020193700038362294,1.2839991541113704e-06,5.836998752783984e-06,1.5499972505494952e-07,3.1628998840460554e-05,1.3570024748332798e-06,0.0006718650001857895,0.0043281349998142106,0.004411744001117768,0,0,0,200.0,0.0,0,0.0,1.0197723584129048,0.021500645261663974,1.7697723584129048,,,,,unknown,unknown,nan,,nan,,1.0,0.0,0.0,nan,nan,0.0,0,,2154626693,F04_M01_05,MDCEB22F,measured,approach,0.5,,0,0,1.0197723584129048,0.021500645261663974,1.7697723584129048,1.4697723584129048,0.0,0.0,0.0,0.011731082003522186,0.011731082003522186,1,0,1,0,ad4b715165e84dd399d377549dc111fb1309cda1260e23e9ee621d07fad63984,6ba3dffa4798388fb8057a608cfa40a0e24aeba9257d245b2d5103a1844d1115
4,3.32845903800262,0.15799524900285178,APPROACH,,KFB_TIMING,kfb_timing,0.00042225045222157864,-0.0027132044225008844,0.04616370471742962,1,-28.28571428571429,0,0.3121814957748557,-0.0014413937245115452,0.4497074535128107,0.312488049149234,-0.0014101228328140545,0.45433634074914975,-0.5480102456532833,0.4404350468674936,0.6014522550924861,-0.4271364088172088,-0.5150850004178292,0.19165239472746048,0.9252259588911133,200.0,13.0,1.2,0.5,0.3,3.0,IDLE,0.08,nan,0,0.05,20.0,0,unknown,unknown,nan,0,0.0,0,0.005181684002309339,1,0.00026092199914273806,2.912700074375607e-05,0.0003634349995991215,1.9840008462779224e-06,6.173999281600118e-06,1.2899909052066505e-07,3.521500184433535e-05,1.2900018191430718e-06,0.000798438999481732,0.004201561000518268,0.004369005000626203,0,0,0,200.0,0.0,0,0.0,1.0197723584129048,0.021500645261663974,1.7697723584129048,,,,,unknown,unknown,nan,,nan,,1.0,0.0,0.0,nan,nan,0.0,0,,2159946820,F04_M01_05,MDCEB22F,measured,approach,0.5,,0,0,1.0197723584129048,0.021500645261663974,1.7697723584129048,1.4697723584129048,0.0,0.0,0.0,0.0007261275462430716,0.0007261275462430716,1,0,1,0,ad4b715165e84dd399d377549dc111fb1309cda1260e23e9ee621d07fad63984,6ba3dffa4798388fb8057a608cfa40a0e24aeba9257d245b2d5103a1844d1115
4,3.3335673510009656,0.16310356200119713,APPROACH,,KFB_TIMING,kfb_timing,0.0004182457856022337,-0.0027041167723662247,0.04594247737096082,1,-28.28571428571429,0,0.31218426711080866,-0.0014476826204272344,0.4495543582973226,0.3124871180500242,-0.0014101334533707975,0.45433630929187324,-0.5499241407777179,0.4407342239277099,0.5892262082815731,-0.42744968553623164,-0.51235690225762,0.19140410764652613,0.9186134885125254,200.0,13.0,1.2,0.5,0.3,3.0,IDLE,0.08,nan,0,0.05,20.0,0,unknown,unknown,nan,0,0.0,0,0.005108312998345355,1,0.00035664000097312964,2.2795000404585153e-05,0.00041878599949995987,3.4909971873275936e-06,6.496000423794612e-06,1.3499811757355928e-07,4.934100070386194e-05,5.155998223926872e-06,0.0009540309984004125,0.004045969001599588,0.004148177999013569,0,0,0,200.0,0.0,0,0.0,1.0197723584129048,0.021500645261663974,1.7697723584129048,,,,,unknown,unknown,nan,,nan,,1.0,0.0,0.0,nan,nan,0.0,0,,2164599498,F04_M01_05,MDCEB22F,measured,approach,0.5,,0,0,1.0197723584129048,0.021500645261663974,1.7697723584129048,1.4697723584129048,0.0,0.0,0.0,0.0,0.0,1,0,1,0,ad4b715165e84dd399d377549dc111fb1309cda1260e23e9ee621d07fad63984,6ba3dffa4798388fb8057a608cfa40a0e24aeba9257d245b2d5103a1844d1115
4,3.3387289150014112,0.16826512600164278,APPROACH,,KFB_TIMING,kfb_timing,0.0004099395569542863,-0.0027078802085507394,0.045713698345605264,1,-28.28571428571429,0,0.3121898846423658,-0.001445137395340621,0.4493996342403499,0.312486647462227,-0.0014108091676376996,0.45433470057993125,-0.5447672225796796,0.4421049989172938,0.5816569376654718,-0.4284760636342665,-0.5063070102497228,0.19121148493631435,0.9113467781252167,200.0,13.0,1.2,0.5,0.3,3.0,IDLE,0.08,nan,0,0.05,20.0,0,unknown,unknown,nan,0,0.0,0,0.005161564000445651,1,0.00018738899962045252,1.630100086913444e-05,0.0001727070011838805,1.2519994925241917e-06,4.680998245021328e-06,1.6100239008665085e-07,2.570600190665573e-05,1.2479977158363909e-06,0.00047241900028893724,0.004527580999711063,0.004685490002884762,0,0,0,200.0,0.0,0,0.0,1.0197723584129048,0.021500645261663974,1.7697723584129048,,,,,unknown,unknown,nan,,nan,,1.0,0.0,0.0,nan,nan,0.0,0,,2169852992,F04_M01_05,MDCEB22F,measured,approach,0.5,,0,0,1.0197723584129048,0.021500645261663974,1.7697723584129048,1.4697723584129048,0.0,0.0,0.0,0.0,0.0,1,0,1,0,ad4b715165e84dd399d377549dc111fb1309cda1260e23e9ee621d07fad63984,6ba3dffa4798388fb8057a608cfa40a0e24aeba9257d245b2d5103a1844d1115
4,3.343788649999624,0.17332486099985545,APPROACH,,KFB_TIMING,kfb_timing,0.0003942584728448273,-0.002718010392516653,0.045485938561581896,1,-28.28571428571429,0,0.3122003004764033,-0.0014384086312946153,0.44924834953999115,0.31248577321151,-0.00141007578159035,0.45433290711870816,-0.5230162180541498,0.444424421742998,0.5792654179481206,-0.4302301620957245,-0.49074476972814174,0.1911619160193652,0.8981132753833866,200.0,13.0,1.2,0.5,0.3,3.0,IDLE,0.08,nan,0,0.05,20.0,0,unknown,unknown,nan,0,0.0,0,0.005059734998212662,1,0.00028332899819361046,1.8940998415928334e-05,0.00015939999866532162,1.7570018826518208e-06,5.005000275559723e-06,1.4699980965815485e-07,3.3524000173201784e-05,1.401000190526247e-06,0.0005716749983548652,0.004428325001645135,0.004486178997467505,0,0,0,200.0,0.0,0,0.0,1.0197723584129048,0.021500645261663974,1.7697723584129048,,,,,unknown,unknown,nan,,nan,,1.0,0.0,0.0,nan,nan,0.0,0,,2174843644,F04_M01_05,MDCEB22F,measured,approach,0.5,,0,0,1.0197723584129048,0.021500645261663974,1.7697723584129048,1.4697723584129048,0.0,0.0,0.0,0.0,0.0,1,0,1,0,ad4b715165e84dd399d377549dc111fb1309cda1260e23e9ee621d07fad63984,6ba3dffa4798388fb8057a608cfa40a0e24aeba9257d245b2d5103a1844d1115
4,3.3489366569992853,0.1784728679995169,APPROACH,,KFB_TIMING,kfb_timing,0.00038809331890998777,-0.002728179839724147,0.04524845409845762,1,-28.28571428571429,0,0.3122043047640328,-0.0014318035420977314,0.4490941026050492,0.3124856522530886,-0.0014104873847589957,0.45432931319615066,-0.498490013332625,0.4451839960894489,0.5835275072762158,-0.4310761451593121,-0.47512640407691137,0.19048217856922545,0.8872347127533532,200.0,13.0,1.2,0.5,0.3,3.0,IDLE,0.08,nan,0,0.05,20.0,0,unknown,unknown,nan,0,0.0,0,0.0051480069996614475,1,0.00022381500093615614,1.4518998796120286e-05,0.0001767939975252375,8.690003596711904e-07,3.706998541019857e-06,1.2499731383286417e-07,2.0251001842552796e-05,8.700008038431406e-07,0.0004895290003332775,0.004510470999666723,0.004648000001907349,0,0,0,200.0,0.0,0,0.0,1.0197723584129048,0.021500645261663974,1.7697723584129048,,,,,unknown,unknown,nan,,nan,,1.0,0.0,0.0,nan,nan,0.0,0,,2180824066,F04_M01_05,MDCEB22F,measured,approach,0.5,,0,0,1.0197723584129048,0.021500645261663974,1.7697723584129048,1.4697723584129048,0.0,0.0,0.0,0.0,0.0,1,0,1,0,ad4b715165e84dd399d377549dc111fb1309cda1260e23e9ee621d07fad63984,6ba3dffa4798388fb8057a608cfa40a0e24aeba9257d245b2d5103a1844d1115
4,3.3539995589999307,0.1835357700001623,APPROACH,,KFB_TIMING,kfb_timing,0.0003888330274816887,-0.0027386244410014977,0.04502588845663545,1,-28.28571428571429,0,0.31220380051714736,-0.0014246836331695217,0.4489423833523709,0.3124856504566921,-0.0014107480515341414,0.4543267361077623,-0.47275423499129493,0.4449034291622538,0.5799781146982997,-0.43138733885309266,-0.45633082821917914,0.18940260445767093,0.8705229701228631,200.0,13.0,1.2,0.5,0.3,3.0,IDLE,0.08,nan,0,0.05,20.0,0,unknown,unknown,nan,0,0.0,0,0.005062902000645408,1,0.00048486800005775876,5.509000038728118e-05,0.0004964240033586975,3.987999662058428e-06,1.6201000107685104e-05,4.030007403343916e-07,9.415900058229454e-05,3.829998604487628e-06,0.0013960370015411172,0.003603962998458883,0.00366458400094416,0,0,0,200.0,0.0,0,0.0,1.0197723584129048,0.021500645261663974,1.7697723584129048,,,,,unknown,unknown,nan,,nan,,1.0,0.0,0.0,nan,nan,0.0,0,,2185106605,F04_M01_05,MDCEB22F,measured,approach,0.5,,0,0,1.0197723584129048,0.021500645261663974,1.7697723584129048,1.4697723584129048,0.0,0.0,0.0,0.0,0.0,1,0,1,0,ad4b715165e84dd399d377549dc111fb1309cda1260e23e9ee621d07fad63984,6ba3dffa4798388fb8057a608cfa40a0e24aeba9257d245b2d5103a1844d1115
4,3.359165370999108,0.1887015819993394,APPROACH,,KFB_TIMING,kfb_timing,0.00039391598092594626,-0.0027294848215510415,0.04478224637755034,1,-28.28571428571429,0,0.3122005703575769,-0.001430491758221587,0.44878755155976263,0.3124850795042328,-0.0014102058834203441,0.45432286356223517,-0.4466585664035986,0.44715114702123077,0.5748686262212306,-0.4332113752685816,-0.4367827302765888,0.1894354574390229,0.854354704228639,200.0,13.0,1.2,0.5,0.3,3.0,IDLE,0.08,nan,0,0.05,20.0,0,unknown,unknown,nan,0,0.0,0,0.0051658119991770945,1,0.0002778210000542458,1.812000118661672e-05,0.00015401500058942474,1.001000782707706e-06,4.564997652778402e-06,1.269982021767646e-07,2.6719000743469223e-05,9.970026439987123e-07,0.0005480110012285877,0.004451988998771412,0.004611338998074643,0,0,0,200.0,0.0,0,0.0,1.0197723584129048,0.021500645261663974,1.7697723584129048,,,,,unknown,unknown,nan,,nan,,1.0,0.0,0.0,nan,nan,0.0,0,,2190725573,F04_M01_05,MDCEB22F,measured,approach,0.5,,0,0,1.0197723584129048,0.021500645261663974,1.7697723584129048,1.4697723584129048,0.0,0.0,0.0,0.0,0.0,1,0,1,0,ad4b715165e84dd399d377549dc111fb1309cda1260e23e9ee621d07fad63984,6ba3dffa4798388fb8057a608cfa40a0e24aeba9257d245b2d5103a1844d1115
4,3.3642529169992486,0.19378912799948012,APPROACH,,KFB_TIMING,kfb_timing,0.00040421511001087485,-0.0027141219914954074,0.04454972504830007,1,-28.28571428571429,0,0.31219383132279477,-0.001440544127236846,0.4486354057508799,0.3124850269941298,-0.0014096152011341566,0.45432289546918403,-0.42567591739686367,0.4480588612927723,0.5769371104746387,-0.4341638376612609,-0.4226064604080094,0.18945999684654669,0.8454662378105129,200.0,13.0,1.2,0.5,0.3,3.0,IDLE,0.08,nan,0,0.05,20.0,0,unknown,unknown,nan,0,0.0,0,0.005087546000140719,1,0.0003655279979284387,2.978500197059475e-05,0.0004544850016827695,2.197000867454335e-06,6.533999112434685e-06,1.269982021767646e-07,3.553100032149814e-05,1.4889992598909885e-06,0.0010100660001626238,0.003989933999837376,0.004075707998708822,0,0,0,200.0,0.0,0,0.0,1.0197723584129048,0.021500645261663974,1.7697723584129048,,,,,unknown,unknown,nan,,nan,,1.0,0.0,0.0,nan,nan,0.0,0,,2195359438,F04_M01_05,MDCEB22F,measured,approach,0.5,,0,0,1.0197723584129048,0.021500645261663974,1.7697723584129048,1.4697723584129048,0.0,0.0,0.0,0.0,0.0,1,0,1,0,ad4b715165e84dd399d377549dc111fb1309cda1260e23e9ee621d07fad63984,6ba3dffa4798388fb8057a608cfa40a0e24aeba9257d245b2d5103a1844d1115
4,3.3694436690020666,0.19897988000229816,APPROACH,,KFB_TIMING,kfb_timing,0.0004138191795806101,-0.0027116939072075056,0.04431711920151511,1,-28.28571428571429,0,0.3121874075124344,-0.00144216818388192,0.44847982421977883,0.3124835098358903,-0.001409346774572033,0.4543198063245178,-0.4099405359772183,0.4480790534294079,0.5732023225445577,-0.43446453380634387,-0.41033355995363596,0.18963758587628324,0.8350969906124428,200.0,13.0,1.2,0.5,0.3,3.0,IDLE,0.08,nan,0,0.05,20.0,0,unknown,unknown,nan,0,0.0,0,0.005190752002818044,1,0.00023714099734206684,1.2436998076736927e-05,0.000207425000553485,9.649993444327265e-07,3.918998118024319e-06,1.1899828677996993e-07,2.0981002307962626e-05,3.535998985171318e-06,0.0005444470007205382,0.004455552999279462,0.004640791998099303,0,0,0,200.0,0.0,0,0.0,1.0197723584129048,0.021500645261663974,1.7697723584129048,,,,,unknown,unknown,nan,,nan,,1.0,0.0,0.0,nan,nan,0.0,0,,2200911618,F04_M01_05,MDCEB22F,measured,approach,0.5,,0,0,1.0197723584129048,0.021500645261663974,1.7697723584129048,1.4697723584129048,0.0,0.0,0.0,0.0,0.0,1,0,1,0,ad4b715165e84dd399d377549dc111fb1309cda1260e23e9ee621d07fad63984,6ba3dffa4798388fb8057a608cfa40a0e24aeba9257d245b2d5103a1844d1115
4,3.3745563039992703,0.20409251499950187,APPROACH,,KFB_TIMING,kfb_timing,0.000412176075442916,-0.002696417812988531,0.04410648975799121,1,-28.28571428571429,0,0.3121886008400867,-0.0014532626636733375,0.4483268516031429,0.31248219254140097,-0.0014110523419683446,0.45431656004956816,-0.3921120241003229,0.44948132368924976,0.5613349915715651,-0.4355222662890295,-0.394502281480668,0.19083936917650257,0.8190740336209794,200.0,13.0,1.2,0.5,0.3,3.0,IDLE,0.08,nan,0,0.05,20.0,0,unknown,unknown,nan,0,0.0,0,0.005112634997203713,1,0.00038210899947443977,2.7272999432170764e-05,0.000370431000192184,3.167999238939956e-06,5.672001861967146e-06,1.3899989426136017e-07,4.405599975143559e-05,1.4990000636316836e-06,0.0009258009995392058,0.004074199000460794,0.004179490999376867,0,0,0,200.0,0.0,0,0.0,1.0197723584129048,0.021500645261663974,1.7697723584129048,,,,,unknown,unknown,nan,,nan,,1.0,0.0,0.0,nan,nan,0.0,0,,2205601718,F04_M01_05,MDCEB22F,measured,approach,0.5,,0,0,1.0197723584129048,0.021500645261663974,1.7697723584129048,1.4697723584129048,0.0,0.0,0.0,0.0,0.0,1,0,1,0,ad4b715165e84dd399d377549dc111fb1309cda1260e23e9ee621d07fad63984,6ba3dffa4798388fb8057a608cfa40a0e24aeba9257d245b2d5103a1844d1115
4,3.379645248001907,0.20918145900213858,APPROACH,,KFB_TIMING,kfb_timing,0.0004064053768139675,-0.002681017135819842,0.04388829749227639,1,-28.28571428571429,0,0.3121926271550822,-0.0014640079791737504,0.44817461513268286,0.31247745725138015,-0.0014102362660191612,0.4543031503911814,-0.38567593565786956,0.44502644548875236,0.568070833405345,-0.4328010531252071,-0.39208823474232396,0.19044904252367845,0.8182291465694496,200.0,13.0,1.2,0.5,0.3,3.0,IDLE,0.08,nan,0,0.05,20.0,0,unknown,unknown,nan,0,0.0,0,0.005088944002636708,1,0.00020691899771918543,1.4503999409498647e-05,0.0001819380013330374,8.690003596711904e-07,3.949997335439548e-06,1.219996192958206e-07,2.0622999727493152e-05,8.33999365568161e-07,0.0004801900031452533,0.004519809996854747,0.004604666999512119,0,0,0,200.0,0.0,0,0.0,1.0197723584129048,0.021500645261663974,1.7697723584129048,,,,,unknown,unknown,nan,,nan,,1.0,0.0,0.0,nan,nan,0.0,0,,2210863402,F04_M01_05,MDCEB22F,measured,approach,0.5,,0,0,1.0197723584129048,0.021500645261663974,1.7697723584129048,1.4697723584129048,0.0,0.0,0.0,0.0,0.0,1,0,1,0,ad4b715165e84dd399d377549dc111fb1309cda1260e23e9ee621d07fad63984,6ba3dffa4798388fb8057a608cfa40a0e24aeba9257d245b2d5103a1844d1115
4,3.3847170600020036,0.21425327100223512,APPROACH,,KFB_TIMING,kfb_timing,0.00040868485192943615,-0.002678696994425366,0.04367267423876387,1,-28.28571428571429,0,0.3121910188284315,-0.0014656449986844636,0.4480224780802584,0.3124712861157042,-0.0014109269627390507,0.45428548889739234,-0.39389386308445523,0.44397692821391854,0.5857411053275882,-0.43211961963237966,-0.4037943471578367,0.19097310839946757,0.8338828038952759,200.0,13.0,1.2,0.5,0.3,3.0,IDLE,0.08,nan,0,0.05,20.0,0,unknown,unknown,nan,0,0.0,0,0.005071812000096543,1,0.00038700600271113217,1.8418999388813972e-05,0.00015037999764899723,1.0830008250195533e-06,5.073001375421882e-06,1.579974195919931e-07,3.164100053254515e-05,1.3659991964232177e-06,0.0006641949985350948,0.004335805001464905,0.004404571998747997,0,0,0,200.0,0.0,0,0.0,1.0197723584129048,0.021500645261663974,1.7697723584129048,,,,,unknown,unknown,nan,,nan,,1.0,0.0,0.0,nan,nan,0.0,0,,2215855191,F04_M01_05,MDCEB22F,measured,approach,0.5,,0,0,1.0197723584129048,0.021500645261663974,1.7697723584129048,1.4697723584129048,0.0,0.0,0.0,0.0,0.0,1,0,1,0,ad4b715165e84dd399d377549dc111fb1309cda1260e23e9ee621d07fad63984,6ba3dffa4798388fb8057a608cfa40a0e24aeba9257d245b2d5103a1844d1115
4,3.389898698002071,0.21943490900230245,APPROACH,,KFB_TIMING,kfb_timing,0.0004067948008636413,-0.002676229705832338,0.04344947963795312,1,-28.28571428571429,0,0.31219233507143074,-0.0014673632333906345,0.44786704400966504,0.3124650750166622,-0.001410208080642853,0.45426708566175367,-0.42357247203091,0.4462497059016957,0.5763636753280361,-0.4333397854938358,-0.4231999008671886,0.19214305388442626,0.8430584352922208,200.0,13.0,1.2,0.5,0.3,3.0,IDLE,0.08,nan,0,0.05,20.0,0,unknown,unknown,nan,0,0.0,0,0.0051816380000673234,1,0.00028844299959018826,1.6639998648315668e-05,0.0001772619980329182,1.1039992386940867e-06,4.780999006470665e-06,1.4299803297035396e-07,2.6355999580118805e-05,1.2540003808680922e-06,0.0005789669994555879,0.004421033000544412,0.004594943002302898,0,0,0,200.0,0.0,0,0.0,1.0197723584129048,0.021500645261663974,1.7697723584129048,,,,,unknown,unknown,nan,,nan,,1.0,0.0,0.0,nan,nan,0.0,0,,2221449897,F04_M01_05,MDCEB22F,measured,approach,0.5,,0,0,1.0197723584129048,0.021500645261663974,1.7697723584129048,1.4697723584129048,0.0,0.0,0.0,0.0,0.0,1,0,1,0,ad4b715165e84dd399d377549dc111fb1309cda1260e23e9ee621d07fad63984,6ba3dffa4798388fb8057a608cfa40a0e24aeba9257d245b2d5103a1844d1115
4,3.3950244629995723,0.22456067399980384,APPROACH,,KFB_TIMING,kfb_timing,0.0004022909581681,-0.002673993413791428,0.04325098959412582,1,-28.28571428571429,0,0.3121958231407938,-0.001469095163718155,0.4477133203812987,0.3124577895437121,-0.00140910448902214,0.45424658310894545,-0.47608703356560644,0.4446632073179217,0.573643892665308,-0.43202386064253484,-0.4599497204410979,0.1916934733159917,0.868015867979248,200.0,13.0,1.2,0.5,0.3,3.0,IDLE,0.08,nan,0,0.05,20.0,0,unknown,unknown,nan,0,0.0,0,0.005125764997501392,1,0.0003924089978681877,3.126800220343284e-05,0.00042357900019851513,2.0029983716085553e-06,6.955000571906567e-06,1.269982021767646e-07,3.896999987773597e-05,1.505002728663385e-06,0.0010045039998658467,0.003995496000134153,0.004118275002838345,0,0,0,200.0,0.0,0,0.0,1.0197723584129048,0.021500645261663974,1.7697723584129048,,,,,unknown,unknown,nan,,nan,,1.0,0.0,0.0,nan,nan,0.0,0,,2226108511,F04_M01_05,MDCEB22F,measured,approach,0.5,,0,0,1.0197723584129048,0.021500645261663974,1.7697723584129048,1.4697723584129048,0.0,0.0,0.0,0.0,0.0,1,0,1,0,ad4b715165e84dd399d377549dc111fb1309cda1260e23e9ee621d07fad63984,6ba3dffa4798388fb8057a608cfa40a0e24aeba9257d245b2d5103a1844d1115
4,3.400111745999311,0.22964795699954266,APPROACH,,KFB_TIMING,kfb_timing,0.00038601530529874806,-0.002671314484980639,0.04302998221989064,1,-28.28571428571429,0,0.31220703125643784,-0.0014709399894928565,0.4475611251834472,0.3124523291270177,-0.0014080997124283024,0.454224806674227,-0.5237358382350024,0.4468460595335825,0.5918540546014299,-0.43320881104853015,-0.49867589462675677,0.19231968914271289,0.9078886777136076,200.0,13.0,1.2,0.5,0.3,3.0,IDLE,0.08,nan,0,0.05,20.0,0,unknown,unknown,nan,0,0.0,0,0.005087282999738818,1,0.00024313299945788458,1.8091999663738534e-05,0.00016221700207097456,1.3400021998677403e-06,4.82500036014244e-06,1.309999788645655e-07,2.6439000066602603e-05,1.1980009730905294e-06,0.0005249620007816702,0.00447503799921833,0.004558583998004906,0,0,0,200.0,0.0,0,0.0,1.0197723584129048,0.021500645261663974,1.7697723584129048,,,,,unknown,unknown,nan,,nan,,1.0,0.0,0.0,nan,nan,0.0,0,,2231637928,F04_M01_05,MDCEB22F,measured,approach,0.5,,0,0,1.0197723584129048,0.021500645261663974,1.7697723584129048,1.4697723584129048,0.0,0.0,0.0,0.0,0.0,1,0,1,0,ad4b715165e84dd399d377549dc111fb1309cda1260e23e9ee621d07fad63984,6ba3dffa4798388fb8057a608cfa40a0e24aeba9257d245b2d5103a1844d1115
4,3.4052152969998133,0.23475150800004485,APPROACH,,KFB_TIMING,kfb_timing,0.0003713720634913875,-0.002662295736132441,0.04281265900124755,1,-28.28571428571429,0,0.3122173154259968,-0.0014772739928224751,0.4474084958094999,0.3124451632011324,-0.0014079607576323368,0.4542044792067873,-0.5513966754296806,0.44783193030877166,0.6198737974126249,-0.43380229757860783,-0.5256739222855961,0.1924304557594103,0.9427805981233031,200.0,13.0,1.2,0.5,0.3,3.0,IDLE,0.08,nan,0,0.05,20.0,0,unknown,unknown,nan,0,0.0,0,0.005103551000502193,1,0.0004537470013019629,1.937100023496896e-05,0.0003828839980997145,1.3079989003017545e-06,5.091998900752515e-06,1.400003384333104e-07,2.7616999432211742e-05,3.373999788891524e-06,0.0009703600007924251,0.004029639999207575,0.0041236850011046045,0,0,0,200.0,0.0,0,0.0,1.0197723584129048,0.021500645261663974,1.7697723584129048,,,,,unknown,unknown,nan,,nan,,1.0,0.0,0.0,nan,nan,0.0,0,,2236446602,F04_M01_05,MDCEB22F,measured,approach,0.5,,0,0,1.0197723584129048,0.021500645261663974,1.7697723584129048,1.4697723584129048,0.0,0.0,0.0,0.00993689870631248,0.00993689870631248,1,0,1,0,ad4b715165e84dd399d377549dc111fb1309cda1260e23e9ee621d07fad63984,6ba3dffa4798388fb8057a608cfa40a0e24aeba9257d245b2d5103a1844d1115
4,3.4103156500023033,0.23985186100253486,APPROACH,,KFB_TIMING,kfb_timing,0.00035608849061607994,-0.0026661059828535453,0.04259532189833142,1,-28.28571428571429,0,0.3122280472840656,-0.0014745985040901177,0.4472558854898703,0.3124366890093428,-0.0014105613623375465,0.45417981403591656,-0.5451692313885318,0.4516700284156332,0.6381932974721121,-0.43635699863393107,-0.5266947861209667,0.19331016878653381,0.9531558059205584,200.0,13.0,1.2,0.5,0.3,3.0,IDLE,0.08,nan,0,0.05,20.0,0,unknown,unknown,nan,0,0.0,0,0.00510035300249001,1,0.0002914930009865202,1.4583998563466594e-05,0.00025078700127778575,1.434000296285376e-06,5.860998498974368e-06,1.4400211512111127e-07,3.354399814270437e-05,1.276999682886526e-06,0.0006791100022383034,0.004320889997761697,0.004413190999912331,0,0,0,200.0,0.0,0,0.0,1.0197723584129048,0.021500645261663974,1.7697723584129048,,,,,unknown,unknown,nan,,nan,,1.0,0.0,0.0,nan,nan,0.0,0,,2241358353,F04_M01_05,MDCEB22F,measured,approach,0.5,,0,0,1.0197723584129048,0.021500645261663974,1.7697723584129048,1.4697723584129048,0.0,0.0,0.0,0.019096648736056043,0.019096648736056043,1,0,1,0,ad4b715165e84dd399d377549dc111fb1309cda1260e23e9ee621d07fad63984,6ba3dffa4798388fb8057a608cfa40a0e24aeba9257d245b2d5103a1844d1115
4,3.415489291000995,0.24502550200122641,APPROACH,,KFB_TIMING,kfb_timing,0.000342191373265327,-0.002682475862664859,0.04235315649882274,1,-28.28571428571429,0,0.31223691944648896,-0.0014641476869262993,0.4471012828695188,0.31242853919015107,-0.0014086609311226165,0.4541574679015699,-0.5237702690488208,0.4569587256062132,0.6351807291743956,-0.4398721819867544,-0.5114028308653902,0.19437202244770935,0.9415949927445693,200.0,13.0,1.2,0.5,0.3,3.0,IDLE,0.08,nan,0,0.05,20.0,0,unknown,unknown,nan,0,0.0,0,0.005173640998691553,1,0.00019004599744221196,1.3207998563302681e-05,0.00019249400065746158,9.71998815657571e-07,4.432000423548743e-06,1.2300006346777081e-07,2.5085999368457124e-05,1.0700023267418146e-06,0.0004822099981538486,0.0045177900018461515,0.004687905999162467,0,0,0,200.0,0.0,0,0.0,1.0197723584129048,0.021500645261663974,1.7697723584129048,,,,,unknown,unknown,nan,,nan,,1.0,0.0,0.0,nan,nan,0.0,0,,2246668076,F04_M01_05,MDCEB22F,measured,approach,0.5,,0,0,1.0197723584129048,0.021500645261663974,1.7697723584129048,1.4697723584129048,0.0,0.0,0.0,0.017590364587197815,0.017590364587197815,1,0,1,0,ad4b715165e84dd399d377549dc111fb1309cda1260e23e9ee621d07fad63984,6ba3dffa4798388fb8057a608cfa40a0e24aeba9257d245b2d5103a1844d1115
4,3.4205994570002076,0.2501356680004392,APPROACH,,KFB_TIMING,kfb_timing,0.00032987014644383916,-0.0026924858520242824,0.0421146561105643,1,-28.28571428571429,0,0.3122448218863322,-0.001457727600688912,0.4469483163672289,0.312420276723447,-0.0014094936596940524,0.4541319843873125,-0.5018095426201625,0.46227635645959664,0.5809914120511728,-0.4433969214719473,-0.4814882263805285,0.1952985489572006,0.8961379735751813,200.0,13.0,1.2,0.5,0.3,3.0,IDLE,0.08,nan,0,0.05,20.0,0,unknown,unknown,nan,0,0.0,0,0.005110165999212768,1,0.0003358729991305154,2.2404001356335357e-05,0.00014053099948796444,1.2700002116616815e-06,5.799000064143911e-06,1.5999830793589354e-07,3.0629002139903605e-05,1.4430006558541209e-06,0.0006238509995455388,0.004376149000454461,0.004475458001252264,0,0,0,200.0,0.0,0,0.0,1.0197723584129048,0.021500645261663974,1.7697723584129048,,,,,unknown,unknown,nan,,nan,,1.0,0.0,0.0,nan,nan,0.0,0,,2252006296,F04_M01_05,MDCEB22F,measured,approach,0.5,,0,0,1.0197723584129048,0.021500645261663974,1.7697723584129048,1.4697723584129048,0.0,0.0,0.0,0.0,0.0,1,0,1,0,ad4b715165e84dd399d377549dc111fb1309cda1260e23e9ee621d07fad63984,6ba3dffa4798388fb8057a608cfa40a0e24aeba9257d245b2d5103a1844d1115
4,3.4256635019992245,0.2551997129994561,APPROACH,,KFB_TIMING,kfb_timing,0.0003216830152713568,-0.002715278929677475,0.04187118574507951,1,-28.28571428571429,0,0.3122499054274734,-0.001443574957284991,0.44679714111505114,0.31240716931496076,-0.0014075020671884767,0.4540993921875529,-0.49776428222977315,0.4647080672981746,0.53520082160222,-0.44528586885906934,-0.46638797966321904,0.19521088356771893,0.866119384334179,200.0,13.0,1.2,0.5,0.3,3.0,IDLE,0.08,nan,0,0.05,20.0,0,unknown,unknown,nan,0,0.0,0,0.0050640449990169145,1,0.00024135499916155823,1.9750001229112968e-05,0.00044711100053973496,1.8760001694317907e-06,7.930000720079988e-06,1.5800105757080019e-07,4.003000140073709e-05,1.4709985407534987e-06,0.000860362000821624,0.004139637999178376,0.004199597999104299,0,0,0,200.0,0.0,0,0.0,1.0197723584129048,0.021500645261663974,1.7697723584129048,,,,,unknown,unknown,nan,,nan,,1.0,0.0,0.0,nan,nan,0.0,0,,2256864307,F04_M01_05,MDCEB22F,measured,approach,0.5,,0,0,1.0197723584129048,0.021500645261663974,1.7697723584129048,1.4697723584129048,0.0,0.0,0.0,0.0,0.0,1,0,1,0,ad4b715165e84dd399d377549dc111fb1309cda1260e23e9ee621d07fad63984,6ba3dffa4798388fb8057a608cfa40a0e24aeba9257d245b2d5103a1844d1115
4,3.430789744001231,0.2603259550014627,APPROACH,,KFB_TIMING,kfb_timing,0.00031439728894913643,-0.0027190693295372774,0.04164375697461918,1,-28.28571428571429,0,0.3122548288241665,-0.0014410135596548742,0.4466434540278772,0.3123960119561695,-0.0014065997189401562,0.45406852883665483,-0.5047626683871531,0.46609153248067303,0.5166935048390506,-0.44660961120990655,-0.4666851898996023,0.1950368172260657,0.8596504208050871,200.0,13.0,1.2,0.5,0.3,3.0,IDLE,0.08,nan,0,0.05,20.0,0,unknown,unknown,nan,0,0.0,0,0.00512624200200662,1,0.00035908599966205657,2.3967000743141398e-05,0.0001522940001450479,1.7089987522922456e-06,5.202000465942547e-06,1.2099917512387037e-07,2.8519996703835204e-05,1.2170021363999695e-06,0.0006435040013457183,0.004356495998654282,0.004478760998608777,0,0,0,200.0,0.0,0,0.0,1.0197723584129048,0.021500645261663974,1.7697723584129048,,,,,unknown,unknown,nan,,nan,,1.0,0.0,0.0,nan,nan,0.0,0,,2262182679,F04_M01_05,MDCEB22F,measured,approach,0.5,,0,0,1.0197723584129048,0.021500645261663974,1.7697723584129048,1.4697723584129048,0.0,0.0,0.0,0.0,0.0,1,0,1,0,ad4b715165e84dd399d377549dc111fb1309cda1260e23e9ee621d07fad63984,6ba3dffa4798388fb8057a608cfa40a0e24aeba9257d245b2d5103a1844d1115
4,3.4358501240021724,0.26538633500240394,APPROACH,,KFB_TIMING,kfb_timing,0.0003131072457486783,-0.002742085179544337,0.04141509333453482,1,-28.28571428571429,0,0.3122556809736741,-0.0014258102352665528,0.4464924082270508,0.3123844582134687,-0.0014052535472255014,0.4540343644939295,-0.5160946832331066,0.46986348796226374,0.5293410854816072,-0.4495223577539494,-0.47886701736382375,0.1959115611657835,0.8759722622094783,200.0,13.0,1.2,0.5,0.3,3.0,IDLE,0.08,nan,0,0.05,20.0,0,unknown,unknown,nan,0,0.0,0,0.0050603800009412225,1,0.0003027300008398015,2.2057000023778528e-05,0.00039890100015327334,1.6829981177579612e-06,4.976001946488395e-06,1.4099714462645352e-07,4.436900053406134e-05,1.3309982023201883e-06,0.0008517419992131181,0.004148258000786882,0.004206049001368228,0,0,0,200.0,0.0,0,0.0,1.0197723584129048,0.021500645261663974,1.7697723584129048,,,,,unknown,unknown,nan,,nan,,1.0,0.0,0.0,nan,nan,0.0,0,,2266858877,F04_M01_05,MDCEB22F,measured,approach,0.5,,0,0,1.0197723584129048,0.021500645261663974,1.7697723584129048,1.4697723584129048,0.0,0.0,0.0,0.0,0.0,1,0,1,0,ad4b715165e84dd399d377549dc111fb1309cda1260e23e9ee621d07fad63984,6ba3dffa4798388fb8057a608cfa40a0e24aeba9257d245b2d5103a1844d1115
4,3.440962574000878,0.27049878500110935,APPROACH,,KFB_TIMING,kfb_timing,0.0003173669205563112,-0.0027522290476433295,0.04116891881499487,1,-28.28571428571429,0,0.3122530297254581,-0.0014194966283798082,0.44633918766791686,0.31237277567393623,-0.001404733006394869,0.45400142605451754,-0.5232297848186727,0.470300427621393,0.5455062913449868,-0.45016738365830666,-0.48928303974548326,0.19614191502411954,0.8902409863847099,200.0,13.0,1.2,0.5,0.3,3.0,IDLE,0.08,nan,0,0.05,20.0,0,unknown,unknown,nan,0,0.0,0,0.005112449998705415,1,0.0001623009993636515,1.631700069992803e-05,0.00017539100008434616,9.760005923453718e-07,4.612000338966027e-06,1.4800025383010507e-07,2.609999864944257e-05,3.221000952180475e-06,0.000451304000307573,0.004548695999692427,0.004657576999306912,0,0,0,200.0,0.0,0,0.0,1.0197723584129048,0.021500645261663974,1.7697723584129048,,,,,unknown,unknown,nan,,nan,,1.0,0.0,0.0,nan,nan,0.0,0,,2272466467,F04_M01_05,MDCEB22F,measured,approach,0.5,,0,0,1.0197723584129048,0.021500645261663974,1.7697723584129048,1.4697723584129048,0.0,0.0,0.0,0.0,0.0,1,0,1,0,ad4b715165e84dd399d377549dc111fb1309cda1260e23e9ee621d07fad63984,6ba3dffa4798388fb8057a608cfa40a0e24aeba9257d245b2d5103a1844d1115
4,3.446071913000196,0.2756081240004278,APPROACH,,KFB_TIMING,kfb_timing,0.00030938716023734547,-0.002768567704770663,0.04092886752041688,1,-28.28571428571429,0,0.3122581104941068,-0.0014090936922543681,0.44618634534649093,0.31236533381475534,-0.0014050004340857422,0.45398065299073165,-0.5275244737801128,0.47205752114572835,0.5428786375627378,-0.45147570962416483,-0.4922037326698967,0.19694271027049753,0.8920972978488441,200.0,13.0,1.2,0.5,0.3,3.0,IDLE,0.08,nan,0,0.05,20.0,0,unknown,unknown,nan,0,0.0,0,0.005109338999318425,1,0.000370810001186328,1.935800173669122e-05,0.000434223999036476,1.467997208237648e-06,5.860001692781225e-06,1.320004230365157e-07,3.1798001145944e-05,1.4020006346981972e-06,0.0009500960004515946,0.0040499039995484055,0.004153302001213888,0,0,0,200.0,0.0,0,0.0,1.0197723584129048,0.021500645261663974,1.7697723584129048,,,,,unknown,unknown,nan,,nan,,1.0,0.0,0.0,nan,nan,0.0,0,,2277102912,F04_M01_05,MDCEB22F,measured,approach,0.5,,0,0,1.0197723584129048,0.021500645261663974,1.7697723584129048,1.4697723584129048,0.0,0.0,0.0,0.0,0.0,1,0,1,0,ad4b715165e84dd399d377549dc111fb1309cda1260e23e9ee621d07fad63984,6ba3dffa4798388fb8057a608cfa40a0e24aeba9257d245b2d5103a1844d1115
4,3.4512489030021243,0.28078511400235584,APPROACH,,KFB_TIMING,kfb_timing,0.0003057463302450214,-0.0027849029574307477,0.040683767221502236,1,-28.28571428571429,0,0.31226041217463046,-0.0013987667797161123,0.446031396451444,0.31234757076374653,-0.0014021470566279934,0.45393366522016465,-0.5165039818273864,0.47383000056874325,0.4799887834898577,-0.45252698072494235,-0.4681571591155916,0.19827783102341529,0.8495177837800654,200.0,13.0,1.2,0.5,0.3,3.0,IDLE,0.08,nan,0,0.05,20.0,0,unknown,unknown,nan,0,0.0,0,0.005176990001928061,1,0.000199838999833446,1.3781002053292468e-05,0.00017202999879373237,9.310024324804544e-07,4.068999260198325e-06,1.1699739843606949e-07,2.4080996809061617e-05,9.509967640042305e-07,0.00046938800005591474,0.004530611999944085,0.004697336997196544,0,0,0,200.0,0.0,0,0.0,1.0197723584129048,0.021500645261663974,1.7697723584129048,,,,,unknown,unknown,nan,,nan,,1.0,0.0,0.0,nan,nan,0.0,0,,2282981428,F04_M01_05,MDCEB22F,measured,approach,0.5,,0,0,1.0197723584129048,0.021500645261663974,1.7697723584129048,1.4697723584129048,0.0,0.0,0.0,0.0,0.0,1,0,1,0,ad4b715165e84dd399d377549dc111fb1309cda1260e23e9ee621d07fad63984,6ba3dffa4798388fb8057a608cfa40a0e24aeba9257d245b2d5103a1844d1115
4,3.4563644230001955,0.2859006340004271,APPROACH,,KFB_TIMING,kfb_timing,0.0003013551156420269,-0.002813902689094631,0.0404386185652514,1,-28.28571428571429,0,0.3122631416544178,-0.0013807412016991784,0.44587901758531473,0.3123341188898287,-0.0014037862983899444,0.4538979608343463,-0.5029496360372392,0.47354316967271654,0.43462029003608016,-0.45232429951763853,-0.4478912452526271,0.1989605736474065,0.8161472088077745,200.0,13.0,1.2,0.5,0.3,3.0,IDLE,0.08,nan,0,0.05,20.0,0,unknown,unknown,nan,0,0.0,0,0.00511551999807125,1,0.0004875859995081555,7.32850021449849e-05,0.0003193640004610643,3.54500298271887e-06,1.5280998923117295e-05,3.839995770249516e-07,8.441300087724812e-05,3.897999704349786e-06,0.0012321159993007313,0.0037678840006992688,0.0038727030005247798,0,0,0,200.0,0.0,0,0.0,1.0197723584129048,0.021500645261663974,1.7697723584129048,,,,,unknown,unknown,nan,,nan,,1.0,0.0,0.0,nan,nan,0.0,0,,2287924454,F04_M01_05,MDCEB22F,measured,approach,0.5,,0,0,1.0197723584129048,0.021500645261663974,1.7697723584129048,1.4697723584129048,0.0,0.0,0.0,0.0,0.0,1,0,1,0,ad4b715165e84dd399d377549dc111fb1309cda1260e23e9ee621d07fad63984,6ba3dffa4798388fb8057a608cfa40a0e24aeba9257d245b2d5103a1844d1115
4,3.4614855780018843,0.29102178900211584,APPROACH,,KFB_TIMING,kfb_timing,0.00028687758323997503,-0.0028427695240646907,0.040203382082743724,1,-28.28571428571429,0,0.31227250917525606,-0.0013620632481220606,0.4457268105247042,0.3123222324644998,-0.0014017709462609673,0.45386129523177476,-0.5164311082488381,0.47506780949959826,0.4429476978885398,-0.4534934829002466,-0.461353289497912,0.19971007297491694,0.8298151458334723,200.0,13.0,1.2,0.5,0.3,3.0,IDLE,0.08,nan,0,0.05,20.0,0,unknown,unknown,nan,0,0.0,0,0.005121155001688749,1,0.00044408199755707756,3.9544996980112046e-05,0.0002361980004934594,2.630000381032005e-06,1.2008000339847058e-05,3.589993866626173e-07,6.98790026945062e-05,2.9039983928669244e-06,0.001044983000610955,0.003955016999389045,0.004072160001669545,0,0,0,200.0,0.0,0,0.0,1.0197723584129048,0.021500645261663974,1.7697723584129048,,,,,unknown,unknown,nan,,nan,,1.0,0.0,0.0,nan,nan,0.0,0,,2292611988,F04_M01_05,MDCEB22F,measured,approach,0.5,,0,0,1.0197723584129048,0.021500645261663974,1.7697723584129048,1.4697723584129048,0.0,0.0,0.0,0.0,0.0,1,0,1,0,ad4b715165e84dd399d377549dc111fb1309cda1260e23e9ee621d07fad63984,6ba3dffa4798388fb8057a608cfa40a0e24aeba9257d245b2d5103a1844d1115
4,3.466596836999088,0.2961330479993194,APPROACH,,KFB_TIMING,kfb_timing,0.0002998878968119012,-0.0028719104900433194,0.03995053707866017,1,-28.28571428571429,0,0.31226468118149386,-0.0013445298275289086,0.44557467974754583,0.3123082460182973,-0.0014015974019077528,0.45382269644819934,-0.5329901051961213,0.4744781352330079,0.45717865282377285,-0.4534513989459972,-0.47879133951888636,0.19931669781388656,0.8474787747483267,200.0,13.0,1.2,0.5,0.3,3.0,IDLE,0.08,nan,0,0.05,20.0,0,unknown,unknown,nan,0,0.0,0,0.005111258997203549,1,0.0003323700002511032,2.009599847951904e-05,0.00011132000145153143,1.1440024536568671e-06,4.898000042885542e-06,1.359985617455095e-07,2.7776000933954492e-05,1.2849995982833207e-06,0.0005686199983756524,0.004431380001624348,0.004535463001957396,0,0,0,200.0,0.0,0,0.0,1.0197723584129048,0.021500645261663974,1.7697723584129048,,,,,unknown,unknown,nan,,nan,,1.0,0.0,0.0,nan,nan,0.0,0,,2297643024,F04_M01_05,MDCEB22F,measured,approach,0.5,,0,0,1.0197723584129048,0.021500645261663974,1.7697723584129048,1.4697723584129048,0.0,0.0,0.0,0.0,0.0,1,0,1,0,ad4b715165e84dd399d377549dc111fb1309cda1260e23e9ee621d07fad63984,6ba3dffa4798388fb8057a608cfa40a0e24aeba9257d245b2d5103a1844d1115
4,3.471674108001025,0.3012103190012567,APPROACH,,KFB_TIMING,kfb_timing,0.000311242911197801,-0.0028944545751862652,0.039681341977220855,1,-28.28571428571429,0,0.3122582842578163,-0.0013318294656325105,0.44542302687774254,0.31228965166374245,-0.001400517059716863,0.4537705479658394,-0.5325473840859102,0.47255193058890854,0.4568040322580871,-0.4525084982128958,-0.4810158076043054,0.1982791998608653,0.8459207807397203,200.0,13.0,1.2,0.5,0.3,3.0,IDLE,0.08,nan,0,0.05,20.0,0,unknown,unknown,nan,0,0.0,0,0.0050772710019373335,1,0.00017498200031695887,1.3786997442366555e-05,0.0001877959984994959,1.2089985830243677e-06,5.818998033646494e-06,1.2800228432752192e-07,3.069400190724991e-05,1.3159988156985492e-06,0.0004911579999316018,0.004508842000068398,0.004577500996674644,0,0,0,200.0,0.0,0,0.0,1.0197723584129048,0.021500645261663974,1.7697723584129048,,,,,unknown,unknown,nan,,nan,,1.0,0.0,0.0,nan,nan,0.0,0,,2302865991,F04_M01_05,MDCEB22F,measured,approach,0.5,,0,0,1.0197723584129048,0.021500645261663974,1.7697723584129048,1.4697723584129048,0.0,0.0,0.0,0.0,0.0,1,0,1,0,ad4b715165e84dd399d377549dc111fb1309cda1260e23e9ee621d07fad63984,6ba3dffa4798388fb8057a608cfa40a0e24aeba9257d245b2d5103a1844d1115
4,3.476837707999948,0.30637391900017974,APPROACH,,KFB_TIMING,kfb_timing,0.0003155395799189775,-0.0029298215814147913,0.03944201784830582,1,-28.28571428571429,0,0.3122555334540784,-0.0013091868791906206,0.4452698073136784,0.3122741750216809,-0.0013999448940089088,0.45372668999650967,-0.5211277172815986,0.4753541442888633,0.47835432139213263,-0.4546419063207787,-0.4820804954033471,0.1985614897989851,0.8522666935920087,200.0,13.0,1.2,0.5,0.3,3.0,IDLE,0.08,nan,0,0.05,20.0,0,unknown,unknown,nan,0,0.0,0,0.005163599998923019,1,0.00036068999907001853,3.182699947501533e-05,0.00012382000204524957,1.9939980120398104e-06,5.054000212112442e-06,1.3499811757355928e-07,3.059799928450957e-05,4.089000867679715e-06,0.0006397010001819581,0.004360298999818042,0.004519374997471459,0,0,0,200.0,0.0,0,0.0,1.0197723584129048,0.021500645261663974,1.7697723584129048,,,,,unknown,unknown,nan,,nan,,1.0,0.0,0.0,nan,nan,0.0,0,,2308196193,F04_M01_05,MDCEB22F,measured,approach,0.5,,0,0,1.0197723584129048,0.021500645261663974,1.7697723584129048,1.4697723584129048,0.0,0.0,0.0,0.0,0.0,1,0,1,0,ad4b715165e84dd399d377549dc111fb1309cda1260e23e9ee621d07fad63984,6ba3dffa4798388fb8057a608cfa40a0e24aeba9257d245b2d5103a1844d1115
4,3.48189807900053,0.3114342900007614,APPROACH,,KFB_TIMING,kfb_timing,0.00032620851394601913,-0.002964769063212953,0.03916011562334524,1,-28.28571428571429,0,0.3122498356414069,-0.001290522952305155,0.4451192556216881,0.312258182089501,-0.001399338281072737,0.4536846757992691,-0.5012391514690504,0.47717695204793376,0.5106100298015379,-0.45616818282506966,-0.4803999204610248,0.19845630411897283,0.86003554174528,200.0,13.0,1.2,0.5,0.3,3.0,IDLE,0.08,nan,0,0.05,20.0,0,unknown,unknown,nan,0,0.0,0,0.005060371000581654,1,0.0002573549973021727,2.082599894492887e-05,0.000397312000131933,1.5879995771683753e-06,5.366000550566241e-06,1.3699900591745973e-07,4.056499892612919e-05,1.3639983080793172e-06,0.000803352002549218,0.004196647997450782,0.004254935000062687,0,0,0,200.0,0.0,0,0.0,1.0197723584129048,0.021500645261663974,1.7697723584129048,,,,,unknown,unknown,nan,,nan,,1.0,0.0,0.0,nan,nan,0.0,0,,2313106175,F04_M01_05,MDCEB22F,measured,approach,0.5,,0,0,1.0197723584129048,0.021500645261663974,1.7697723584129048,1.4697723584129048,0.0,0.0,0.0,0.0,0.0,1,0,1,0,ad4b715165e84dd399d377549dc111fb1309cda1260e23e9ee621d07fad63984,6ba3dffa4798388fb8057a608cfa40a0e24aeba9257d245b2d5103a1844d1115
4,3.486961874001281,0.31649808500151266,APPROACH,,KFB_TIMING,kfb_timing,0.00034343451434218353,-0.002980818415749222,0.03887668379510785,1,-28.28571428571429,0,0.31224063453624207,-0.0012819503424643377,0.4449678631917157,0.3122427750846917,-0.0013998972633643744,0.4536395424457442,-0.48207344100572985,0.47936757780556416,0.5098815711305097,-0.4576801385139857,-0.4697919809023649,0.19841441584737854,0.8498042679069078,200.0,13.0,1.2,0.5,0.3,3.0,IDLE,0.08,nan,0,0.05,20.0,0,unknown,unknown,nan,0,0.0,0,0.00506379500075127,1,0.0003807440007221885,1.3585999113274738e-05,0.00016945999959716573,9.38998709898442e-07,3.961002221331e-06,1.309999788645655e-07,2.28729986702092e-05,9.249997674487531e-07,0.0006451789995480794,0.004354821000451921,0.004414931001520017,0,0,0,200.0,0.0,0,0.0,1.0197723584129048,0.021500645261663974,1.7697723584129048,,,,,unknown,unknown,nan,,nan,,1.0,0.0,0.0,nan,nan,0.0,0,,2318119070,F04_M01_05,MDCEB22F,measured,approach,0.5,,0,0,1.0197723584129048,0.021500645261663974,1.7697723584129048,1.4697723584129048,0.0,0.0,0.0,0.0,0.0,1,0,1,0,ad4b715165e84dd399d377549dc111fb1309cda1260e23e9ee621d07fad63984,6ba3dffa4798388fb8057a608cfa40a0e24aeba9257d245b2d5103a1844d1115
4,3.492050052002014,0.3215862630022457,APPROACH,,KFB_TIMING,kfb_timing,0.00035691915826430165,-0.0030158019347269953,0.03860191044974138,1,-28.28571428571429,0,0.31223321216428995,-0.0012626943137885678,0.444816619303956,0.3122268347554671,-0.0013976903374397697,0.45359734292932924,-0.4589682298234842,0.47554475494726356,0.48635090435061734,-0.45511844879363794,-0.4503216784134084,0.19658698235719568,0.8205680057788135,200.0,13.0,1.2,0.5,0.3,3.0,IDLE,0.08,nan,0,0.05,20.0,0,unknown,unknown,nan,0,0.0,0,0.0050881780007330235,1,0.00030476299798465334,2.176500129280612e-05,0.00015488200006075203,1.2109994713682681e-06,5.424000846687704e-06,1.4600300346501172e-07,2.879599924199283e-05,1.2999989849049598e-06,0.0006003829985274933,0.004399617001472507,0.0044856909989903215,0,0,0,200.0,0.0,0,0.0,1.0197723584129048,0.021500645261663974,1.7697723584129048,,,,,unknown,unknown,nan,,nan,,1.0,0.0,0.0,nan,nan,0.0,0,,2323107056,F04_M01_05,MDCEB22F,measured,approach,0.5,,0,0,1.0197723584129048,0.021500645261663974,1.7697723584129048,1.4697723584129048,0.0,0.0,0.0,0.0,0.0,1,0,1,0,ad4b715165e84dd399d377549dc111fb1309cda1260e23e9ee621d07fad63984,6ba3dffa4798388fb8057a608cfa40a0e24aeba9257d245b2d5103a1844d1115
4,3.4972057180020784,0.3267419290023099,APPROACH,,KFB_TIMING,kfb_timing,0.00037260211014789046,-0.0030443628627661776,0.038318177886012696,1,-28.28571428571429,0,0.31222471880183456,-0.0012472266699610902,0.4446629592326869,0.31221160362028744,-0.0013949798705091597,0.45355194367803386,-0.4382675428799855,0.471824923736272,0.4506140733811251,-0.4524154911218608,-0.42928152208654297,0.19502848313023585,0.7859708906377696,200.0,13.0,1.2,0.5,0.3,3.0,IDLE,0.08,nan,0,0.05,20.0,0,unknown,unknown,nan,0,0.0,0,0.00515566600006423,1,0.00022739700216334313,1.568699735798873e-05,0.00016676000086590648,1.1040028766728938e-06,4.216002707835287e-06,1.3899989426136017e-07,2.367700290051289e-05,1.0360017768107355e-06,0.0004950629991071764,0.004504937000892824,0.004656762001104653,0,0,0,200.0,0.0,0,0.0,1.0197723584129048,0.021500645261663974,1.7697723584129048,,,,,unknown,unknown,nan,,nan,,1.0,0.0,0.0,nan,nan,0.0,0,,2328732316,F04_M01_05,MDCEB22F,measured,approach,0.5,,0,0,1.0197723584129048,0.021500645261663974,1.7697723584129048,1.4697723584129048,0.0,0.0,0.0,0.0,0.0,1,0,1,0,ad4b715165e84dd399d377549dc111fb1309cda1260e23e9ee621d07fad63984,6ba3dffa4798388fb8057a608cfa40a0e24aeba9257d245b2d5103a1844d1115
4,3.50231771000108,0.3318539210013114,APPROACH,,KFB_TIMING,kfb_timing,0.0004009145455267926,-0.0030606526933389176,0.038044036496111495,1,-28.28571428571429,0,0.3122089915485186,-0.0012381778442962382,0.4445106766393438,0.3121939428242579,-0.001394468618415138,0.4535042839246439,-0.4268903295380505,0.4663950707467587,0.4328566264166369,-0.44850407441315154,-0.4198385109577234,0.1932708035520294,0.7662405461098828,200.0,13.0,1.2,0.5,0.3,3.0,IDLE,0.08,nan,0,0.05,20.0,0,unknown,unknown,nan,0,0.0,0,0.005111991999001475,1,0.0003559060023690108,1.9301998690934852e-05,0.0004556079984467942,1.3079989003017545e-06,5.841000529471785e-06,1.5100158634595573e-07,3.1158997444435954e-05,1.2810014595743269e-06,0.0009719429981487337,0.004028057001851266,0.0041335239984618966,0,0,0,200.0,0.0,0,0.0,1.0197723584129048,0.021500645261663974,1.7697723584129048,,,,,unknown,unknown,nan,,nan,,1.0,0.0,0.0,nan,nan,0.0,0,,2333360759,F04_M01_05,MDCEB22F,measured,approach,0.5,,0,0,1.0197723584129048,0.021500645261663974,1.7697723584129048,1.4697723584129048,0.0,0.0,0.0,0.0,0.0,1,0,1,0,ad4b715165e84dd399d377549dc111fb1309cda1260e23e9ee621d07fad63984,6ba3dffa4798388fb8057a608cfa40a0e24aeba9257d245b2d5103a1844d1115
4,3.5075173969999014,0.33705360800013295,APPROACH,,KFB_TIMING,kfb_timing,0.000445253857913136,-0.0030832670267423143,0.037745645152411196,1,-28.28571428571429,0,0.3121861280967459,-0.0012265168217563392,0.4443568119145902,0.3121770663673749,-0.001392358216008787,0.4534585469212514,-0.4177984467474553,0.46397128221150646,0.4317040070780085,-0.44659901864003637,-0.4168376589553081,0.19284586253105374,0.7590739374716964,200.0,13.0,1.2,0.5,0.3,3.0,IDLE,0.08,nan,0,0.05,20.0,0,unknown,unknown,nan,0,0.0,0,0.005199686998821562,1,0.00020491200120886788,1.3752996892435476e-05,0.00018261399964103475,9.260002116207033e-07,3.994999133283272e-06,1.3300086720846593e-07,2.8293998184381053e-05,8.610004442743957e-07,0.0004854949984292034,0.004514505001570797,0.004706750001787441,0,0,0,200.0,0.0,0,0.0,1.0197723584129048,0.021500645261663974,1.7697723584129048,,,,,unknown,unknown,nan,,nan,,1.0,0.0,0.0,nan,nan,0.0,0,,2338887483,F04_M01_05,MDCEB22F,measured,approach,0.5,,0,0,1.0197723584129048,0.021500645261663974,1.7697723584129048,1.4697723584129048,0.0,0.0,0.0,0.0,0.0,1,0,1,0,ad4b715165e84dd399d377549dc111fb1309cda1260e23e9ee621d07fad63984,6ba3dffa4798388fb8057a608cfa40a0e24aeba9257d245b2d5103a1844d1115
4,3.5126486770022893,0.3421848880025209,APPROACH,,KFB_TIMING,kfb_timing,0.0004864326075187664,-0.0030996015854430877,0.037455757223620254,1,-28.28571428571429,0,0.3121645120055552,-0.0012179422702262926,0.4442046401278349,0.31215726983716274,-0.0013914444165223257,0.4534030089150655,-0.41019689229032147,0.4586818276572552,0.4212339937351245,-0.4428534133474971,-0.4122339016783187,0.19171948095520977,0.7457134750999745,200.0,13.0,1.2,0.5,0.3,3.0,IDLE,0.08,nan,0,0.05,20.0,0,unknown,unknown,nan,0,0.0,0,0.005131280002387939,1,0.0003406879986869171,3.0092000088188797e-05,0.0003047909995075315,2.0329971448518336e-06,6.592999852728099e-06,1.3499811757355928e-07,3.785800072364509e-05,4.375997377792373e-06,0.0008249980019172654,0.004175001998082735,0.004303787998651387,0,0,0,200.0,0.0,0,0.0,1.0197723584129048,0.021500645261663974,1.7697723584129048,,,,,unknown,unknown,nan,,nan,,1.0,0.0,0.0,nan,nan,0.0,0,,2344173858,F04_M01_05,MDCEB22F,measured,approach,0.5,,0,0,1.0197723584129048,0.021500645261663974,1.7697723584129048,1.4697723584129048,0.0,0.0,0.0,0.0,0.0,1,0,1,0,ad4b715165e84dd399d377549dc111fb1309cda1260e23e9ee621d07fad63984,6ba3dffa4798388fb8057a608cfa40a0e24aeba9257d245b2d5103a1844d1115
4,3.5177312859996164,0.34726749699984794,APPROACH,,KFB_TIMING,kfb_timing,0.0005331071080668381,-0.0031224489379213477,0.03717676575815297,1,-28.28571428571429,0,0.3121394341388574,-0.0012056665553687568,0.4440547400603754,0.31214043298111865,-0.0013916279058977061,0.4533556512341025,-0.40212309310827327,0.4553007496873537,0.39837944126969044,-0.44043746053843164,-0.40343823011090335,0.19092202215391718,0.7264350858150933,200.0,13.0,1.2,0.5,0.3,3.0,IDLE,0.08,nan,0,0.05,20.0,0,unknown,unknown,nan,0,0.0,0,0.005082608997327043,1,0.00045469299948308617,2.015000063693151e-05,0.0003868790008709766,1.2800010154023767e-06,4.851000994676724e-06,1.4299803297035396e-07,3.424199894652702e-05,1.2890013749711215e-06,0.0009739849992911331,0.004026015000708867,0.0041068329992413055,0,0,0,200.0,0.0,0,0.0,1.0197723584129048,0.021500645261663974,1.7697723584129048,,,,,unknown,unknown,nan,,nan,,1.0,0.0,0.0,nan,nan,0.0,0,,2348855790,F04_M01_05,MDCEB22F,measured,approach,0.5,,0,0,1.0197723584129048,0.021500645261663974,1.7697723584129048,1.4697723584129048,0.0,0.0,0.0,0.0,0.0,1,0,1,0,ad4b715165e84dd399d377549dc111fb1309cda1260e23e9ee621d07fad63984,6ba3dffa4798388fb8057a608cfa40a0e24aeba9257d245b2d5103a1844d1115
4,3.5228449780006486,0.3523811890008801,APPROACH,,KFB_TIMING,kfb_timing,0.0005791816300912689,-0.0031452583773440798,0.03689749825241553,1,-28.28571428571429,0,0.3121145421854048,-0.0011933436602101196,0.4439038646210173,0.3121241414528602,-0.0013916410142868017,0.4533101924535404,-0.3905736872228217,0.45383341392580956,0.3713529345854008,-0.4392285530776458,-0.3908152800618109,0.19049401975444372,0.7045676509545231,200.0,13.0,1.2,0.5,0.3,3.0,IDLE,0.08,nan,0,0.05,20.0,0,unknown,unknown,nan,0,0.0,0,0.005113692001032177,1,0.0002621849998831749,1.3155000488040969e-05,0.00020615199900930747,8.8600063463673e-07,3.812001523328945e-06,1.320004230365157e-07,2.1894000383326784e-05,9.370014595333487e-07,0.0005606129998341203,0.00443938700016588,0.0045495570011553355,0,0,0,200.0,0.0,0,0.0,1.0197723584129048,0.021500645261663974,1.7697723584129048,,,,,unknown,unknown,nan,,nan,,1.0,0.0,0.0,nan,nan,0.0,0,,2353870944,F04_M01_05,MDCEB22F,measured,approach,0.5,,0,0,1.0197723584129048,0.021500645261663974,1.7697723584129048,1.4697723584129048,0.0,0.0,0.0,0.0,0.0,1,0,1,0,ad4b715165e84dd399d377549dc111fb1309cda1260e23e9ee621d07fad63984,6ba3dffa4798388fb8057a608cfa40a0e24aeba9257d245b2d5103a1844d1115
4,3.5279052070000034,0.357441418000235,APPROACH,,KFB_TIMING,kfb_timing,0.0006207148676928564,-0.00315530805003819,0.03661048855636397,1,-28.28571428571429,0,0.31209281368806624,-0.0011880860810037468,0.4437537128443457,0.3121063928744319,-0.0013900304438005853,0.4532612507081842,-0.3796965440757375,0.44905205441366347,0.36653262414887977,-0.43586751440650173,-0.3848539445882865,0.18898777277095008,0.6929382207106591,200.0,13.0,1.2,0.5,0.3,3.0,IDLE,0.08,nan,0,0.05,20.0,0,unknown,unknown,nan,0,0.0,0,0.005060228999354877,1,0.00016969100033747964,2.061699706246145e-05,0.0001710760006972123,1.2609998520929366e-06,4.868001269642264e-06,1.4300167094916105e-07,2.7251997380517423e-05,1.2519994925241917e-06,0.0004675759992096573,0.004532424000790343,0.004590307999023935,0,0,0,200.0,0.0,0,0.0,1.0197723584129048,0.021500645261663974,1.7697723584129048,,,,,unknown,unknown,nan,,nan,,1.0,0.0,0.0,nan,nan,0.0,0,,2359106211,F04_M01_05,MDCEB22F,measured,approach,0.5,,0,0,1.0197723584129048,0.021500645261663974,1.7697723584129048,1.4697723584129048,0.0,0.0,0.0,0.0,0.0,1,0,1,0,ad4b715165e84dd399d377549dc111fb1309cda1260e23e9ee621d07fad63984,6ba3dffa4798388fb8057a608cfa40a0e24aeba9257d245b2d5103a1844d1115
4,3.533063110000512,0.36259932100074366,APPROACH,,KFB_TIMING,kfb_timing,0.0006665600071303346,-0.0031528423739881997,0.03631801784745894,1,-28.28571428571429,0,0.3120688518976653,-0.0011893748111380948,0.4436008477443333,0.3120887850832304,-0.0013915269225231635,0.45321056833691875,-0.37236000802898334,0.4429756201768559,0.386425296634073,-0.4316365302187299,-0.3882889024722239,0.18728604786072203,0.6958476022299321,200.0,13.0,1.2,0.5,0.3,3.0,IDLE,0.08,nan,0,0.05,20.0,0,unknown,unknown,nan,0,0.0,0,0.005157903000508668,1,0.0003546330008248333,1.2563999916892499e-05,0.0001914389977173414,8.850001904647797e-07,3.6130004446022213e-06,1.129992597270757e-07,2.072600182145834e-05,8.639981388114393e-07,0.0006359520011756103,0.00436404799882439,0.004518303998338524,0,0,0,200.0,0.0,0,0.0,1.0197723584129048,0.021500645261663974,1.7697723584129048,,,,,unknown,unknown,nan,,nan,,1.0,0.0,0.0,nan,nan,0.0,0,,2364438435,F04_M01_05,MDCEB22F,measured,approach,0.5,,0,0,1.0197723584129048,0.021500645261663974,1.7697723584129048,1.4697723584129048,0.0,0.0,0.0,0.0,0.0,1,0,1,0,ad4b715165e84dd399d377549dc111fb1309cda1260e23e9ee621d07fad63984,6ba3dffa4798388fb8057a608cfa40a0e24aeba9257d245b2d5103a1844d1115
4,3.538164350000443,0.3677005610006745,APPROACH,,KFB_TIMING,kfb_timing,0.0007300573133974253,-0.00316305501423327,0.036004646175358763,1,-28.28571428571429,0,0.31203847567082665,-0.001184489226300829,0.4434509351014807,0.31207217727815595,-0.0013885213044905493,0.45316355678370035,-0.37637476825384153,0.4422505521881752,0.39755851225153865,-0.4306822763635165,-0.39648651038468485,0.18764112254574586,0.7037728950112639,200.0,13.0,1.2,0.5,0.3,3.0,IDLE,0.08,nan,0,0.05,20.0,0,unknown,unknown,nan,0,0.0,0,0.00510123999993084,1,0.0002823350005201064,1.8915998225566e-05,0.0003946549986721948,1.3449971447698772e-06,5.81199856242165e-06,1.3899989426136017e-07,3.1324001611210406e-05,1.2900018191430718e-06,0.0008208879989979323,0.004179112001002068,0.004272865997336339,0,0,0,200.0,0.0,0,0.0,1.0197723584129048,0.021500645261663974,1.7697723584129048,,,,,unknown,unknown,nan,,nan,,1.0,0.0,0.0,nan,nan,0.0,0,,2369749069,F04_M01_05,MDCEB22F,measured,approach,0.5,,0,0,1.0197723584129048,0.021500645261663974,1.7697723584129048,1.4697723584129048,0.0,0.0,0.0,0.0,0.0,1,0,1,0,ad4b715165e84dd399d377549dc111fb1309cda1260e23e9ee621d07fad63984,6ba3dffa4798388fb8057a608cfa40a0e24aeba9257d245b2d5103a1844d1115
4,3.5433636580019083,0.3728998690021399,APPROACH,,KFB_TIMING,kfb_timing,0.0007741949852428931,-0.0031607166015703682,0.0357241344344485,1,-28.28571428571429,0,0.31201423192178795,-0.001185773659470454,0.4432968568285521,0.31205415794311453,-0.0013881599986782598,0.45311236722943415,-0.37863307945254143,0.43892315074203647,0.39708617475095215,-0.4281017304774839,-0.39989602825336135,0.18756281338991568,0.7026335967567838,200.0,13.0,1.2,0.5,0.3,3.0,IDLE,0.08,nan,0,0.05,20.0,0,unknown,unknown,nan,0,0.0,0,0.005199308001465397,1,0.0004183550008747261,6.794100045226514e-05,0.00026334900030633435,4.110999725526199e-06,1.7423000826966017e-05,4.2299870983697474e-07,9.126100121648051e-05,4.075001925230026e-06,0.0010916220016952138,0.003908377998304786,0.004102465998585103,0,0,0,200.0,0.0,0,0.0,1.0197723584129048,0.021500645261663974,1.7697723584129048,,,,,unknown,unknown,nan,,nan,,1.0,0.0,0.0,nan,nan,0.0,0,,2374424941,F04_M01_05,MDCEB22F,measured,approach,0.5,,0,0,1.0197723584129048,0.021500645261663974,1.7697723584129048,1.4697723584129048,0.0,0.0,0.0,0.0,0.0,1,0,1,0,ad4b715165e84dd399d377549dc111fb1309cda1260e23e9ee621d07fad63984,6ba3dffa4798388fb8057a608cfa40a0e24aeba9257d245b2d5103a1844d1115
4,3.5484880229996634,0.37802423399989493,APPROACH,,KFB_TIMING,kfb_timing,0.0008385780880421356,-0.0031647347315893752,0.03541372129135628,1,-28.28571428571429,0,0.3119830134202861,-0.0011838253222114668,0.4431463416661494,0.31203260011800527,-0.0013882625279364527,0.4530538966491745,-0.37793729778147567,0.43388027067138035,0.37949040282368296,-0.4244246888736774,-0.39604068528687836,0.18703358394510902,0.6892761827943247,200.0,13.0,1.2,0.5,0.3,3.0,IDLE,0.08,nan,0,0.05,20.0,0,unknown,unknown,nan,0,0.0,0,0.005124364997755038,1,0.0001704499991319608,2.3452997993445024e-05,0.00015356400035670958,3.316999936942011e-06,1.487600093241781e-05,3.159984771627933e-07,8.01880014478229e-05,9.039998985826969e-06,0.0005623219985864125,0.004437678001413588,0.004547033000562806,0,0,0,200.0,0.0,0,0.0,1.0197723584129048,0.021500645261663974,1.7697723584129048,,,,,unknown,unknown,nan,,nan,,1.0,0.0,0.0,nan,nan,0.0,0,,2380286030,F04_M01_05,MDCEB22F,measured,approach,0.5,,0,0,1.0197723584129048,0.021500645261663974,1.7697723584129048,1.4697723584129048,0.0,0.0,0.0,0.0,0.0,1,0,1,0,ad4b715165e84dd399d377549dc111fb1309cda1260e23e9ee621d07fad63984,6ba3dffa4798388fb8057a608cfa40a0e24aeba9257d245b2d5103a1844d1115
4,3.5536591290001525,0.383195340000384,APPROACH,,KFB_TIMING,kfb_timing,0.0008906954332373596,-0.0031748235241154357,0.035109637726845035,1,-28.28571428571429,0,0.31195682103013705,-0.0011787550411181864,0.4429935196962322,0.3120146997234028,-0.0013860647278548,0.45300133047913477,-0.37758958430811074,0.43209154242756864,0.3750643425524846,-0.42296526384268307,-0.39605160566308817,0.18702380862998247,0.6855291797361618,200.0,13.0,1.2,0.5,0.3,3.0,IDLE,0.08,nan,0,0.05,20.0,0,unknown,unknown,nan,0,0.0,0,0.00517110600048909,1,0.000494048999826191,5.2474999392870814e-05,0.00042054599907714874,3.735000063898042e-06,1.5081997844390571e-05,3.9099904824979603e-07,8.033499761950225e-05,3.837001713691279e-06,0.0012940950000484008,0.0037059049999515993,0.0038741890020901337,0,0,0,200.0,0.0,0,0.0,1.0197723584129048,0.021500645261663974,1.7697723584129048,,,,,unknown,unknown,nan,,nan,,1.0,0.0,0.0,nan,nan,0.0,0,,2384873104,F04_M01_05,MDCEB22F,measured,approach,0.5,,0,0,1.0197723584129048,0.021500645261663974,1.7697723584129048,1.4697723584129048,0.0,0.0,0.0,0.0,0.0,1,0,1,0,ad4b715165e84dd399d377549dc111fb1309cda1260e23e9ee621d07fad63984,6ba3dffa4798388fb8057a608cfa40a0e24aeba9257d245b2d5103a1844d1115
4,3.5587201599992113,0.3882563709994429,APPROACH,,KFB_TIMING,kfb_timing,0.0009375259011790982,-0.0031725061467487736,0.03482301190080734,1,-28.28571428571429,0,0.3119323394791611,-0.0011799664958532317,0.44284368039119065,0.3119967524623445,-0.0013843356151606112,0.452952816075615,-0.3850351333232377,0.42982353871192236,0.34181662948775204,-0.4212561342740161,-0.392846870188707,0.18610030433353408,0.6707003328748614,200.0,13.0,1.2,0.5,0.3,3.0,IDLE,0.08,nan,0,0.05,20.0,0,unknown,unknown,nan,0,0.0,0,0.0050610309990588576,1,0.00040053200063994154,2.1197000023676082e-05,0.0001285940015804954,1.0309995559509844e-06,4.858997272094712e-06,1.2500095181167126e-07,2.7399000828154385e-05,1.296000846195966e-06,0.0006558620007126592,0.004344137999287341,0.004402618000312941,0,0,0,200.0,0.0,0,0.0,1.0197723584129048,0.021500645261663974,1.7697723584129048,,,,,unknown,unknown,nan,,nan,,1.0,0.0,0.0,nan,nan,0.0,0,,2389868735,F04_M01_05,MDCEB22F,measured,approach,0.5,,0,0,1.0197723584129048,0.021500645261663974,1.7697723584129048,1.4697723584129048,0.0,0.0,0.0,0.0,0.0,1,0,1,0,ad4b715165e84dd399d377549dc111fb1309cda1260e23e9ee621d07fad63984,6ba3dffa4798388fb8057a608cfa40a0e24aeba9257d245b2d5103a1844d1115
4,3.5637798749994545,0.39331608599968604,APPROACH,,KFB_TIMING,kfb_timing,0.0010107890360956384,-0.003183039646018353,0.03451739243450468,1,-28.28571428571429,0,0.3118969743827652,-0.0011748818346866115,0.4426961537818178,0.31197864276564324,-0.0013849000808299362,0.4529005608170272,-0.39418535943674526,0.43229319300935154,0.28744873340008764,-0.4226941910738353,-0.38470051349542844,0.1861306435853052,0.6518330128566757,200.0,13.0,1.2,0.5,0.3,3.0,IDLE,0.08,nan,0,0.05,20.0,0,unknown,unknown,nan,0,0.0,0,0.005059715000243159,1,0.0003439470019657165,1.924599928315729e-05,0.0001237500000570435,1.1209995136596262e-06,4.737998096970841e-06,1.2599775800481439e-07,2.9897000786149874e-05,1.2649979908019304e-06,0.0005925820005359128,0.004407417999464087,0.004464847999770427,0,0,0,200.0,0.0,0,0.0,1.0197723584129048,0.021500645261663974,1.7697723584129048,,,,,unknown,unknown,nan,,nan,,1.0,0.0,0.0,nan,nan,0.0,0,,2394870138,F04_M01_05,MDCEB22F,measured,approach,0.5,,0,0,1.0197723584129048,0.021500645261663974,1.7697723584129048,1.4697723584129048,0.0,0.0,0.0,0.0,0.0,1,0,1,0,ad4b715165e84dd399d377549dc111fb1309cda1260e23e9ee621d07fad63984,6ba3dffa4798388fb8057a608cfa40a0e24aeba9257d245b2d5103a1844d1115
4,3.5688387760019396,0.3983749870021711,APPROACH,,KFB_TIMING,kfb_timing,0.001062967156260447,-0.0031870741136827145,0.034228600704443016,1,-28.28571428571429,0,0.31186999296914514,-0.0011727956031312185,0.44254681898220766,0.31196030180315965,-0.0013847434489040692,0.4528515082032267,-0.39468901781005583,0.438713857708407,0.26531258946083663,-0.4268487571283059,-0.3801346198410275,0.18719792004237662,0.647023987075961,200.0,13.0,1.2,0.5,0.3,3.0,IDLE,0.08,nan,0,0.05,20.0,0,unknown,unknown,nan,0,0.0,0,0.005058901002485072,1,0.00023855100153014064,1.9211001927033067e-05,0.0001717750019452069,1.0460025805514306e-06,4.935001925332472e-06,1.2599775800481439e-07,2.6573998184176162e-05,1.248998160008341e-06,0.0005312850007612724,0.004468714999238728,0.0045259969992912374,0,0,0,200.0,0.0,0,0.0,1.0197723584129048,0.021500645261663974,1.7697723584129048,,,,,unknown,unknown,nan,,nan,,1.0,0.0,0.0,nan,nan,0.0,0,,2399857255,F04_M01_05,MDCEB22F,measured,approach,0.5,,0,0,1.0197723584129048,0.021500645261663974,1.7697723584129048,1.4697723584129048,0.0,0.0,0.0,0.0,0.0,1,0,1,0,ad4b715165e84dd399d377549dc111fb1309cda1260e23e9ee621d07fad63984,6ba3dffa4798388fb8057a608cfa40a0e24aeba9257d245b2d5103a1844d1115
4,3.5739066870009992,0.4034428980012308,APPROACH,,KFB_TIMING,kfb_timing,0.0011199120325138812,-0.003178251152254342,0.033896226917599886,1,-28.28571428571429,0,0.3118443276121735,-0.0011767721585213512,0.44239701635818623,0.31193975804027263,-0.0013850494224655696,0.45279763964886677,-0.408862099260639,0.4409627064884388,0.26902025996029993,-0.4283798427934988,-0.3920790784690349,0.18692012226787072,0.6587778267326041,200.0,13.0,1.2,0.5,0.3,3.0,IDLE,0.08,nan,0,0.05,20.0,0,unknown,unknown,nan,0,0.0,0,0.005067910999059677,1,0.0002104579980368726,1.8979000742547214e-05,0.00012837300164392218,1.091000740416348e-06,4.924000677419826e-06,1.6000194591470063e-07,2.726299862843007e-05,1.3749995559919626e-06,0.00046020199806662276,0.004539798001933377,0.0046011869999347255,0,0,0,200.0,0.0,0,0.0,1.0197723584129048,0.021500645261663974,1.7697723584129048,,,,,unknown,unknown,nan,,nan,,1.0,0.0,0.0,nan,nan,0.0,0,,2405528407,F04_M01_05,MDCEB22F,measured,approach,0.5,,0,0,1.0197723584129048,0.021500645261663974,1.7697723584129048,1.4697723584129048,0.0,0.0,0.0,0.0,0.0,1,0,1,0,ad4b715165e84dd399d377549dc111fb1309cda1260e23e9ee621d07fad63984,6ba3dffa4798388fb8057a608cfa40a0e24aeba9257d245b2d5103a1844d1115
4,3.578966761000629,0.4085029720008606,APPROACH,,KFB_TIMING,kfb_timing,0.0011639620031312914,-0.0031882285107523787,0.033595699722918856,1,-28.28571428571429,0,0.31182232420612727,-0.001171788366994949,0.4422468999835366,0.3119210048104453,-0.0013827557660853257,0.4527414271750122,-0.4158202094065612,0.44464789688215145,0.2575099021906267,-0.43076899182217776,-0.394940886802745,0.1873264282477918,0.6610064662912633,200.0,13.0,1.2,0.5,0.3,3.0,IDLE,0.08,nan,0,0.05,20.0,0,unknown,unknown,nan,0,0.0,0,0.005060073999629822,1,0.0004027399991173297,2.78410007013008e-05,0.0004944409993186127,1.7319980543106794e-06,6.56100019114092e-06,1.3500175555236638e-07,3.754199860850349e-05,1.543998223496601e-06,0.0010730789981607813,0.003926921001839219,0.003985189996456029,0,0,0,200.0,0.0,0,0.0,1.0197723584129048,0.021500645261663974,1.7697723584129048,,,,,unknown,unknown,nan,,nan,,1.0,0.0,0.0,nan,nan,0.0,0,,2410468182,F04_M01_05,MDCEB22F,measured,approach,0.5,,0,0,1.0197723584129048,0.021500645261663974,1.7697723584129048,1.4697723584129048,0.0,0.0,0.0,0.0,0.0,1,0,1,0,ad4b715165e84dd399d377549dc111fb1309cda1260e23e9ee621d07fad63984,6ba3dffa4798388fb8057a608cfa40a0e24aeba9257d245b2d5103a1844d1115
4,3.5840502610008116,0.41358647200104315,APPROACH,,KFB_TIMING,kfb_timing,0.00120305868817433,-0.0031857045897246174,0.03330010916122653,1,-28.28571428571429,0,0.3118023278029093,-0.0011730792524627547,0.44209571713894197,0.3118992032200842,-0.0013829291787539168,0.4526821930040201,-0.42361750795926123,0.4502164118577992,0.2637667646456914,-0.4344345959548145,-0.4033418549709459,0.18851388203111055,0.6721008233050915,200.0,13.0,1.2,0.5,0.3,3.0,IDLE,0.08,nan,0,0.05,20.0,0,unknown,unknown,nan,0,0.0,0,0.005083500000182539,1,0.00039886300146463327,1.8917002307716757e-05,0.0003991570010839496,1.630000042496249e-06,5.854999471921474e-06,1.4400211512111127e-07,3.463400207692757e-05,3.269000444561243e-06,0.0009524529996269848,0.004047547000373015,0.00412943199989968,0,0,0,200.0,0.0,0,0.0,1.0197723584129048,0.021500645261663974,1.7697723584129048,,,,,unknown,unknown,nan,,nan,,1.0,0.0,0.0,nan,nan,0.0,0,,2415124136,F04_M01_05,MDCEB22F,measured,approach,0.5,,0,0,1.0197723584129048,0.021500645261663974,1.7697723584129048,1.4697723584129048,0.0,0.0,0.0,0.0,0.0,1,0,1,0,ad4b715165e84dd399d377549dc111fb1309cda1260e23e9ee621d07fad63984,6ba3dffa4798388fb8057a608cfa40a0e24aeba9257d245b2d5103a1844d1115
4,3.589134082001692,0.4186702930019237,APPROACH,,KFB_TIMING,kfb_timing,0.0012573708055445831,-0.0031893169843216175,0.03296670075216745,1,-28.28571428571429,0,0.31177780784592457,-0.0011714483869318362,0.44194519529880183,0.3118771673803314,-0.0013784031025782769,0.45262172656834176,-0.4217280053416991,0.4523095935671815,0.26106944116863284,-0.43578818577324346,-0.4025198223816904,0.18907144068595833,0.6712642788309976,200.0,13.0,1.2,0.5,0.3,3.0,IDLE,0.08,nan,0,0.05,20.0,0,unknown,unknown,nan,0,0.0,0,0.005083821000880562,1,0.0002468740021868143,1.8956998246721923e-05,0.00014723600179422647,1.210002665175125e-06,4.954999894835055e-06,1.410007826052606e-07,2.619099905132316e-05,1.2860000424552709e-06,0.0005145969989825971,0.004485403001017403,0.004567453997879056,0,0,0,200.0,0.0,0,0.0,1.0197723584129048,0.021500645261663974,1.7697723584129048,,,,,unknown,unknown,nan,,nan,,1.0,0.0,0.0,nan,nan,0.0,0,,2420740581,F04_M01_05,MDCEB22F,measured,approach,0.5,,0,0,1.0197723584129048,0.021500645261663974,1.7697723584129048,1.4697723584129048,0.0,0.0,0.0,0.0,0.0,1,0,1,0,ad4b715165e84dd399d377549dc111fb1309cda1260e23e9ee621d07fad63984,6ba3dffa4798388fb8057a608cfa40a0e24aeba9257d245b2d5103a1844d1115
4,3.594244306001201,0.4237805170014326,APPROACH,,KFB_TIMING,kfb_timing,0.0012995808256953956,-0.0031868232550361607,0.032665194813970566,1,-28.28571428571429,0,0.3117565533132827,-0.0011727040852306829,0.4417933742908464,0.31185425597048394,-0.0013794580989345611,0.4525607507195052,-0.4214097505558213,0.4511219970010654,0.28304272143092707,-0.4350478750439176,-0.40966582574396654,0.18894896155904162,0.6791247427363947,200.0,13.0,1.2,0.5,0.3,3.0,IDLE,0.08,nan,0,0.05,20.0,0,unknown,unknown,nan,0,0.0,0,0.005110223999508889,1,0.0004463260011107195,3.4094999136868864e-05,0.00043798100159619935,1.5899968275334686e-06,6.042999302735552e-06,1.359985617455095e-07,3.2173000363400206e-05,1.4890028978697956e-06,0.0010529729988775216,0.0039470270011224785,0.004054768000059994,0,0,0,200.0,0.0,0,0.0,1.0197723584129048,0.021500645261663974,1.7697723584129048,,,,,unknown,unknown,nan,,nan,,1.0,0.0,0.0,nan,nan,0.0,0,,2425436594,F04_M01_05,MDCEB22F,measured,approach,0.5,,0,0,1.0197723584129048,0.021500645261663974,1.7697723584129048,1.4697723584129048,0.0,0.0,0.0,0.0,0.0,1,0,1,0,ad4b715165e84dd399d377549dc111fb1309cda1260e23e9ee621d07fad63984,6ba3dffa4798388fb8057a608cfa40a0e24aeba9257d245b2d5103a1844d1115
4,3.599346475999482,0.42888268699971377,APPROACH,,KFB_TIMING,kfb_timing,0.0013432271919817662,-0.0031904818108371216,0.032354403914081835,1,-28.28571428571429,0,0.3117352677330504,-0.0011709198706519727,0.4416418069280181,0.31183123116225653,-0.0013770415866910194,0.4524955646926226,-0.42218310357600664,0.45256468730588195,0.28385096087973133,-0.4360122076539923,-0.41153012462185135,0.1898477010208661,0.6808999464926448,200.0,13.0,1.2,0.5,0.3,3.0,IDLE,0.08,nan,0,0.05,20.0,0,unknown,unknown,nan,0,0.0,0,0.00510216999828117,1,0.0002831800011335872,1.9469000108074397e-05,0.00021164499776205048,1.2470009096432477e-06,5.841000529471785e-06,1.2800228432752192e-07,3.065299824811518e-05,1.2780001270584762e-06,0.0006371649978973437,0.004362835002102656,0.004462078999495134,0,0,0,200.0,0.0,0,0.0,1.0197723584129048,0.021500645261663974,1.7697723584129048,,,,,unknown,unknown,nan,,nan,,1.0,0.0,0.0,nan,nan,0.0,0,,2430755592,F04_M01_05,MDCEB22F,measured,approach,0.5,,0,0,1.0197723584129048,0.021500645261663974,1.7697723584129048,1.4697723584129048,0.0,0.0,0.0,0.0,0.0,1,0,1,0,ad4b715165e84dd399d377549dc111fb1309cda1260e23e9ee621d07fad63984,6ba3dffa4798388fb8057a608cfa40a0e24aeba9257d245b2d5103a1844d1115
4,3.6044088800008467,0.43394509100107825,APPROACH,,KFB_TIMING,kfb_timing,0.001390365861657944,-0.0032067120562161234,0.03205071789926254,1,-28.28571428571429,0,0.31171200525793963,-0.0011629104023796613,0.44149194083273485,0.311803360110648,-0.0013761603863914418,0.45241789908590757,-0.4224875043583933,0.45547069992256056,0.25691677790102,-0.4379510213465592,-0.4054271108921482,0.19137115500821555,0.6722763424321673,200.0,13.0,1.2,0.5,0.3,3.0,IDLE,0.08,nan,0,0.05,20.0,0,unknown,unknown,nan,0,0.0,0,0.005062404001364484,1,0.0002488229984010104,3.2028998248279095e-05,0.0004493099986575544,1.3219978427514434e-06,5.8010009524878114e-06,1.4799661585129797e-07,3.069200101890601e-05,1.3349999790079892e-06,0.0008540220005670562,0.004145977999432944,0.004205776000162587,0,0,0,200.0,0.0,0,0.0,1.0197723584129048,0.021500645261663974,1.7697723584129048,,,,,unknown,unknown,nan,,nan,,1.0,0.0,0.0,nan,nan,0.0,0,,2435950235,F04_M01_05,MDCEB22F,measured,approach,0.5,,0,0,1.0197723584129048,0.021500645261663974,1.7697723584129048,1.4697723584129048,0.0,0.0,0.0,0.0,0.0,1,0,1,0,ad4b715165e84dd399d377549dc111fb1309cda1260e23e9ee621d07fad63984,6ba3dffa4798388fb8057a608cfa40a0e24aeba9257d245b2d5103a1844d1115
4,3.6095242250012234,0.43906043600145495,APPROACH,,KFB_TIMING,kfb_timing,0.001414604970053246,-0.003210326688355473,0.031773418093388205,1,-28.28571428571429,0,0.3116986431864211,-0.0011609177971909144,0.44133907630580044,0.3117784499866262,-0.0013736776735766365,0.45234677060430795,-0.4309450119527299,0.45835209797912857,0.22114977619530596,-0.43985385431414814,-0.40249487149402435,0.1928124231208993,0.6668639085750863,200.0,13.0,1.2,0.5,0.3,3.0,IDLE,0.08,nan,0,0.05,20.0,0,unknown,unknown,nan,0,0.0,0,0.005115345000376692,1,0.0004322460008552298,2.7039000997319818e-05,0.00038918200152693316,2.172997483285144e-06,7.679998816456646e-06,1.4599936548620462e-07,4.4388998503563926e-05,1.9180006347596645e-06,0.0009994309984904248,0.004000569001509575,0.004113178998522926,0,0,0,200.0,0.0,0,0.0,1.0197723584129048,0.021500645261663974,1.7697723584129048,,,,,unknown,unknown,nan,,nan,,1.0,0.0,0.0,nan,nan,0.0,0,,2440916663,F04_M01_05,MDCEB22F,measured,approach,0.5,,0,0,1.0197723584129048,0.021500645261663974,1.7697723584129048,1.4697723584129048,0.0,0.0,0.0,0.0,0.0,1,0,1,0,ad4b715165e84dd399d377549dc111fb1309cda1260e23e9ee621d07fad63984,6ba3dffa4798388fb8057a608cfa40a0e24aeba9257d245b2d5103a1844d1115
4,3.614674422002281,0.4442106330025126,APPROACH,,KFB_TIMING,kfb_timing,0.0014471659996907194,-0.003213863291862451,0.0314724708767227,1,-28.28571428571429,0,0.31168202452452753,-0.001159112767725063,0.4411854773533944,0.31175154896499185,-0.0013732499083800136,0.4522713105402091,-0.4366980719919126,0.4598512779995366,0.1752764352225964,-0.44085847322590677,-0.3950974526555323,0.19375239009070433,0.6579439434356105,200.0,13.0,1.2,0.5,0.3,3.0,IDLE,0.08,nan,0,0.05,20.0,0,unknown,unknown,nan,0,0.0,0,0.005150197001057677,1,0.0003310489992145449,2.2468997485702857e-05,0.0003436229999351781,1.3829994713887572e-06,5.437999789137393e-06,1.579974195919931e-07,2.7864000003319234e-05,1.2519994925241917e-06,0.0008347830007551238,0.004165216999244876,0.004313847999583231,0,0,0,200.0,0.0,0,0.0,1.0197723584129048,0.021500645261663974,1.7697723584129048,,,,,unknown,unknown,nan,,nan,,1.0,0.0,0.0,nan,nan,0.0,0,,2446198337,F04_M01_05,MDCEB22F,measured,approach,0.5,,0,0,1.0197723584129048,0.021500645261663974,1.7697723584129048,1.4697723584129048,0.0,0.0,0.0,0.0,0.0,1,0,1,0,ad4b715165e84dd399d377549dc111fb1309cda1260e23e9ee621d07fad63984,6ba3dffa4798388fb8057a608cfa40a0e24aeba9257d245b2d5103a1844d1115
4,3.6198273750014778,0.44936358600170934,APPROACH,,KFB_TIMING,kfb_timing,0.001493030102737103,-0.0032055619682536513,0.031193292305576253,1,-28.28571428571429,0,0.3116569750531652,-0.001163646678871168,0.44103299915893723,0.3117235084251377,-0.0013737703434482367,0.4521950188222587,-0.45581261005737456,0.4626065648250534,0.14549361485172396,-0.442677259235966,-0.4013651655671912,0.19467156999575788,0.6655361457270178,200.0,13.0,1.2,0.5,0.3,3.0,IDLE,0.08,nan,0,0.05,20.0,0,unknown,unknown,nan,0,0.0,0,0.005152952999196714,1,0.00043942000047536567,1.8595001165522262e-05,0.00039344499964499846,1.0519979696255177e-06,4.846999217988923e-06,1.5100158634595573e-07,4.1700001020217314e-05,3.091998223681003e-06,0.0009700099981273524,0.004029990001872648,0.004181208001682535,0,0,0,200.0,0.0,0,0.0,1.0197723584129048,0.021500645261663974,1.7697723584129048,,,,,unknown,unknown,nan,,nan,,1.0,0.0,0.0,nan,nan,0.0,0,,2451243196,F04_M01_05,MDCEB22F,measured,approach,0.5,,0,0,1.0197723584129048,0.021500645261663974,1.7697723584129048,1.4697723584129048,0.0,0.0,0.0,0.0,0.0,1,0,1,0,ad4b715165e84dd399d377549dc111fb1309cda1260e23e9ee621d07fad63984,6ba3dffa4798388fb8057a608cfa40a0e24aeba9257d245b2d5103a1844d1115
4,3.6248885320019326,0.4544247430021642,APPROACH,,KFB_TIMING,kfb_timing,0.0015240914914930737,-0.003221594195349381,0.0309046096847055,1,-28.28571428571429,0,0.3116407565512641,-0.0011552755558774978,0.4408822654080357,0.3116944095734457,-0.001371432306516776,0.45211555883015037,-0.48506907679593203,0.4675872963741393,0.14858944654733813,-0.4459243877676514,-0.4241223371606683,0.19583353970052675,0.6899338465529715,200.0,13.0,1.2,0.5,0.3,3.0,IDLE,0.08,nan,0,0.05,20.0,0,unknown,unknown,nan,0,0.0,0,0.005061157000454841,1,0.00027970600058324635,1.890299972728826e-05,0.00042816200220840983,1.4270008250605315e-06,5.731999408453703e-06,1.3899989426136017e-07,3.009699867106974e-05,1.3049975677859038e-06,0.0008603300011600368,0.004139669998839963,0.0041980730020441115,0,0,0,200.0,0.0,0,0.0,1.0197723584129048,0.021500645261663974,1.7697723584129048,,,,,unknown,unknown,nan,,nan,,1.0,0.0,0.0,nan,nan,0.0,0,,2456446712,F04_M01_05,MDCEB22F,measured,approach,0.5,,0,0,1.0197723584129048,0.021500645261663974,1.7697723584129048,1.4697723584129048,0.0,0.0,0.0,0.0,0.0,1,0,1,0,ad4b715165e84dd399d377549dc111fb1309cda1260e23e9ee621d07fad63984,6ba3dffa4798388fb8057a608cfa40a0e24aeba9257d245b2d5103a1844d1115
4,3.629970713001967,0.4595069240021985,APPROACH,,KFB_TIMING,kfb_timing,0.0015687588719100198,-0.0032132898629931923,0.03062488935429823,1,-28.28571428571429,0,0.3116167249039,-0.0011597433976205185,0.4407317721335663,0.3116644738650689,-0.0013677410431561076,0.45203328773312496,-0.525716983376289,0.47039316896472827,0.13096387028595657,-0.44771815255006464,-0.44868578186375796,0.19580776020767368,0.717495376528115,200.0,13.0,1.2,0.5,0.3,3.0,IDLE,0.08,nan,0,0.05,20.0,0,unknown,unknown,nan,0,0.0,0,0.005082181000034325,1,0.0004479220006032847,1.8889000784838572e-05,0.0004118529977858998,1.2260024959687144e-06,5.824997060699388e-06,1.2900272849947214e-07,3.2758998713688925e-05,1.2870004866272211e-06,0.0010051520002889447,0.003994847999711055,0.004075353001098847,0,0,0,200.0,0.0,0,0.0,1.0197723584129048,0.021500645261663974,1.7697723584129048,,,,,unknown,unknown,nan,,nan,,1.0,0.0,0.0,nan,nan,0.0,0,,2461121917,F04_M01_05,MDCEB22F,measured,approach,0.5,,0,0,1.0197723584129048,0.021500645261663974,1.7697723584129048,1.4697723584129048,0.0,0.0,0.0,0.0,0.0,1,0,1,0,ad4b715165e84dd399d377549dc111fb1309cda1260e23e9ee621d07fad63984,6ba3dffa4798388fb8057a608cfa40a0e24aeba9257d245b2d5103a1844d1115
4,3.63505340300253,0.46458961400276166,APPROACH,,KFB_TIMING,kfb_timing,0.0016033661327574389,-0.0032296108323828215,0.030355815766673074,1,-28.28571428571429,0,0.31159730872191416,-0.0011505866223052938,0.440580810121058,0.3116345188134517,-0.0013659042928945639,0.4519491450964706,-0.6014771035604336,0.47474950660165793,0.11797984764058236,-0.4504932488768223,-0.4980670832277511,0.19565733261844379,0.7752941664782866,200.0,13.0,1.2,0.5,0.3,3.0,IDLE,0.08,nan,0,0.05,20.0,0,unknown,unknown,nan,0,0.0,0,0.0050826900005631614,1,0.0003403850023460109,1.93859996215906e-05,0.00013054900045972317,1.1349984561093152e-06,4.915997124044225e-06,1.3499811757355928e-07,2.737199974944815e-05,1.2780001270584762e-06,0.0005929590006417129,0.004407040999358287,0.004487866000999929,0,0,0,200.0,0.0,0,0.0,1.0197723584129048,0.021500645261663974,1.7697723584129048,,,,,unknown,unknown,nan,,nan,,1.0,0.0,0.0,nan,nan,0.0,0,,2466116663,F04_M01_05,MDCEB22F,measured,approach,0.5,,0,0,1.0197723584129048,0.021500645261663974,1.7697723584129048,1.4697723584129048,0.0,-0.0007385517802168118,0.0,0.0,0.0007385517802168118,1,0,1,0,ad4b715165e84dd399d377549dc111fb1309cda1260e23e9ee621d07fad63984,6ba3dffa4798388fb8057a608cfa40a0e24aeba9257d245b2d5103a1844d1115
4,3.640158483001869,0.46969469400210073,APPROACH,,KFB_TIMING,kfb_timing,0.0016352510123682218,-0.0032396429167183428,0.030082816190977392,1,-28.28571428571429,0,0.3115795539359293,-0.001145000353436366,0.4404287929549403,0.31160233033703616,-0.0013651419242552048,0.45185688933432133,-0.6418709940945792,0.4795109124079288,0.10107725533275345,-0.4535237621111412,-0.523269788797933,0.19583339650916154,0.8075553849265388,200.0,13.0,1.2,0.5,0.3,3.0,IDLE,0.08,nan,0,0.05,20.0,0,unknown,unknown,nan,0,0.0,0,0.005105079999339068,1,0.0002346360015508253,1.471900031901896e-05,0.0001652550017752219,8.989991329144686e-07,4.047000402351841e-06,1.5299883671104908e-07,2.662399856490083e-05,9.780014806892723e-07,0.0005041869990236592,0.004495813000976341,0.004596487000526395,0,0,0,200.0,0.0,0,0.0,1.0197723584129048,0.021500645261663974,1.7697723584129048,,,,,unknown,unknown,nan,,nan,,1.0,0.0,0.0,nan,nan,0.0,0,,2471726280,F04_M01_05,MDCEB22F,measured,approach,0.5,,0,0,1.0197723584129048,0.021500645261663974,1.7697723584129048,1.4697723584129048,0.0,-0.020935497047289586,0.0,0.0,0.020935497047289586,1,0,1,0,ad4b715165e84dd399d377549dc111fb1309cda1260e23e9ee621d07fad63984,6ba3dffa4798388fb8057a608cfa40a0e24aeba9257d245b2d5103a1844d1115
4,3.6452697179993265,0.4748059289995581,APPROACH,,KFB_TIMING,kfb_timing,0.001671448030193201,-0.0032499869779256773,0.02982970554163916,1,-28.28571428571429,0,0.31155786400430485,-0.0011388019980527577,0.4402771243090837,0.31157065756085733,-0.0013643572638222688,0.4517691982498441,-0.6460557980163196,0.48413454362323455,0.08107467834964384,-0.4564058649972077,-0.5238138463451486,0.1963847194947643,0.8113861312280851,200.0,13.0,1.2,0.5,0.3,3.0,IDLE,0.08,nan,0,0.05,20.0,0,unknown,unknown,nan,0,0.0,0,0.005111234997457359,1,0.000492257000587415,3.31190021825023e-05,0.000338822999765398,2.4889995984267443e-06,7.210001058410853e-06,1.5300247468985617e-07,3.9041999116307124e-05,1.6339981812052429e-06,0.0010212639972451143,0.003978736002754886,0.004088235000381246,0,0,0,200.0,0.0,0,0.0,1.0197723584129048,0.021500645261663974,1.7697723584129048,,,,,unknown,unknown,nan,,nan,,1.0,0.0,0.0,nan,nan,0.0,0,,2476439958,F04_M01_05,MDCEB22F,measured,approach,0.5,,0,0,1.0197723584129048,0.021500645261663974,1.7697723584129048,1.4697723584129048,0.0,-0.023027899008159824,0.0,0.0,0.023027899008159824,1,0,1,0,ad4b715165e84dd399d377549dc111fb1309cda1260e23e9ee621d07fad63984,6ba3dffa4798388fb8057a608cfa40a0e24aeba9257d245b2d5103a1844d1115
4,3.650457618001383,0.47999382900161436,APPROACH,,KFB_TIMING,kfb_timing,0.0017245386577091626,-0.0032727926909454303,0.029554650687403997,1,-28.28571428571429,0,0.3115284649091141,-0.0011261732656506402,0.4401248118535586,0.31153791575134193,-0.0013631079677247585,0.45167520859336996,-0.6311346404246784,0.4852141669780904,0.07866757147350373,-0.4570595419723802,-0.5172955189181991,0.1963079252064403,0.7999701925583034,200.0,13.0,1.2,0.5,0.3,3.0,IDLE,0.08,nan,0,0.05,20.0,0,unknown,unknown,nan,0,0.0,0,0.005187900002056267,1,0.000262600999121787,1.9669998437166214e-05,0.00020805799795198254,1.4180004654917866e-06,5.775000317953527e-06,1.3299722922965884e-07,3.002199809998274e-05,1.267999323317781e-06,0.0006145840015960857,0.004385415998403914,0.004567148000205634,0,0,0,200.0,0.0,0,0.0,1.0197723584129048,0.021500645261663974,1.7697723584129048,,,,,unknown,unknown,nan,,nan,,1.0,0.0,0.0,nan,nan,0.0,0,,2481650599,F04_M01_05,MDCEB22F,measured,approach,0.5,,0,0,1.0197723584129048,0.021500645261663974,1.7697723584129048,1.4697723584129048,0.0,-0.015567320212339197,0.0,0.0,0.015567320212339197,1,0,1,0,ad4b715165e84dd399d377549dc111fb1309cda1260e23e9ee621d07fad63984,6ba3dffa4798388fb8057a608cfa40a0e24aeba9257d245b2d5103a1844d1115
4,3.655569950999052,0.48510616199928336,APPROACH,,KFB_TIMING,kfb_timing,0.0017622007218725533,-0.003289495978167081,0.029317548731011587,1,-28.28571428571429,0,0.3115044627757096,-0.0011155282163923374,0.4399737061477449,0.3115029223713121,-0.001360818688782431,0.451577261884614,-0.6158226210663518,0.48658950605868234,0.047146473700494865,-0.45793143051042595,-0.5023910609665858,0.1967004356156381,0.7862758027599828,200.0,13.0,1.2,0.5,0.3,3.0,IDLE,0.08,nan,0,0.05,20.0,0,unknown,unknown,nan,0,0.0,0,0.005112332997669,1,0.0003708039985212963,1.8769002053886652e-05,0.00012638299813261256,1.2279997463338077e-06,5.7819997891783714e-06,1.400003384333104e-07,3.0160001188050956e-05,3.7200006772764027e-06,0.000639777001197217,0.004360222998802783,0.004470306001167046,0,0,0,200.0,0.0,0,0.0,1.0197723584129048,0.021500645261663974,1.7697723584129048,,,,,unknown,unknown,nan,,nan,,1.0,0.0,0.0,nan,nan,0.0,0,,2486633467,F04_M01_05,MDCEB22F,measured,approach,0.5,,0,0,1.0197723584129048,0.021500645261663974,1.7697723584129048,1.4697723584129048,0.0,-0.007911310533175897,0.0,0.0,0.007911310533175897,1,0,1,0,ad4b715165e84dd399d377549dc111fb1309cda1260e23e9ee621d07fad63984,6ba3dffa4798388fb8057a608cfa40a0e24aeba9257d245b2d5103a1844d1115
4,3.660655833002238,0.49019204400246963,APPROACH,,KFB_TIMING,kfb_timing,0.0018063333556984362,-0.0032876951261666234,0.029065563115081957,1,-28.28571428571429,0,0.31147814190552725,-0.00111660225135496,0.4398234209707744,0.31145924381699824,-0.001357824963931718,0.45145567988159707,-0.6127706420129742,0.48873008900857134,0.027345088088667945,-0.45926412153068036,-0.4993794885417472,0.19777095342262405,0.7842784667819814,200.0,13.0,1.2,0.5,0.3,3.0,IDLE,0.08,nan,0,0.05,20.0,0,unknown,unknown,nan,0,0.0,0,0.005085882003186271,1,0.00024480199863319285,2.0400999346747994e-05,0.00013133900210959837,1.2790005712304264e-06,5.300000339047983e-06,1.4599936548620462e-07,3.0332001188071445e-05,1.357999281026423e-06,0.00050831000044127,0.00449168999955873,0.004575680999550968,0,0,0,200.0,0.0,0,0.0,1.0197723584129048,0.021500645261663974,1.7697723584129048,,,,,unknown,unknown,nan,,nan,,1.0,0.0,0.0,nan,nan,0.0,0,,2492182553,F04_M01_05,MDCEB22F,measured,approach,0.5,,0,0,1.0197723584129048,0.021500645261663974,1.7697723584129048,1.4697723584129048,0.0,-0.006385321006487088,0.0,0.0,0.006385321006487088,1,0,1,0,ad4b715165e84dd399d377549dc111fb1309cda1260e23e9ee621d07fad63984,6ba3dffa4798388fb8057a608cfa40a0e24aeba9257d245b2d5103a1844d1115
4,3.6657142440017196,0.4952504550019512,APPROACH,,KFB_TIMING,kfb_timing,0.0018506392046377662,-0.003286189358570454,0.02883894374402274,1,-28.28571428571429,0,0.3114490250291049,-0.001117591810297358,0.4396744914641741,0.31142202514862993,-0.001356909305852581,0.45135302866861055,-0.6150784015529189,0.48852304569113436,0.021424024422528297,-0.45921816099719676,-0.5041236126113696,0.19822354307581663,0.7857704467913597,200.0,13.0,1.2,0.5,0.3,3.0,IDLE,0.08,nan,0,0.05,20.0,0,unknown,unknown,nan,0,0.0,0,0.005058410999481566,1,0.0004502580013650004,1.9174000044586137e-05,0.0003960190006182529,1.067997800419107e-06,4.893998266197741e-06,1.400003384333104e-07,3.49060028383974e-05,1.267002517124638e-06,0.0009760559987626038,0.004023944001237396,0.004080931001226418,0,0,0,200.0,0.0,0,0.0,1.0197723584129048,0.021500645261663974,1.7697723584129048,,,,,unknown,unknown,nan,,nan,,1.0,0.0,0.0,nan,nan,0.0,0,,2497191714,F04_M01_05,MDCEB22F,measured,approach,0.5,,0,0,1.0197723584129048,0.021500645261663974,1.7697723584129048,1.4697723584129048,0.0,-0.007539200776459476,0.0,0.0,0.007539200776459476,1,0,1,0,ad4b715165e84dd399d377549dc111fb1309cda1260e23e9ee621d07fad63984,6ba3dffa4798388fb8057a608cfa40a0e24aeba9257d245b2d5103a1844d1115
4,3.6707748910012015,0.500311102001433,APPROACH,,KFB_TIMING,kfb_timing,0.0018883099536251835,-0.0032785484852997527,0.028626724417587974,1,-28.28571428571429,0,0.31142250723919107,-0.001122970494756701,0.4395251026767113,0.3113844348514081,-0.0013544315106809382,0.4512518527802152,-0.6143234902213266,0.48284826593995495,0.014637210395746763,-0.4555904728799798,-0.5067792402045005,0.1970700701433278,0.7815049881396172,200.0,13.0,1.2,0.5,0.3,3.0,IDLE,0.08,nan,0,0.05,20.0,0,unknown,unknown,nan,0,0.0,0,0.005060646999481833,1,0.0003725579990714323,1.876700116554275e-05,0.0004219429974909872,1.1060001270379871e-06,8.1349971878808e-06,1.3500175555236638e-07,2.7139998564962298e-05,1.2639975466299802e-06,0.0009189949996653013,0.004081005000334699,0.004140226999879815,0,0,0,200.0,0.0,0,0.0,1.0197723584129048,0.021500645261663974,1.7697723584129048,,,,,unknown,unknown,nan,,nan,,1.0,0.0,0.0,nan,nan,0.0,0,,2502221733,F04_M01_05,MDCEB22F,measured,approach,0.5,,0,0,1.0197723584129048,0.021500645261663974,1.7697723584129048,1.4697723584129048,0.0,-0.007161745110663309,0.0,0.0,0.007161745110663309,1,0,1,0,ad4b715165e84dd399d377549dc111fb1309cda1260e23e9ee621d07fad63984,6ba3dffa4798388fb8057a608cfa40a0e24aeba9257d245b2d5103a1844d1115
4,3.6758414590003667,0.5053776700005983,APPROACH,,KFB_TIMING,kfb_timing,0.001923492848165842,-0.003277113659846508,0.028423515886364346,1,-28.28571428571429,0,0.31139657735269094,-0.0011240279649175806,0.43937533745076046,0.31134652401145907,-0.0013520763477543208,0.45114578962450086,-0.6045766646051899,0.47780754406504383,0.030922787147864055,-0.45222333053270314,-0.5101419167662273,0.19609309639937753,0.7712128184331464,200.0,13.0,1.2,0.5,0.3,3.0,IDLE,0.08,nan,0,0.05,20.0,0,unknown,unknown,nan,0,0.0,0,0.005066567999165272,1,0.0003072079998673871,1.9442999473540112e-05,0.0004328639988671057,2.396998752374202e-06,6.361002306221053e-06,1.2999953469261527e-07,5.361399962566793e-05,1.8270002328790724e-06,0.0009146880001935642,0.004085311999806436,0.004147383999224985,0,0,0,200.0,0.0,0,0.0,1.0197723584129048,0.021500645261663974,1.7697723584129048,,,,,unknown,unknown,nan,,nan,,1.0,0.0,0.0,nan,nan,0.0,0,,2506875086,F04_M01_05,MDCEB22F,measured,approach,0.5,,0,0,1.0197723584129048,0.021500645261663974,1.7697723584129048,1.4697723584129048,0.0,-0.002288332302594953,0.0,0.0,0.002288332302594953,1,0,1,0,ad4b715165e84dd399d377549dc111fb1309cda1260e23e9ee621d07fad63984,6ba3dffa4798388fb8057a608cfa40a0e24aeba9257d245b2d5103a1844d1115
4,3.6809000040011597,0.5104362150013912,APPROACH,,KFB_TIMING,kfb_timing,0.0019692422403122245,-0.0032695544549744106,0.02819994116556864,1,-28.28571428571429,0,0.3113661710116668,-0.0011290520264499592,0.4392267433627092,0.31130903640694285,-0.0013500859444794669,0.45103793545576415,-0.5955162345353274,0.4777470196256266,0.06781134657262015,-0.4518974784916566,-0.5198929331974206,0.1962169507194899,0.766472555986381,200.0,13.0,1.2,0.5,0.3,3.0,IDLE,0.08,nan,0,0.05,20.0,0,unknown,unknown,nan,0,0.0,0,0.005058545000792947,1,0.00018705500042415224,2.0684001356130466e-05,0.0001673459992161952,1.0969997674692422e-06,4.231998900650069e-06,1.2599775800481439e-07,2.6026002160506323e-05,1.124000846175477e-06,0.00047385600191773847,0.004526143998082262,0.004582837998896139,0,0,0,200.0,0.0,0,0.0,1.0197723584129048,0.021500645261663974,1.7697723584129048,,,,,unknown,unknown,nan,,nan,,1.0,0.0,0.0,nan,nan,0.0,0,,2512115067,F04_M01_05,MDCEB22F,measured,approach,0.5,,0,0,1.0197723584129048,0.021500645261663974,1.7697723584129048,1.4697723584129048,0.0,0.0,0.0,0.0,0.0,1,0,1,0,ad4b715165e84dd399d377549dc111fb1309cda1260e23e9ee621d07fad63984,6ba3dffa4798388fb8057a608cfa40a0e24aeba9257d245b2d5103a1844d1115
4,3.6859585540005355,0.5154947650007671,APPROACH,,KFB_TIMING,kfb_timing,0.002013196854435434,-0.0032560593620086626,0.027998132532105407,1,-28.28571428571429,0,0.3113339437998875,-0.0011389465330373654,0.4390787787019051,0.3112719076306673,-0.0013484937596992212,0.4509371605680594,-0.5805649741244636,0.4750287740192226,0.07442346723525274,-0.4495904950679117,-0.5169813615312155,0.19519848562651523,0.7538215158787003,200.0,13.0,1.2,0.5,0.3,3.0,IDLE,0.08,nan,0,0.05,20.0,0,unknown,unknown,nan,0,0.0,0,0.005058549999375828,1,0.00040057699879980646,1.267200059373863e-05,0.00015987900042091496,8.33999365568161e-07,3.8239995774347335e-06,1.270018401555717e-07,2.2126001567812636e-05,9.590003173798323e-07,0.0006514829983643722,0.004348517001635628,0.004405247000249801,0,0,0,200.0,0.0,0,0.0,1.0197723584129048,0.021500645261663974,1.7697723584129048,,,,,unknown,unknown,nan,,nan,,1.0,0.0,0.0,nan,nan,0.0,0,,2517112210,F04_M01_05,MDCEB22F,measured,approach,0.5,,0,0,1.0197723584129048,0.021500645261663974,1.7697723584129048,1.4697723584129048,0.0,0.0,0.0,0.0,0.0,1,0,1,0,ad4b715165e84dd399d377549dc111fb1309cda1260e23e9ee621d07fad63984,6ba3dffa4798388fb8057a608cfa40a0e24aeba9257d245b2d5103a1844d1115
4,3.6910189970003557,0.5205552080005873,APPROACH,,KFB_TIMING,kfb_timing,0.0020529217271215427,-0.003242681121590942,0.02781450759320611,1,-28.28571428571429,0,0.3113019246263104,-0.0011497297067299746,0.43893077271990594,0.31123786999095526,-0.0013451952711916355,0.4508357553576223,-0.5548624720744244,0.47385299540468717,0.005251292049341917,-0.4481009304603383,-0.48520510580758314,0.19460445996539477,0.72968253387259,200.0,13.0,1.2,0.5,0.3,3.0,IDLE,0.08,nan,0,0.05,20.0,0,unknown,unknown,nan,0,0.0,0,0.005060442999820225,1,0.00032773900238680653,1.1435997294029221e-05,0.0001767920002748724,7.750022632535547e-07,3.540000761859119e-06,1.1600059224292636e-07,2.0342002244433388e-05,3.3530013752169907e-06,0.0005905990001338068,0.004409400999866193,0.004467339997063391,0,0,0,200.0,0.0,0,0.0,1.0197723584129048,0.021500645261663974,1.7697723584129048,,,,,unknown,unknown,nan,,nan,,1.0,0.0,0.0,nan,nan,0.0,0,,2522121933,F04_M01_05,MDCEB22F,measured,approach,0.5,,0,0,1.0197723584129048,0.021500645261663974,1.7697723584129048,1.4697723584129048,0.0,0.0,0.0,0.0,0.0,1,0,1,0,ad4b715165e84dd399d377549dc111fb1309cda1260e23e9ee621d07fad63984,6ba3dffa4798388fb8057a608cfa40a0e24aeba9257d245b2d5103a1844d1115
4,3.696077224001783,0.5256134350020147,APPROACH,,KFB_TIMING,kfb_timing,0.002092398112187588,-0.003229309742269207,0.027630732932876725,1,-28.28571428571429,0,0.3112701354153509,-0.001160497298477963,0.43878278420889005,0.31119915636204715,-0.0013454799072341941,0.4507279209184596,-0.5201462841421782,0.47271610115208995,-0.05638300080391995,-0.4467401053654474,-0.4500328151432001,0.19413066340412702,0.7051182255303031,200.0,13.0,1.2,0.5,0.3,3.0,IDLE,0.08,nan,0,0.05,20.0,0,unknown,unknown,nan,0,0.0,0,0.00505822700142744,1,0.00028627500068978406,1.4722998457727954e-05,0.0001580419993842952,1.0250005288980901e-06,4.3670006562024355e-06,1.269982021767646e-07,2.3078002413967624e-05,9.470022632740438e-07,0.0005402120004873723,0.004459787999512628,0.0045161910020397045,0,0,0,200.0,0.0,0,0.0,1.0197723584129048,0.021500645261663974,1.7697723584129048,,,,,unknown,unknown,nan,,nan,,1.0,0.0,0.0,nan,nan,0.0,0,,2527113815,F04_M01_05,MDCEB22F,measured,approach,0.5,,0,0,1.0197723584129048,0.021500645261663974,1.7697723584129048,1.4697723584129048,0.0,0.0,0.0,0.0,0.0,1,0,1,0,ad4b715165e84dd399d377549dc111fb1309cda1260e23e9ee621d07fad63984,6ba3dffa4798388fb8057a608cfa40a0e24aeba9257d245b2d5103a1844d1115
4,3.7011640630007605,0.5307002740009921,APPROACH,,KFB_TIMING,kfb_timing,0.0021476432939049606,-0.003210158182213795,0.027446651466326015,1,-28.28571428571429,0,0.3112264857113456,-0.0011756291145327208,0.4386373398230084,0.311162467400994,-0.0013429412565944283,0.45062175057919274,-0.4866820683380102,0.4714681550867478,-0.08142590093450636,-0.4455125803668407,-0.4264127179008539,0.19387796244557637,0.6824747865274301,200.0,13.0,1.2,0.5,0.3,3.0,IDLE,0.08,nan,0,0.05,20.0,0,unknown,unknown,nan,0,0.0,0,0.005086838998977328,1,0.0002120669996656943,1.3163000403437763e-05,0.00017283800116274506,9.10000380827114e-07,3.760000254260376e-06,1.1999873095192015e-07,2.012000186368823e-05,9.48002707445994e-07,0.00047101900054258294,0.004528980999457417,0.004613362001691712,0,0,0,200.0,0.0,0,0.0,1.0197723584129048,0.021500645261663974,1.7697723584129048,,,,,unknown,unknown,nan,,nan,,1.0,0.0,0.0,nan,nan,0.0,0,,2532369082,F04_M01_05,MDCEB22F,measured,approach,0.5,,0,0,1.0197723584129048,0.021500645261663974,1.7697723584129048,1.4697723584129048,0.0,0.0,0.0,0.0,0.0,1,0,1,0,ad4b715165e84dd399d377549dc111fb1309cda1260e23e9ee621d07fad63984,6ba3dffa4798388fb8057a608cfa40a0e24aeba9257d245b2d5103a1844d1115
4,3.706282013001328,0.5358182240015594,APPROACH,,KFB_TIMING,kfb_timing,0.002190118343254277,-0.003191047619233027,0.027291896683402983,1,-28.28571428571429,0,0.311186132508049,-0.0011937850071070337,0.4384903158333468,0.3111282541689462,-0.0013410285194756528,0.4505166902016626,-0.4573885436367072,0.4667907742735884,-0.08828195677500403,-0.44210432951730677,-0.41089604496225246,0.19298885188312712,0.659463123069871,200.0,13.0,1.2,0.5,0.3,3.0,IDLE,0.08,nan,0,0.05,20.0,0,unknown,unknown,nan,0,0.0,0,0.005117950000567362,1,0.0004087109991814941,1.1299998732283711e-05,0.00014587999976356514,9.329996828455478e-07,3.5249977372586727e-06,1.2000236893072724e-07,1.893800072139129e-05,8.979986887425184e-07,0.0006383539985108655,0.004361646001489135,0.0044729559995175805,0,0,0,200.0,0.0,0,0.0,1.0197723584129048,0.021500645261663974,1.7697723584129048,,,,,unknown,unknown,nan,,nan,,1.0,0.0,0.0,nan,nan,0.0,0,,2537642419,F04_M01_05,MDCEB22F,measured,approach,0.5,,0,0,1.0197723584129048,0.021500645261663974,1.7697723584129048,1.4697723584129048,0.0,0.0,0.0,0.0,0.0,1,0,1,0,ad4b715165e84dd399d377549dc111fb1309cda1260e23e9ee621d07fad63984,6ba3dffa4798388fb8057a608cfa40a0e24aeba9257d245b2d5103a1844d1115
4,3.711342685001,0.5408788960012316,APPROACH,,KFB_TIMING,kfb_timing,0.0022349678551063235,-0.0031659000658545784,0.02714063910804515,1,-28.28571428571429,0,0.31114351151317526,-0.001217683009546082,0.43834657406052197,0.3111041979586629,-0.001338711340199702,0.4504153662378415,-0.44834931969869163,0.46216274629012655,-0.1170491893751376,-0.4385254416972771,-0.40276918803584927,0.19228624133830982,0.6544555212282102,200.0,13.0,1.2,0.5,0.3,3.0,IDLE,0.08,nan,0,0.05,20.0,0,unknown,unknown,nan,0,0.0,0,0.005060671999672195,1,0.00029243199969641864,3.530299727572128e-05,0.0003419310014578514,1.89200000022538e-06,5.703001079382375e-06,1.270018401555717e-07,3.0160001188050956e-05,1.3540011423174292e-06,0.0008047519986575935,0.004195248001342407,0.004253985000104876,0,0,0,200.0,0.0,0,0.0,1.0197723584129048,0.021500645261663974,1.7697723584129048,,,,,unknown,unknown,nan,,nan,,1.0,0.0,0.0,nan,nan,0.0,0,,2542381523,F04_M01_05,MDCEB22F,measured,approach,0.5,,0,0,1.0197723584129048,0.021500645261663974,1.7697723584129048,1.4697723584129048,0.0,0.0,0.0,0.0,0.0,1,0,1,0,ad4b715165e84dd399d377549dc111fb1309cda1260e23e9ee621d07fad63984,6ba3dffa4798388fb8057a608cfa40a0e24aeba9257d245b2d5103a1844d1115
4,3.7164542800019262,0.5459904910021578,APPROACH,,KFB_TIMING,kfb_timing,0.0022778788828976826,-0.0031346807576186895,0.02699844504667491,1,-28.28571428571429,0,0.3111001553281148,-0.0012492261856246465,0.43820290488370234,0.31109283943621596,-0.0013398924577229122,0.45030427187755784,-0.4534157460807917,0.45831387303962945,-0.13806109380615272,-0.4352273568662419,-0.4083833752015141,0.19180120695328168,0.6593165481296052,200.0,13.0,1.2,0.5,0.3,3.0,IDLE,0.08,nan,0,0.05,20.0,0,unknown,unknown,nan,0,0.0,0,0.005111595000926172,1,0.00018490999718778767,1.7186997865792364e-05,0.00017617699995753355,1.7450001905672252e-06,5.097001121612266e-06,1.5800105757080019e-07,2.9675000405404717e-05,1.224998413817957e-06,0.00048294699809048325,0.004517053001909517,0.0046177369986253325,0,0,0,200.0,0.0,0,0.0,1.0197723584129048,0.021500645261663974,1.7697723584129048,,,,,unknown,unknown,nan,,nan,,1.0,0.0,0.0,nan,nan,0.0,0,,2547624376,F04_M01_05,MDCEB22F,measured,approach,0.5,,0,0,1.0197723584129048,0.021500645261663974,1.7697723584129048,1.4697723584129048,0.0,0.0,0.0,0.0,0.0,1,0,1,0,ad4b715165e84dd399d377549dc111fb1309cda1260e23e9ee621d07fad63984,6ba3dffa4798388fb8057a608cfa40a0e24aeba9257d245b2d5103a1844d1115
4,3.7215415870014112,0.5510777980016428,APPROACH,,KFB_TIMING,kfb_timing,0.0023338289477930207,-0.003115984314455193,0.026852337118262515,1,-28.28571428571429,0,0.31104596230763215,-0.0012673354895049538,0.43806138529883776,0.3110724780842101,-0.001339146278387015,0.45019985322316636,-0.4549200399802208,0.46032803097583075,-0.12242756479632486,-0.4358376112947577,-0.4235621880747591,0.1930417443696735,0.6586673268803072,200.0,13.0,1.2,0.5,0.3,3.0,IDLE,0.08,nan,0,0.05,20.0,0,unknown,unknown,nan,0,0.0,0,0.005087306999485008,1,0.00032398099938291125,1.718700150377117e-05,0.0001738460014166776,1.1279989848844707e-06,4.4100015657022595e-06,1.3699900591745973e-07,2.430200038361363e-05,9.510004019830376e-07,0.0006085860004532151,0.004391413999546785,0.004472303000511602,0,0,0,200.0,0.0,0,0.0,1.0197723584129048,0.021500645261663974,1.7697723584129048,,,,,unknown,unknown,nan,,nan,,1.0,0.0,0.0,nan,nan,0.0,0,,2552620702,F04_M01_05,MDCEB22F,measured,approach,0.5,,0,0,1.0197723584129048,0.021500645261663974,1.7697723584129048,1.4697723584129048,0.0,0.0,0.0,0.0,0.0,1,0,1,0,ad4b715165e84dd399d377549dc111fb1309cda1260e23e9ee621d07fad63984,6ba3dffa4798388fb8057a608cfa40a0e24aeba9257d245b2d5103a1844d1115
4,3.7266428360017017,0.5561790470019332,APPROACH,,KFB_TIMING,kfb_timing,0.0023919337754534087,-0.0030788410435525493,0.026696765512467673,1,-28.28571428571429,0,0.31099370785202385,-0.0013007389342561205,0.4379214776543915,0.311025394545137,-0.0013356496350607127,0.4500634479044669,-0.44356314089951454,0.45753749060167614,-0.127877133596288,-0.4335499226674301,-0.4234456728748769,0.19282041059506239,0.6499549034875607,200.0,13.0,1.2,0.5,0.3,3.0,IDLE,0.08,nan,0,0.05,20.0,0,unknown,unknown,nan,0,0.0,0,0.005101249000290409,1,0.00024683199808350764,1.4790999557590112e-05,0.00017183499949169345,1.0570001904852688e-06,4.065001121489331e-06,1.3000317267142236e-07,2.273900099680759e-05,3.6899982660543174e-06,0.0005188420000195038,0.004481157999980496,0.0045804799992765766,0,0,0,200.0,0.0,0,0.0,1.0197723584129048,0.021500645261663974,1.7697723584129048,,,,,unknown,unknown,nan,,nan,,1.0,0.0,0.0,nan,nan,0.0,0,,2557866140,F04_M01_05,MDCEB22F,measured,approach,0.5,,0,0,1.0197723584129048,0.021500645261663974,1.7697723584129048,1.4697723584129048,0.0,0.0,0.0,0.0,0.0,1,0,1,0,ad4b715165e84dd399d377549dc111fb1309cda1260e23e9ee621d07fad63984,6ba3dffa4798388fb8057a608cfa40a0e24aeba9257d245b2d5103a1844d1115
4,3.731701996999618,0.5612382079998497,APPROACH,,KFB_TIMING,kfb_timing,0.0024372101230592524,-0.0030540013342500866,0.026570752049673,1,-28.28571428571429,0,0.3109432484736682,-0.0013284221807239854,0.4377810387423923,0.31098381518451307,-0.0013316824310520663,0.4499505009987603,-0.43700300863001096,0.45072450530069036,-0.15229464911680057,-0.4287963160195791,-0.42051412101989505,0.19108307843936745,0.6460014468868029,200.0,13.0,1.2,0.5,0.3,3.0,IDLE,0.08,nan,0,0.05,20.0,0,unknown,unknown,nan,0,0.0,0,0.005059160997916479,1,0.00041609700201661326,1.5005000022938475e-05,0.00014776299940422177,1.0909971024375409e-06,4.0240011003334075e-06,1.1900192475877702e-07,2.6675003027776256e-05,9.239993232768029e-07,0.0006643460001214407,0.004335653999878559,0.004392963001009775,0,0,0,200.0,0.0,0,0.0,1.0197723584129048,0.021500645261663974,1.7697723584129048,,,,,unknown,unknown,nan,,nan,,1.0,0.0,0.0,nan,nan,0.0,0,,2562869967,F04_M01_05,MDCEB22F,measured,approach,0.5,,0,0,1.0197723584129048,0.021500645261663974,1.7697723584129048,1.4697723584129048,0.0,0.0,0.0,0.0,0.0,1,0,1,0,ad4b715165e84dd399d377549dc111fb1309cda1260e23e9ee621d07fad63984,6ba3dffa4798388fb8057a608cfa40a0e24aeba9257d245b2d5103a1844d1115
4,3.736760382002103,0.5662965930023347,APPROACH,,KFB_TIMING,kfb_timing,0.002475219725708133,-0.003022776241953723,0.02643366528228262,1,-28.28571428571429,0,0.3109036452669468,-0.0013609564273071911,0.43763820442660417,0.3109443195993806,-0.0013284361200554132,0.4498399680426908,-0.4517239661367522,0.4464685485066664,-0.1797895023498523,-0.4256522980771258,-0.4301384788327288,0.19005490623563293,0.660085578954104,200.0,13.0,1.2,0.5,0.3,3.0,IDLE,0.08,nan,0,0.05,20.0,0,unknown,unknown,nan,0,0.0,0,0.005058385002485011,1,0.0003184020024491474,1.239099947270006e-05,0.0001961699999810662,9.349969332106411e-07,4.0570012060925364e-06,1.2899909052066505e-07,2.1343999833334237e-05,8.499991963617504e-07,0.0006036400009179488,0.004396359999082051,0.0044530119994306006,0,0,0,200.0,0.0,0,0.0,1.0197723584129048,0.021500645261663974,1.7697723584129048,,,,,unknown,unknown,nan,,nan,,1.0,0.0,0.0,nan,nan,0.0,0,,2567868395,F04_M01_05,MDCEB22F,measured,approach,0.5,,0,0,1.0197723584129048,0.021500645261663974,1.7697723584129048,1.4697723584129048,0.0,0.0,0.0,0.0,0.0,1,0,1,0,ad4b715165e84dd399d377549dc111fb1309cda1260e23e9ee621d07fad63984,6ba3dffa4798388fb8057a608cfa40a0e24aeba9257d245b2d5103a1844d1115
4,3.741827726000338,0.5713639370005694,APPROACH,,KFB_TIMING,kfb_timing,0.002511356197061304,-0.0029854835194640995,0.026305705585479264,1,-28.28571428571429,0,0.3108638648895872,-0.0014020096491036778,0.4374973416130796,0.3109081506410378,-0.0013260868810893896,0.4497335114918076,-0.4784445191931266,0.44619808117213333,-0.21000791484461576,-0.42533680237814586,-0.44598019094778674,0.19027699603541198,0.6870991266804369,200.0,13.0,1.2,0.5,0.3,3.0,IDLE,0.08,nan,0,0.05,20.0,0,unknown,unknown,nan,0,0.0,0,0.005067343998234719,1,0.000272245000815019,1.2279000657144934e-05,0.00018328599981032312,8.940005500335246e-07,3.887998900609091e-06,1.269982021767646e-07,2.145400139852427e-05,9.070026862900704e-07,0.000543809997907374,0.004456190002092626,0.004517618999670958,0,0,0,200.0,0.0,0,0.0,1.0197723584129048,0.021500645261663974,1.7697723584129048,,,,,unknown,unknown,nan,,nan,,1.0,0.0,0.0,nan,nan,0.0,0,,2572879459,F04_M01_05,MDCEB22F,measured,approach,0.5,,0,0,1.0197723584129048,0.021500645261663974,1.7697723584129048,1.4697723584129048,0.0,0.0,0.0,0.0,0.0,1,0,1,0,ad4b715165e84dd399d377549dc111fb1309cda1260e23e9ee621d07fad63984,6ba3dffa4798388fb8057a608cfa40a0e24aeba9257d245b2d5103a1844d1115
4,3.746887291999883,0.5764235030001146,APPROACH,,KFB_TIMING,kfb_timing,0.0025447966509218878,-0.002954246336589456,0.026174038931900845,1,-28.28571428571429,0,0.3108274508555155,-0.0014360244937060862,0.43735396694389894,0.3108673974540428,-0.00132502794720518,0.4496212010831214,-0.49455647767002175,0.4454773126176582,-0.22874068113317414,-0.4250483095191343,-0.4575175617095343,0.19032717967777935,0.703817053549925,200.0,13.0,1.2,0.5,0.3,3.0,IDLE,0.08,nan,0,0.05,20.0,0,unknown,unknown,nan,0,0.0,0,0.005059565999545157,1,0.00021233399820630439,2.2428997908718884e-05,0.00015354100105469115,1.3560020306613296e-06,5.158999556442723e-06,1.3500175555236638e-07,3.0710998544236645e-05,1.076998159987852e-06,0.0004965030020684935,0.004503496997931507,0.00456110499726492,0,0,0,200.0,0.0,0,0.0,1.0197723584129048,0.021500645261663974,1.7697723584129048,,,,,unknown,unknown,nan,,nan,,1.0,0.0,0.0,nan,nan,0.0,0,,2578115762,F04_M01_05,MDCEB22F,measured,approach,0.5,,0,0,1.0197723584129048,0.021500645261663974,1.7697723584129048,1.4697723584129048,0.0,0.0,0.0,0.0,0.0,1,0,1,0,ad4b715165e84dd399d377549dc111fb1309cda1260e23e9ee621d07fad63984,6ba3dffa4798388fb8057a608cfa40a0e24aeba9257d245b2d5103a1844d1115
4,3.751945380001416,0.5814815910016478,APPROACH,,KFB_TIMING,kfb_timing,0.0025655005203577552,-0.0029106676748094137,0.026059090442594177,1,-28.28571428571429,0,0.3108022496682919,-0.0014890693613755905,0.4372140492145557,0.3108266040264986,-0.0013242704551640538,0.44951168069683245,-0.4850479967137259,0.44317731075470235,-0.20599108737465546,-0.42404473361496287,-0.46389528508303524,0.189739943216674,0.6885564726016027,200.0,13.0,1.2,0.5,0.3,3.0,IDLE,0.08,nan,0,0.05,20.0,0,unknown,unknown,nan,0,0.0,0,0.005058088001533179,1,0.0004443870020622853,1.2021999282296747e-05,0.00013204000060795806,7.999988156370819e-07,3.544999344740063e-06,1.1500014807097614e-07,2.293000216013752e-05,8.420029189437628e-07,0.0006656350014964119,0.004334364998503588,0.004390722999232821,0,0,0,200.0,0.0,0,0.0,1.0197723584129048,0.021500645261663974,1.7697723584129048,,,,,unknown,unknown,nan,,nan,,1.0,0.0,0.0,nan,nan,0.0,0,,2583117165,F04_M01_05,MDCEB22F,measured,approach,0.5,,0,0,1.0197723584129048,0.021500645261663974,1.7697723584129048,1.4697723584129048,0.0,0.0,0.0,0.0,0.0,1,0,1,0,ad4b715165e84dd399d377549dc111fb1309cda1260e23e9ee621d07fad63984,6ba3dffa4798388fb8057a608cfa40a0e24aeba9257d245b2d5103a1844d1115
4,3.7570301400010067,0.5865663510012382,APPROACH,,KFB_TIMING,kfb_timing,0.0025864391892679583,-0.0028794904073455524,0.02595705392651935,1,-28.28571428571429,0,0.3107728733656263,-0.0015328101000649603,0.4370708951491272,0.3107877941571703,-0.0013245587618093378,0.4494055630139883,-0.4721427184334209,0.44289172732525617,-0.16759938476323863,-0.42439953714849143,-0.47229611102760144,0.18932825022146804,0.6687012654959356,200.0,13.0,1.2,0.5,0.3,3.0,IDLE,0.08,nan,0,0.05,20.0,0,unknown,unknown,nan,0,0.0,0,0.00508475999959046,1,0.00035289999868837185,1.1216001439606771e-05,0.00017145800302387215,7.309972716029733e-07,3.4249969758093357e-06,1.1000156519003212e-07,1.9601997337304056e-05,8.780007192399353e-07,0.0006056729980628006,0.0043943270019371995,0.004476128000533208,0,0,0,200.0,0.0,0,0.0,1.0197723584129048,0.021500645261663974,1.7697723584129048,,,,,unknown,unknown,nan,,nan,,1.0,0.0,0.0,nan,nan,0.0,0,,2588118541,F04_M01_05,MDCEB22F,measured,approach,0.5,,0,0,1.0197723584129048,0.021500645261663974,1.7697723584129048,1.4697723584129048,0.0,0.0,0.0,0.0,0.0,1,0,1,0,ad4b715165e84dd399d377549dc111fb1309cda1260e23e9ee621d07fad63984,6ba3dffa4798388fb8057a608cfa40a0e24aeba9257d245b2d5103a1844d1115
4,3.7620883870004036,0.5916245980006352,APPROACH,,KFB_TIMING,kfb_timing,0.0026030136065663123,-0.0028482919091420192,0.025860601084448886,1,-28.28571428571429,0,0.3107483878949371,-0.001578899799603681,0.43692840487662493,0.31075017317795506,-0.001321102815748024,0.44930437135196677,-0.46980174147352183,0.4430763502353986,-0.16900515311064862,-0.4248642317271391,-0.4757020739719861,0.18864903519509146,0.6675275801099376,200.0,13.0,1.2,0.5,0.3,3.0,IDLE,0.08,nan,0,0.05,20.0,0,unknown,unknown,nan,0,0.0,0,0.0050582469993969426,1,0.0002475020010024309,1.5377001545857638e-05,0.00018186899978900328,9.369978215545416e-07,3.6629971873480827e-06,1.1500014807097614e-07,2.1632000425597653e-05,3.827000909950584e-06,0.0005271999980323017,0.0044728000019676984,0.0045293119983398356,0,0,0,200.0,0.0,0,0.0,1.0197723584129048,0.021500645261663974,1.7697723584129048,,,,,unknown,unknown,nan,,nan,,1.0,0.0,0.0,nan,nan,0.0,0,,2593121221,F04_M01_05,MDCEB22F,measured,approach,0.5,,0,0,1.0197723584129048,0.021500645261663974,1.7697723584129048,1.4697723584129048,0.0,0.0,0.0,0.0,0.0,1,0,1,0,ad4b715165e84dd399d377549dc111fb1309cda1260e23e9ee621d07fad63984,6ba3dffa4798388fb8057a608cfa40a0e24aeba9257d245b2d5103a1844d1115
4,3.7671721970000362,0.5967084080002678,APPROACH,,KFB_TIMING,kfb_timing,0.00261291122255905,-0.002810870111082046,0.02576607778703206,1,-28.28571428571429,0,0.31073360918907755,-0.0016347764618896536,0.43678726664592177,0.3107130169164788,-0.001320800418238898,0.44919607302078557,-0.4916196825368898,0.4474340620741283,-0.16905454799990066,-0.42801396130278446,-0.495055400940537,0.18898755694073488,0.6859056730785057,200.0,13.0,1.2,0.5,0.3,3.0,IDLE,0.08,nan,0,0.05,20.0,0,unknown,unknown,nan,0,0.0,0,0.005083809999632649,1,0.00018446199828758836,1.3808999938191846e-05,0.00017940500038093887,1.1299998732283711e-06,3.806999302469194e-06,1.269982021767646e-07,2.2472999262390658e-05,9.81999619398266e-07,0.00046969799950602464,0.0045303020004939755,0.004608753999491455,0,0,0,200.0,0.0,0,0.0,1.0197723584129048,0.021500645261663974,1.7697723584129048,,,,,unknown,unknown,nan,,nan,,1.0,0.0,0.0,nan,nan,0.0,0,,2598625775,F04_M01_05,MDCEB22F,measured,approach,0.5,,0,0,1.0197723584129048,0.021500645261663974,1.7697723584129048,1.4697723584129048,0.0,0.0,0.0,0.0,0.0,1,0,1,0,ad4b715165e84dd399d377549dc111fb1309cda1260e23e9ee621d07fad63984,6ba3dffa4798388fb8057a608cfa40a0e24aeba9257d245b2d5103a1844d1115
4,3.7722937510006886,0.6018299620009202,APPROACH,,KFB_TIMING,kfb_timing,0.002618457590556289,-0.002773434163356611,0.025677165283664607,1,-28.28571428571429,0,0.3107247903179127,-0.001694300604551523,0.4366458934242877,0.31067423530170696,-0.001318575873751727,0.4490917551099499,-0.5146601960751975,0.4538789520567541,-0.18277018094227748,-0.43255309437886924,-0.510773791941968,0.19032046882517512,0.7101310861988587,200.0,13.0,1.2,0.5,0.3,3.0,IDLE,0.08,nan,0,0.05,20.0,0,unknown,unknown,nan,0,0.0,0,0.005121554000652395,1,0.00042369600123493,1.51149979501497e-05,0.00036631699913414195,8.160022844094783e-07,3.5939992812927812e-06,1.1700103641487658e-07,2.0244999177521095e-05,8.700008038431406e-07,0.0008881290013960097,0.00411187099860399,0.004225214997859439,0,0,0,200.0,0.0,0,0.0,1.0197723584129048,0.021500645261663974,1.7697723584129048,,,,,unknown,unknown,nan,,nan,,1.0,0.0,0.0,nan,nan,0.0,0,,2603642587,F04_M01_05,MDCEB22F,measured,approach,0.5,,0,0,1.0197723584129048,0.021500645261663974,1.7697723584129048,1.4697723584129048,0.0,0.0,0.0,0.0,0.0,1,0,1,0,ad4b715165e84dd399d377549dc111fb1309cda1260e23e9ee621d07fad63984,6ba3dffa4798388fb8057a608cfa40a0e24aeba9257d245b2d5103a1844d1115
4,3.777405198001361,0.6069414090015925,APPROACH,,KFB_TIMING,kfb_timing,0.0026196630982148472,-0.0027359853988400337,0.025593874121138383,1,-28.28571428571429,0,0.31072276627966283,-0.001757176797211925,0.43650604819175437,0.31063710864551985,-0.0013169227913804515,0.4489915646666034,-0.511726601019235,0.45554448986377316,-0.2096281514759895,-0.4339916108891235,-0.5051722985296809,0.1909895394860835,0.7164697190580946,200.0,13.0,1.2,0.5,0.3,3.0,IDLE,0.08,nan,0,0.05,20.0,0,unknown,unknown,nan,0,0.0,0,0.005111447000672342,1,0.00026798500039149076,2.2175001504365355e-05,0.0003886400008923374,1.577001967234537e-06,4.874000296695158e-06,1.1199881555512547e-07,2.685000072233379e-05,1.0090006981045008e-06,0.0007897169998614118,0.004210283000138588,0.004317633000027854,0,0,0,200.0,0.0,0,0.0,1.0197723584129048,0.021500645261663974,1.7697723584129048,,,,,unknown,unknown,nan,,nan,,1.0,0.0,0.0,nan,nan,0.0,0,,2608617545,F04_M01_05,MDCEB22F,measured,approach,0.5,,0,0,1.0197723584129048,0.021500645261663974,1.7697723584129048,1.4697723584129048,0.0,0.0,0.0,0.0,0.0,1,0,1,0,ad4b715165e84dd399d377549dc111fb1309cda1260e23e9ee621d07fad63984,6ba3dffa4798388fb8057a608cfa40a0e24aeba9257d245b2d5103a1844d1115
4,3.7825060630020744,0.6120422740023059,APPROACH,,KFB_TIMING,kfb_timing,0.0026165375859709405,-0.0026985251305335824,0.02551621352945696,1,-28.28571428571429,0,0.3107283096901414,-0.0018236163526050054,0.436368309317578,0.31060026288434267,-0.0013131279484822136,0.4488937502383435,-0.5159696231135532,0.4534677292863788,-0.2173246143402631,-0.43299965631885284,-0.5092424537554214,0.1908330948257309,0.7204773566728039,200.0,13.0,1.2,0.5,0.3,3.0,IDLE,0.08,nan,0,0.05,20.0,0,unknown,unknown,nan,0,0.0,0,0.005100865000713384,1,0.0003996659979748074,1.2999000318814069e-05,0.00014788599946768954,9.969990060199052e-07,4.067998816026375e-06,1.1600059224292636e-07,2.188299913541414e-05,8.930001058615744e-07,0.0006484139994427096,0.0043515860005572905,0.004450776999874506,0,0,0,200.0,0.0,0,0.0,1.0197723584129048,0.021500645261663974,1.7697723584129048,,,,,unknown,unknown,nan,,nan,,1.0,0.0,0.0,nan,nan,0.0,0,,2613631113,F04_M01_05,MDCEB22F,measured,approach,0.5,,0,0,1.0197723584129048,0.021500645261663974,1.7697723584129048,1.4697723584129048,0.0,0.0,0.0,0.0,0.0,1,0,1,0,ad4b715165e84dd399d377549dc111fb1309cda1260e23e9ee621d07fad63984,6ba3dffa4798388fb8057a608cfa40a0e24aeba9257d245b2d5103a1844d1115
4,3.7875931759990635,0.6171293869992951,APPROACH,,KFB_TIMING,kfb_timing,0.0026133548581791233,-0.0026610847111501554,0.025438549053753347,1,-28.28571428571429,0,0.310733939557028,-0.0018898440010540688,0.4362309300980451,0.31056527481415874,-0.0013112238476522785,0.4487948684638064,-0.5078024104021093,0.45363669703871634,-0.22067781755499344,-0.43344331432322686,-0.5059546483017652,0.19159639129922557,0.7157850515840796,200.0,13.0,1.2,0.5,0.3,3.0,IDLE,0.08,nan,0,0.05,20.0,0,unknown,unknown,nan,0,0.0,0,0.005087112996989163,1,0.00026732799960882403,1.1217998689971864e-05,0.00020397000116645359,7.470007403753698e-07,3.5869998100679368e-06,2.039996616076678e-07,2.002900146180764e-05,8.05001036496833e-07,0.0005592239976976998,0.0044407760023023,0.004523775998677593,0,0,0,200.0,0.0,0,0.0,1.0197723584129048,0.021500645261663974,1.7697723584129048,,,,,unknown,unknown,nan,,nan,,1.0,0.0,0.0,nan,nan,0.0,0,,2618608867,F04_M01_05,MDCEB22F,measured,approach,0.5,,0,0,1.0197723584129048,0.021500645261663974,1.7697723584129048,1.4697723584129048,0.0,0.0,0.0,0.0,0.0,1,0,1,0,ad4b715165e84dd399d377549dc111fb1309cda1260e23e9ee621d07fad63984,6ba3dffa4798388fb8057a608cfa40a0e24aeba9257d245b2d5103a1844d1115
4,3.792655797002226,0.6221920080024574,APPROACH,,KFB_TIMING,kfb_timing,0.0026058535085040357,-0.0026236345173284584,0.025366525732000017,1,-28.28571428571429,0,0.3107479145352087,-0.001959613531097525,0.4360967509978027,0.31052372498033387,-0.0013096132803626951,0.44868553230812147,-0.49202824863667094,0.4567819491573584,-0.24652762568841802,-0.4358361855445082,-0.49068309660221826,0.1931215654476635,0.7152044580118568,200.0,13.0,1.2,0.5,0.3,3.0,IDLE,0.08,nan,0,0.05,20.0,0,unknown,unknown,nan,0,0.0,0,0.005062621003162349,1,0.00023057399812387303,1.795200296328403e-05,0.00010868300159927458,9.840005077421665e-07,4.261000867700204e-06,1.1399970389902592e-07,2.3476000933442265e-05,8.270035323221236e-07,0.0004531980011961423,0.004546801998803858,0.00460606499837013,0,0,0,200.0,0.0,0,0.0,1.0197723584129048,0.021500645261663974,1.7697723584129048,,,,,unknown,unknown,nan,,nan,,1.0,0.0,0.0,nan,nan,0.0,0,,2623872350,F04_M01_05,MDCEB22F,measured,approach,0.5,,0,0,1.0197723584129048,0.021500645261663974,1.7697723584129048,1.4697723584129048,0.0,0.0,0.0,0.0,0.0,1,0,1,0,ad4b715165e84dd399d377549dc111fb1309cda1260e23e9ee621d07fad63984,6ba3dffa4798388fb8057a608cfa40a0e24aeba9257d245b2d5103a1844d1115
4,3.7977152669991483,0.6272514779993799,APPROACH,,KFB_TIMING,kfb_timing,0.0025940422734570256,-0.0025861758246264552,0.025300150158557095,1,-28.28571428571429,0,0.31077115915233006,-0.002033332576248917,0.4359661232704948,0.3104890612136863,-0.0013105325168696553,0.4485919511620792,-0.4693098299412798,0.45738194074620014,-0.27345076401930224,-0.43679181826406804,-0.46990360972620404,0.1933649209520986,0.7100882174371108,200.0,13.0,1.2,0.5,0.3,3.0,IDLE,0.08,nan,0,0.05,20.0,0,unknown,unknown,nan,0,0.0,0,0.005059469996922417,1,0.0003655039981822483,1.3707998732570559e-05,0.0001937810011440888,9.139985195361078e-07,3.7710015021730214e-06,1.1700103641487658e-07,2.0168998162262142e-05,2.6320012693759054e-06,0.000652863996947417,0.004347136003052583,0.004404683997563552,0,0,0,200.0,0.0,0,0.0,1.0197723584129048,0.021500645261663974,1.7697723584129048,,,,,unknown,unknown,nan,,nan,,1.0,0.0,0.0,nan,nan,0.0,0,,2628866577,F04_M01_05,MDCEB22F,measured,approach,0.5,,0,0,1.0197723584129048,0.021500645261663974,1.7697723584129048,1.4697723584129048,0.0,0.0,0.0,0.0,0.0,1,0,1,0,ad4b715165e84dd399d377549dc111fb1309cda1260e23e9ee621d07fad63984,6ba3dffa4798388fb8057a608cfa40a0e24aeba9257d245b2d5103a1844d1115
4,3.802774738000153,0.6323109490003844,APPROACH,,KFB_TIMING,kfb_timing,0.002580280852188338,-0.002554894095532524,0.025243086941910582,1,-28.28571428571429,0,0.3108025624691016,-0.0021047169215660517,0.43583590603250993,0.3104546636499402,-0.0013070595929090675,0.4484976812261225,-0.448558072738455,0.46021772428412966,-0.2802569614829585,-0.43934169313083526,-0.4556692424477849,0.1937766359293163,0.701105315073107,200.0,13.0,1.2,0.5,0.3,3.0,IDLE,0.08,nan,0,0.05,20.0,0,unknown,unknown,nan,0,0.0,0,0.005059471001004567,1,0.00031357300031231716,1.193899879581295e-05,0.00018901200019172393,9.129980753641576e-07,3.5439989005681127e-06,1.1700103641487658e-07,2.0127998141106218e-05,8.850001904647797e-07,0.0005858310032635927,0.004414168996736407,0.004471863001526799,0,0,0,200.0,0.0,0,0.0,1.0197723584129048,0.021500645261663974,1.7697723584129048,,,,,unknown,unknown,nan,,nan,,1.0,0.0,0.0,nan,nan,0.0,0,,2633874996,F04_M01_05,MDCEB22F,measured,approach,0.5,,0,0,1.0197723584129048,0.021500645261663974,1.7697723584129048,1.4697723584129048,0.0,0.0,0.0,0.0,0.0,1,0,1,0,ad4b715165e84dd399d377549dc111fb1309cda1260e23e9ee621d07fad63984,6ba3dffa4798388fb8057a608cfa40a0e24aeba9257d245b2d5103a1844d1115
4,3.8078355559991905,0.6373717669994221,APPROACH,,KFB_TIMING,kfb_timing,0.0025589722086432065,-0.0025295220853135242,0.02517514485308546,1,-28.28571428571429,0,0.3108453611638937,-0.0021556769425230557,0.43569944344083883,0.31042073983020124,-0.001305942135950978,0.44840677682849117,-0.4360926635210929,0.46490816132678214,-0.2850526212383717,-0.44321149861370035,-0.4470255665548215,0.19433309525085307,0.6982631355871776,200.0,13.0,1.2,0.5,0.3,3.0,IDLE,0.08,nan,0,0.05,20.0,0,unknown,unknown,nan,0,0.0,0,0.005060817999037681,1,0.00026219600113108754,1.4313998690340668e-05,0.0001795190000848379,9.239993232768029e-07,4.017998435301706e-06,1.399967004545033e-07,2.204100019298494e-05,9.14998963708058e-07,0.0005364930002542678,0.004463506999745732,0.004521537000982789,0,0,0,200.0,0.0,0,0.0,1.0197723584129048,0.021500645261663974,1.7697723584129048,,,,,unknown,unknown,nan,,nan,,1.0,0.0,0.0,nan,nan,0.0,0,,2639222880,F04_M01_05,MDCEB22F,measured,approach,0.5,,0,0,1.0197723584129048,0.021500645261663974,1.7697723584129048,1.4697723584129048,0.0,0.0,0.0,0.0,0.0,1,0,1,0,ad4b715165e84dd399d377549dc111fb1309cda1260e23e9ee621d07fad63984,6ba3dffa4798388fb8057a608cfa40a0e24aeba9257d245b2d5103a1844d1115
4,3.8129585669994412,0.6424947779996728,APPROACH,,KFB_TIMING,kfb_timing,0.0025425595406528,-0.002504311037005378,0.025114483004587254,1,-28.28571428571429,0,0.3108826143987949,-0.0022129006129998166,0.435561754060114,0.310388471616286,-0.0013036571780230327,0.44832115441533915,-0.4260899991292838,0.4711865114003559,-0.32550402705221854,-0.4479528221435742,-0.4292826877648748,0.19530950452143447,0.7138082988525997,200.0,13.0,1.2,0.5,0.3,3.0,IDLE,0.08,nan,0,0.05,20.0,0,unknown,unknown,nan,0,0.0,0,0.005123011000250699,1,0.000342823001119541,2.9278002330102026e-05,0.0003086260003328789,1.4930010365787894e-06,6.002999725751579e-06,1.359985617455095e-07,3.336999725433998e-05,1.3419994502328336e-06,0.0008347960028913803,0.00416520399710862,0.004286178002075758,0,0,0,200.0,0.0,0,0.0,1.0197723584129048,0.021500645261663974,1.7697723584129048,,,,,unknown,unknown,nan,,nan,,1.0,0.0,0.0,nan,nan,0.0,0,,2644508601,F04_M01_05,MDCEB22F,measured,approach,0.5,,0,0,1.0197723584129048,0.021500645261663974,1.7697723584129048,1.4697723584129048,0.0,0.0,0.0,0.0,0.0,1,0,1,0,ad4b715165e84dd399d377549dc111fb1309cda1260e23e9ee621d07fad63984,6ba3dffa4798388fb8057a608cfa40a0e24aeba9257d245b2d5103a1844d1115
4,3.8180498330002592,0.6475860440004908,APPROACH,,KFB_TIMING,kfb_timing,0.0025192824506948264,-0.0024851211678141357,0.02505586804202157,1,-28.28571428571429,0,0.31093654577068247,-0.0022573621833118927,0.43542594733556145,0.3103569182246712,-0.0013035038940493642,0.4482313334445802,-0.4231582062931563,0.47511587808370137,-0.38046167927896724,-0.45112724919014346,-0.4115507390199413,0.1957820089474993,0.741315759012487,200.0,13.0,1.2,0.5,0.3,3.0,IDLE,0.08,nan,0,0.05,20.0,0,unknown,unknown,nan,0,0.0,0,0.0050912660008179955,1,0.0004195629990135785,1.870900086942129e-05,0.00043368399929022416,1.3010030670557171e-06,5.742000212194398e-06,1.449989213142544e-07,3.030700099770911e-05,1.372001861454919e-06,0.000994690002698917,0.004005309997301083,0.004094967000128236,0,0,0,200.0,0.0,0,0.0,1.0197723584129048,0.021500645261663974,1.7697723584129048,,,,,unknown,unknown,nan,,nan,,1.0,0.0,0.0,nan,nan,0.0,0,,2649506998,F04_M01_05,MDCEB22F,measured,approach,0.5,,0,0,1.0197723584129048,0.021500645261663974,1.7697723584129048,1.4697723584129048,0.0,0.0,0.0,0.0,0.0,1,0,1,0,ad4b715165e84dd399d377549dc111fb1309cda1260e23e9ee621d07fad63984,6ba3dffa4798388fb8057a608cfa40a0e24aeba9257d245b2d5103a1844d1115
4,3.823258848002297,0.6527950590025284,APPROACH,,KFB_TIMING,kfb_timing,0.0024917281795785173,-0.002465916044187657,0.025002915753951183,1,-28.28571428571429,0,0.31100521433411515,-0.0023052236652727513,0.4352939838538595,0.3103242978149463,-0.0013015887332969754,0.448142305738069,-0.4366408981448415,0.47863243856770615,-0.37067417604147374,-0.4540625433922195,-0.4230967078197856,0.19648034134987685,0.7464205449785184,200.0,13.0,1.2,0.5,0.3,3.0,IDLE,0.08,nan,0,0.05,20.0,0,unknown,unknown,nan,0,0.0,0,0.005209015002037631,1,0.00030503699963446707,1.8724000256042928e-05,0.0004556599997158628,1.2620002962648869e-06,5.722999048884958e-06,1.3300086720846593e-07,3.059699884033762e-05,1.3239987310953438e-06,0.0009020370016514789,0.004097962998348521,0.004299822001485154,0,0,0,200.0,0.0,0,0.0,1.0197723584129048,0.021500645261663974,1.7697723584129048,,,,,unknown,unknown,nan,,nan,,1.0,0.0,0.0,nan,nan,0.0,0,,2654771156,F04_M01_05,MDCEB22F,measured,approach,0.5,,0,0,1.0197723584129048,0.021500645261663974,1.7697723584129048,1.4697723584129048,0.0,0.0,0.0,0.0,0.0,1,0,1,0,ad4b715165e84dd399d377549dc111fb1309cda1260e23e9ee621d07fad63984,6ba3dffa4798388fb8057a608cfa40a0e24aeba9257d245b2d5103a1844d1115
4,3.828434527000354,0.6579707380005857,APPROACH,,KFB_TIMING,kfb_timing,0.0024615645314426116,-0.002452754562641925,0.024946365458770228,1,-28.28571428571429,0,0.31107679562529056,-0.0023364571499819037,0.43515978446500686,0.31028362404082055,-0.0012987488746560947,0.44803093231214847,-0.4359481585362624,0.47452922739595477,-0.3106923734755125,-0.4521758124354964,-0.4398466979334493,0.19567458364927687,0.7153730044669055,200.0,13.0,1.2,0.5,0.3,3.0,IDLE,0.08,nan,0,0.05,20.0,0,unknown,unknown,nan,0,0.0,0,0.005175678998057265,1,0.0003070269995077979,3.151800046907738e-05,0.00045805000263499096,2.2660024114884436e-06,7.105001714080572e-06,1.3499811757355928e-07,3.9669001125730574e-05,1.6239973774645478e-06,0.0009663450000516605,0.00403365499994834,0.0042056149977725,0,0,0,200.0,0.0,0,0.0,1.0197723584129048,0.021500645261663974,1.7697723584129048,,,,,unknown,unknown,nan,,nan,,1.0,0.0,0.0,nan,nan,0.0,0,,2659961364,F04_M01_05,MDCEB22F,measured,approach,0.5,,0,0,1.0197723584129048,0.021500645261663974,1.7697723584129048,1.4697723584129048,0.0,0.0,0.0,0.0,0.0,1,0,1,0,ad4b715165e84dd399d377549dc111fb1309cda1260e23e9ee621d07fad63984,6ba3dffa4798388fb8057a608cfa40a0e24aeba9257d245b2d5103a1844d1115
4,3.8336366069997894,0.6631728180000209,APPROACH,,KFB_TIMING,kfb_timing,0.0024290051229229337,-0.0024334344668716246,0.02488617621230385,1,-28.28571428571429,0,0.31114825608726115,-0.0023788603456120646,0.43502768282208076,0.31025291573187985,-0.0012963434762212405,0.44794615330264764,-0.4277228197993825,0.47015368197454865,-0.2582290109131434,-0.4498915307665341,-0.44946249140897676,0.19533735396748064,0.6860564971841171,200.0,13.0,1.2,0.5,0.3,3.0,IDLE,0.08,nan,0,0.05,20.0,0,unknown,unknown,nan,0,0.0,0,0.005202079999435227,1,0.0004062999978486914,1.9530998542904854e-05,0.0004392460032249801,1.0449984984006733e-06,4.920999344903976e-06,1.5700061339884996e-07,2.688299719011411e-05,4.0570012060925364e-06,0.0009708620018500369,0.004029137998149963,0.004229215002851561,0,0,0,200.0,0.0,0,0.0,1.0197723584129048,0.021500645261663974,1.7697723584129048,,,,,unknown,unknown,nan,,nan,,1.0,0.0,0.0,nan,nan,0.0,0,,2665049422,F04_M01_05,MDCEB22F,measured,approach,0.5,,0,0,1.0197723584129048,0.021500645261663974,1.7697723584129048,1.4697723584129048,0.0,0.0,0.0,0.0,0.0,1,0,1,0,ad4b715165e84dd399d377549dc111fb1309cda1260e23e9ee621d07fad63984,6ba3dffa4798388fb8057a608cfa40a0e24aeba9257d245b2d5103a1844d1115
4,3.838708475999738,0.6682446869999694,APPROACH,,KFB_TIMING,kfb_timing,0.002400435786266475,-0.0024263481820463867,0.024820393343696217,1,-28.28571428571429,0,0.31120857402490976,-0.002393821494041546,0.4348887966093998,0.3102236481331074,-0.001293386151142605,0.4478619922618862,-0.4159219084587097,0.4635235916635091,-0.2529471910683156,-0.4459416226123154,-0.44288682527178913,0.1944258355975228,0.672181103151469,200.0,13.0,1.2,0.5,0.3,3.0,IDLE,0.08,nan,0,0.05,20.0,0,unknown,unknown,nan,0,0.0,0,0.005071868999948492,1,0.00023134699949878268,1.8900002032751217e-05,0.0004848630014748778,1.357999281026423e-06,5.67700044484809e-06,1.309999788645655e-07,3.064900010940619e-05,1.33900175569579e-06,0.0008578190027037635,0.0041421809972962366,0.0042117590019188356,0,0,0,200.0,0.0,0,0.0,1.0197723584129048,0.021500645261663974,1.7697723584129048,,,,,unknown,unknown,nan,,nan,,1.0,0.0,0.0,nan,nan,0.0,0,,2670143211,F04_M01_05,MDCEB22F,measured,approach,0.5,,0,0,1.0197723584129048,0.021500645261663974,1.7697723584129048,1.4697723584129048,0.0,0.0,0.0,0.0,0.0,1,0,1,0,ad4b715165e84dd399d377549dc111fb1309cda1260e23e9ee621d07fad63984,6ba3dffa4798388fb8057a608cfa40a0e24aeba9257d245b2d5103a1844d1115
4,3.84376755500125,0.6733037660014816,APPROACH,,KFB_TIMING,kfb_timing,0.002362634767029026,-0.0024191004831850714,0.024753021753232848,1,-28.28571428571429,0,0.3112825148628218,-0.0024079983849707,0.43475701413498974,0.3101937534964088,-0.0012932826910975097,0.447777325144031,-0.40872384169751735,0.45761076337857964,-0.2595312920048141,-0.44265569770357965,-0.43568198712510275,0.1932193481865856,0.6661976291323707,200.0,13.0,1.2,0.5,0.3,3.0,IDLE,0.08,nan,0,0.05,20.0,0,unknown,unknown,nan,0,0.0,0,0.005059079001512146,1,0.0004523130010056775,1.9115999748464674e-05,0.00030002799758221954,1.3600001693703234e-06,4.999001248506829e-06,1.3699900591745973e-07,2.7825997676700354e-05,1.2269993021618575e-06,0.0008766870014369488,0.004123312998563051,0.004180772000836441,0,0,0,200.0,0.0,0,0.0,1.0197723584129048,0.021500645261663974,1.7697723584129048,,,,,unknown,unknown,nan,,nan,,1.0,0.0,0.0,nan,nan,0.0,0,,2674885295,F04_M01_05,MDCEB22F,measured,approach,0.5,,0,0,1.0197723584129048,0.021500645261663974,1.7697723584129048,1.4697723584129048,0.0,0.0,0.0,0.0,0.0,1,0,1,0,ad4b715165e84dd399d377549dc111fb1309cda1260e23e9ee621d07fad63984,6ba3dffa4798388fb8057a608cfa40a0e24aeba9257d245b2d5103a1844d1115
4,3.8489148340013344,0.6784510450015659,APPROACH,,KFB_TIMING,kfb_timing,0.002331402672786226,-0.0024180451701286167,0.024683665335327485,1,-28.28571428571429,0,0.3113459132490702,-0.002410140577045491,0.4346162267469592,0.3101637560613889,-0.0012918808758480482,0.447693979415821,-0.3937882151335833,0.45542887773142837,-0.2744550164867866,-0.4418432785970525,-0.42106608531995804,0.19274885341286527,0.6616722580889756,200.0,13.0,1.2,0.5,0.3,3.0,IDLE,0.08,nan,0,0.05,20.0,0,unknown,unknown,nan,0,0.0,0,0.0051472790000843816,1,0.00028040100005455315,1.85370008694008e-05,0.00015798099775565788,9.659997886046767e-07,4.991998139303178e-06,1.360021997243166e-07,2.7190999389858916e-05,1.1849988368339837e-06,0.0005593399982899427,0.004440660001710057,0.004586102000757819,0,0,0,200.0,0.0,0,0.0,1.0197723584129048,0.021500645261663974,1.7697723584129048,,,,,unknown,unknown,nan,,nan,,1.0,0.0,0.0,nan,nan,0.0,0,,2680538260,F04_M01_05,MDCEB22F,measured,approach,0.5,,0,0,1.0197723584129048,0.021500645261663974,1.7697723584129048,1.4697723584129048,0.0,0.0,0.0,0.0,0.0,1,0,1,0,ad4b715165e84dd399d377549dc111fb1309cda1260e23e9ee621d07fad63984,6ba3dffa4798388fb8057a608cfa40a0e24aeba9257d245b2d5103a1844d1115
4,3.854013879001286,0.6835500900015177,APPROACH,,KFB_TIMING,kfb_timing,0.002297753627712812,-0.002410833100212052,0.02461067790858341,1,-28.28571428571429,0,0.3114097020492554,-0.0024238125634518165,0.43447786381955805,0.31015342498602083,-0.0012913601885129787,0.44766360724628906,-0.36729893669068714,0.4532998704608839,-0.282939004614243,-0.440958978394542,-0.4009256740929009,0.1922262651269401,0.6484163491045412,200.0,13.0,1.2,0.5,0.3,3.0,IDLE,0.08,nan,0,0.05,20.0,0,unknown,unknown,nan,0,0.0,0,0.0050990449999517296,1,0.0004516459994192701,1.8779002857627347e-05,0.00039422499685315415,3.029999788850546e-06,1.4508997992379591e-05,3.890017978847027e-07,8.70730000315234e-05,3.5820012271869928e-06,0.0011255200006416999,0.0038744799993583002,0.003970686997490702,0,0,0,200.0,0.0,0,0.0,1.0197723584129048,0.021500645261663974,1.7697723584129048,,,,,unknown,unknown,nan,,nan,,1.0,0.0,0.0,nan,nan,0.0,0,,2685423322,F04_M01_05,MDCEB22F,measured,approach,0.5,,0,0,1.0197723584129048,0.021500645261663974,1.7697723584129048,1.4697723584129048,0.0,0.0,0.0,0.0,0.0,1,0,1,0,ad4b715165e84dd399d377549dc111fb1309cda1260e23e9ee621d07fad63984,6ba3dffa4798388fb8057a608cfa40a0e24aeba9257d245b2d5103a1844d1115
4,3.859081492999394,0.6886177039996255,APPROACH,,KFB_TIMING,kfb_timing,0.0022664400322897904,-0.002409780218892313,0.024541356550984245,1,-28.28571428571429,0,0.31147228084596223,-0.0024259166988975962,0.4343393282382542,0.31011184391718405,-0.0012882767461480336,0.44753510419998993,-0.2795038898035408,0.4567574797777798,-0.3298482576287576,-0.44324120690429386,-0.32976434068211413,0.19399473295562397,0.6289274145789687,200.0,13.0,1.2,0.5,0.3,3.0,IDLE,0.08,nan,0,0.05,20.0,0,unknown,unknown,nan,0,0.0,0,0.005067613998107845,1,0.00032246999762719497,2.579099964350462e-05,0.00037811500078532845,1.4180004654917866e-06,6.047001079423353e-06,1.3699900591745973e-07,3.1250998290488496e-05,1.3209973985794932e-06,0.0008549980011594016,0.0041450019988405985,0.0042070370000146795,0,0,0,200.0,0.0,0,0.0,1.0197723584129048,0.021500645261663974,1.7697723584129048,,,,,unknown,unknown,nan,,nan,,1.0,0.0,0.0,nan,nan,0.0,0,,2690395849,F04_M01_05,MDCEB22F,measured,approach,0.5,,0,0,1.0197723584129048,0.021500645261663974,1.7697723584129048,1.4697723584129048,0.0,0.0,0.0,0.0,0.0,1,0,1,0,ad4b715165e84dd399d377549dc111fb1309cda1260e23e9ee621d07fad63984,6ba3dffa4798388fb8057a608cfa40a0e24aeba9257d245b2d5103a1844d1115
4,3.86416086600002,0.6936970770002517,APPROACH,,KFB_TIMING,kfb_timing,0.0022324911156548777,-0.002414739727038183,0.024468450184167836,1,-28.28571428571429,0,0.3115364834297206,-0.00241653751191028,0.4342014511692335,0.31008936116930036,-0.0012877771180653313,0.44745640798779585,-0.27717591992293156,0.4584045923528225,-0.3596698704382978,-0.44490920948057144,-0.3192968575118029,0.19423383386003945,0.645231490688716,200.0,13.0,1.2,0.5,0.3,3.0,IDLE,0.08,nan,0,0.05,20.0,0,unknown,unknown,nan,0,0.0,0,0.0050793730006262194,1,0.00025025400100275874,2.69049996859394e-05,0.00036394199923961423,1.2929995136801153e-06,5.2869982027914375e-06,1.5600016922689974e-07,3.106599979219027e-05,1.3460012269206345e-06,0.0007598510019306559,0.004240148998069344,0.004316751001169905,0,0,0,200.0,0.0,0,0.0,1.0197723584129048,0.021500645261663974,1.7697723584129048,,,,,unknown,unknown,nan,,nan,,1.0,0.0,0.0,nan,nan,0.0,0,,2695391458,F04_M01_05,MDCEB22F,measured,approach,0.5,,0,0,1.0197723584129048,0.021500645261663974,1.7697723584129048,1.4697723584129048,0.0,0.0,0.0,0.0,0.0,1,0,1,0,ad4b715165e84dd399d377549dc111fb1309cda1260e23e9ee621d07fad63984,6ba3dffa4798388fb8057a608cfa40a0e24aeba9257d245b2d5103a1844d1115
4,3.8692813310008205,0.6988175420010521,APPROACH,,KFB_TIMING,kfb_timing,0.00219849825139809,-0.0024196934377501674,0.024395563456813228,1,-28.28571428571429,0,0.31160128886984995,-0.0024070935474200133,0.43406249681663406,0.3100674969680566,-0.0012887414981059076,0.44738160117506975,-0.33628560892387727,0.4550075897632331,-0.3314732307290271,-0.44386525972956525,-0.36545602489448714,0.1925126127834559,0.6557395978598428,200.0,13.0,1.2,0.5,0.3,3.0,IDLE,0.08,nan,0,0.05,20.0,0,unknown,unknown,nan,0,0.0,0,0.005120465000800323,1,0.00039340800140053034,1.9349001377122477e-05,0.00012838099792134017,1.5259975043591112e-06,8.364000677829608e-06,1.5800105757080019e-07,3.3884996810229495e-05,5.0529997679404914e-06,0.0006823950025136583,0.004317604997486342,0.00442864000069676,0,0,0,200.0,0.0,0,0.0,1.0197723584129048,0.021500645261663974,1.7697723584129048,,,,,unknown,unknown,nan,,nan,,1.0,0.0,0.0,nan,nan,0.0,0,,2700659372,F04_M01_05,MDCEB22F,measured,approach,0.5,,0,0,1.0197723584129048,0.021500645261663974,1.7697723584129048,1.4697723584129048,0.0,0.0,0.0,0.0,0.0,1,0,1,0,ad4b715165e84dd399d377549dc111fb1309cda1260e23e9ee621d07fad63984,6ba3dffa4798388fb8057a608cfa40a0e24aeba9257d245b2d5103a1844d1115
4,3.87439202799942,0.7039282389996515,APPROACH,,KFB_TIMING,kfb_timing,0.002166291792145947,-0.002418523304854042,0.02431339436007692,1,-28.28571428571429,0,0.3116572343351186,-0.0024091261716457117,0.4339197618356904,0.31004469287353054,-0.0012843164840102934,0.4473077738492379,-0.3411455487582665,0.44366299175468094,-0.3288321957099044,-0.437519603761386,-0.368540190642869,0.1893735903846675,0.6491130476470873,200.0,13.0,1.2,0.5,0.3,3.0,IDLE,0.08,nan,0,0.05,20.0,0,unknown,unknown,nan,0,0.0,0,0.005110696998599451,1,0.00042019600005005486,3.488099901005626e-05,0.00022987500051385723,2.257998858112842e-06,6.729998858645558e-06,1.3699900591745973e-07,3.832600123132579e-05,1.625001459615305e-06,0.0008302889982587658,0.004169711001741234,0.00427732800017111,0,0,0,200.0,0.0,0,0.0,1.0197723584129048,0.021500645261663974,1.7697723584129048,,,,,unknown,unknown,nan,,nan,,1.0,0.0,0.0,nan,nan,0.0,0,,2705392298,F04_M01_05,MDCEB22F,measured,approach,0.5,,0,0,1.0197723584129048,0.021500645261663974,1.7697723584129048,1.4697723584129048,0.0,0.0,0.0,0.0,0.0,1,0,1,0,ad4b715165e84dd399d377549dc111fb1309cda1260e23e9ee621d07fad63984,6ba3dffa4798388fb8057a608cfa40a0e24aeba9257d245b2d5103a1844d1115
4,3.8795670030012843,0.7091032140015159,APPROACH,,KFB_TIMING,kfb_timing,0.0021314269389937357,-0.0024233562753557436,0.024227647581130034,1,-28.28571428571429,0,0.31171563055461105,-0.0024010312800657662,0.43377614190698194,0.310021196487217,-0.0012840007058256804,0.44723771726475486,-0.2776871838182411,0.4309668537377068,-0.34627692390431314,-0.4299643039562394,-0.32110526626414604,0.18672704068429294,0.6186681736651054,200.0,13.0,1.2,0.5,0.3,3.0,IDLE,0.08,nan,0,0.05,20.0,0,unknown,unknown,nan,0,0.0,0,0.005174975001864368,1,0.0001687460026005283,1.8426002498017624e-05,0.00014242399993236177,1.6640005924273282e-06,4.8080000851769e-06,1.489970600232482e-07,3.5082997783320025e-05,1.047999830916524e-06,0.0004495190005400218,0.004550480999459978,0.0047236200007318985,0,0,0,200.0,0.0,0,0.0,1.0197723584129048,0.021500645261663974,1.7697723584129048,,,,,unknown,unknown,nan,,nan,,1.0,0.0,0.0,nan,nan,0.0,0,,2711014779,F04_M01_05,MDCEB22F,measured,approach,0.5,,0,0,1.0197723584129048,0.021500645261663974,1.7697723584129048,1.4697723584129048,0.0,0.0,0.0,0.0,0.0,1,0,1,0,ad4b715165e84dd399d377549dc111fb1309cda1260e23e9ee621d07fad63984,6ba3dffa4798388fb8057a608cfa40a0e24aeba9257d245b2d5103a1844d1115
4,3.88472353600082,0.7142597470010514,APPROACH,,KFB_TIMING,kfb_timing,0.0020983190085364645,-0.002422071061323623,0.024132621773815036,1,-28.28571428571429,0,0.311766523299089,-0.0024030068813320747,0.4336300704351714,0.30999317963290696,-0.001280777731367146,0.44715473781495535,-0.14764037617256412,0.41862101634632315,-0.35739506063764453,-0.42224726439727794,-0.2317499159625794,0.1849607941284005,0.5698881165381415,200.0,13.0,1.2,0.5,0.3,3.0,IDLE,0.08,nan,0,0.05,20.0,0,unknown,unknown,nan,0,0.0,0,0.005156532999535557,1,0.00031908800156088546,1.891499778139405e-05,0.0004319120016589295,1.2370001059025526e-06,5.870999302715063e-06,1.3400131138041615e-07,3.084600029978901e-05,1.3780008885078132e-06,0.0008929190007620491,0.004107080999237951,0.0042614129997673444,0,0,0,200.0,0.0,0,0.0,1.0197723584129048,0.021500645261663974,1.7697723584129048,,,,,unknown,unknown,nan,,nan,,1.0,0.0,0.0,nan,nan,0.0,0,,2715888361,F04_M01_05,MDCEB22F,measured,approach,0.5,,0,0,1.0197723584129048,0.021500645261663974,1.7697723584129048,1.4697723584129048,0.0,0.0,0.0,0.0,0.0,1,0,1,0,ad4b715165e84dd399d377549dc111fb1309cda1260e23e9ee621d07fad63984,6ba3dffa4798388fb8057a608cfa40a0e24aeba9257d245b2d5103a1844d1115
4,3.889832834000117,0.7193690450003487,APPROACH,,KFB_TIMING,kfb_timing,0.0020669469891177183,-0.0024146773175840845,0.024028316451599745,1,-28.28571428571429,0,0.31181057013192204,-0.002413387819522852,0.4334836240419733,0.309973102744758,-0.0012804344571456273,0.44708963381207933,-0.050619024897348826,0.4059640854355725,-0.3713312909160781,-0.4142936935540376,-0.16337031703562854,0.18246038472235934,0.5524998207768942,200.0,13.0,1.2,0.5,0.3,3.0,IDLE,0.08,nan,0,0.05,20.0,0,unknown,unknown,nan,0,0.0,0,0.005109297999297269,1,0.00031869899976300076,1.924800017150119e-05,0.00016497999968123622,1.4090001059230417e-06,4.910998541163281e-06,1.3500175555236638e-07,2.7516998670762405e-05,1.3700009731110185e-06,0.0006068799993954599,0.00439312000060454,0.004492505999223795,0,0,0,200.0,0.0,0,0.0,1.0197723584129048,0.021500645261663974,1.7697723584129048,,,,,unknown,unknown,nan,,nan,,1.0,0.0,0.0,nan,nan,0.0,0,,2721286613,F04_M01_05,MDCEB22F,measured,approach,0.5,,0,0,1.0197723584129048,0.021500645261663974,1.7697723584129048,1.4697723584129048,0.0,0.0,0.0,0.0,0.0,1,0,1,0,ad4b715165e84dd399d377549dc111fb1309cda1260e23e9ee621d07fad63984,6ba3dffa4798388fb8057a608cfa40a0e24aeba9257d245b2d5103a1844d1115
4,3.894961523001257,0.7244977340014884,APPROACH,,KFB_TIMING,kfb_timing,0.002030476215238275,-0.0024071511236954026,0.02391680369793165,1,-28.28571428571429,0,0.31185829991154224,-0.002423237448074001,0.4333376858401954,0.309952018766415,-0.0012785846186094485,0.4470261163354345,0.03068033080421284,0.3959046846202755,-0.4186804980545932,-0.4077052567389761,-0.0960521058689084,0.1802922317128373,0.5770399998732999,200.0,13.0,1.2,0.5,0.3,3.0,IDLE,0.08,nan,0,0.05,20.0,0,unknown,unknown,nan,0,0.0,0,0.005128689001139719,1,0.0002851589997590054,3.228000059607439e-05,0.00042795799890882336,2.4560031306464225e-06,7.757000275887549e-06,1.320004230365157e-07,4.045999958179891e-05,1.643998984945938e-06,0.0009083690019906498,0.00409163099800935,0.00421457099946565,0,0,0,200.0,0.0,0,0.0,1.0197723584129048,0.021500645261663974,1.7697723584129048,,,,,unknown,unknown,nan,,nan,,1.0,0.0,0.0,nan,nan,0.0,0,,2726145312,F04_M01_05,MDCEB22F,measured,approach,0.5,,0,0,1.0197723584129048,0.021500645261663974,1.7697723584129048,1.4697723584129048,0.0,0.0,0.0,0.0,0.0,1,0,1,0,ad4b715165e84dd399d377549dc111fb1309cda1260e23e9ee621d07fad63984,6ba3dffa4798388fb8057a608cfa40a0e24aeba9257d245b2d5103a1844d1115
4,3.9001346420009213,0.7296708530011529,APPROACH,,KFB_TIMING,kfb_timing,0.0020046956491551193,-0.0024058157374631513,0.02379761783526825,1,-28.28571428571429,0,0.3118911083832549,-0.002424936866980668,0.4331860093412726,0.3099318675450636,-0.0012768202337514545,0.4469612761781585,0.10679124642767081,0.38683479517403874,-0.4681718545872168,-0.4016938433508549,-0.03187865169485889,0.17817008672337292,0.6166282628120041,200.0,13.0,1.2,0.5,0.3,3.0,IDLE,0.08,nan,0,0.05,20.0,0,unknown,unknown,nan,0,0.0,0,0.005173118999664439,1,0.0003376729982846882,2.7936999686062336e-05,0.0001427389979653526,1.6730009519960731e-06,5.7299985201098025e-06,1.5199839253909886e-07,3.2332001865142956e-05,1.3989993021823466e-06,0.0006304290000116453,0.004369570999988355,0.004539420002402039,0,0,0,200.0,0.0,0,0.0,1.0197723584129048,0.021500645261663974,1.7697723584129048,,,,,unknown,unknown,nan,,nan,,1.0,0.0,0.0,nan,nan,0.0,0,,2731138085,F04_M01_05,MDCEB22F,measured,approach,0.5,,0,0,1.0197723584129048,0.021500645261663974,1.7697723584129048,1.4697723584129048,0.0,0.0,0.0,0.0,0.0,1,0,1,0,ad4b715165e84dd399d377549dc111fb1309cda1260e23e9ee621d07fad63984,6ba3dffa4798388fb8057a608cfa40a0e24aeba9257d245b2d5103a1844d1115
4,3.9053230110002914,0.734859222000523,APPROACH,,KFB_TIMING,kfb_timing,0.0019737768281453683,-0.0024043412090877414,0.023671225075653772,1,-28.28571428571429,0,0.31192809158647833,-0.0024267006076662935,0.4330348260502501,0.3099104573214267,-0.0012774077964048097,0.44689687818078105,0.15810876587192813,0.3800292651805164,-0.4841828227791483,-0.39729681378101744,0.0065090452831978,0.17655512826363054,0.6354947915707662,200.0,13.0,1.2,0.5,0.3,3.0,IDLE,0.08,nan,0,0.05,20.0,0,unknown,unknown,nan,0,0.0,0,0.005188368999370141,1,0.00017396899784216657,1.8860999261960387e-05,0.00014925800132914446,1.1089978215750307e-06,4.854002327192575e-06,1.410007826052606e-07,2.666100044734776e-05,4.482000804273412e-06,0.0004477559996303171,0.004552244000369683,0.0047371580003527924,0,0,0,200.0,0.0,0,0.0,1.0197723584129048,0.021500645261663974,1.7697723584129048,,,,,unknown,unknown,nan,,nan,,1.0,0.0,0.0,nan,nan,0.0,0,,2736378365,F04_M01_05,MDCEB22F,measured,approach,0.5,,0,0,1.0197723584129048,0.021500645261663974,1.7697723584129048,1.4697723584129048,0.0,0.0,0.0,0.0,0.0,1,0,1,0,ad4b715165e84dd399d377549dc111fb1309cda1260e23e9ee621d07fad63984,6ba3dffa4798388fb8057a608cfa40a0e24aeba9257d245b2d5103a1844d1115
4,3.910506920001353,0.7400431310015847,APPROACH,,KFB_TIMING,kfb_timing,0.0019445031814551983,-0.0023967728302349274,0.02353554880257564,1,-28.28571428571429,0,0.31196084271654484,-0.002435168051535673,0.43288303248269255,0.309890426571571,-0.0012769470153207807,0.44683399905121857,0.17795704129604412,0.3734927397588167,-0.48806589812487033,-0.39331276908090995,0.02127462987584033,0.17474413448820436,0.6398233006946726,200.0,13.0,1.2,0.5,0.3,3.0,IDLE,0.08,nan,0,0.05,20.0,0,unknown,unknown,nan,0,0.0,0,0.005183909001061693,1,0.00023729700114927255,1.9742998119909316e-05,0.00012303499897825532,1.1690026440192014e-06,5.1530005293898284e-06,1.2899909052066505e-07,2.681199839571491e-05,1.2119999155402184e-06,0.0004964990002918057,0.004503500999708194,0.004670222002459923,0,0,0,200.0,0.0,0,0.0,1.0197723584129048,0.021500645261663974,1.7697723584129048,,,,,unknown,unknown,nan,,nan,,1.0,0.0,0.0,nan,nan,0.0,0,,2741644587,F04_M01_05,MDCEB22F,measured,approach,0.5,,0,0,1.0197723584129048,0.021500645261663974,1.7697723584129048,1.4697723584129048,0.0,0.0,0.0,0.0,0.0,1,0,1,0,ad4b715165e84dd399d377549dc111fb1309cda1260e23e9ee621d07fad63984,6ba3dffa4798388fb8057a608cfa40a0e24aeba9257d245b2d5103a1844d1115
4,3.9157501200024853,0.7452863310027169,APPROACH,,KFB_TIMING,kfb_timing,0.0019194705589394845,-0.002377143283438059,0.023394170736014016,1,-28.28571428571429,0,0.3119880144528305,-0.00245647500284035,0.4327295732301204,0.30986483418030375,-0.0012764478891336747,0.44676055102166734,0.18308699868929018,0.3732400425551383,-0.45141987360432684,-0.3933546003748316,0.015230918257322628,0.17485344822584523,0.6136846753346217,200.0,13.0,1.2,0.5,0.3,3.0,IDLE,0.08,nan,0,0.05,20.0,0,unknown,unknown,nan,0,0.0,0,0.005243200001132209,1,0.0003378809997229837,1.851699926191941e-05,0.00011951299893553369,1.0420008038636297e-06,4.999001248506829e-06,1.410007826052606e-07,2.7378999220672995e-05,1.2470009096432477e-06,0.0005792749980173539,0.004420725001982646,0.004660260001401184,0,0,0,200.0,0.0,0,0.0,1.0197723584129048,0.021500645261663974,1.7697723584129048,,,,,unknown,unknown,nan,,nan,,1.0,0.0,0.0,nan,nan,0.0,0,,2746890803,F04_M01_05,MDCEB22F,measured,approach,0.5,,0,0,1.0197723584129048,0.021500645261663974,1.7697723584129048,1.4697723584129048,0.0,0.0,0.0,0.0,0.0,1,0,1,0,ad4b715165e84dd399d377549dc111fb1309cda1260e23e9ee621d07fad63984,6ba3dffa4798388fb8057a608cfa40a0e24aeba9257d245b2d5103a1844d1115
4,3.920992588002264,0.7505287990024954,APPROACH,,KFB_TIMING,kfb_timing,0.0018901054248403604,-0.0023575088838143857,0.02325849038821007,1,-28.28571428571429,0,0.31202095498876437,-0.0024785000221765785,0.43257737289085846,0.3098457366869323,-0.0012784037630143063,0.44670161210704823,0.20938755628781533,0.3742060346984152,-0.4417883132733825,-0.3940864719971501,0.031025120217243483,0.17544485416623212,0.6156705441044219,200.0,13.0,1.2,0.5,0.3,3.0,IDLE,0.08,nan,0,0.05,20.0,0,unknown,unknown,nan,0,0.0,0,0.005242467999778455,1,0.00028154500250821,2.1588002709904686e-05,0.000173225998878479,1.1690026440192014e-06,5.112997314427048e-06,1.2600139598362148e-07,2.7807996957562864e-05,1.3429998944047838e-06,0.0005830419977428392,0.004416958002257161,0.004655236003600294,0,0,0,200.0,0.0,0,0.0,1.0197723584129048,0.021500645261663974,1.7697723584129048,,,,,unknown,unknown,nan,,nan,,1.0,0.0,0.0,nan,nan,0.0,0,,2752147037,F04_M01_05,MDCEB22F,measured,approach,0.5,,0,0,1.0197723584129048,0.021500645261663974,1.7697723584129048,1.4697723584129048,0.0,0.0,0.0,0.0,0.0,1,0,1,0,ad4b715165e84dd399d377549dc111fb1309cda1260e23e9ee621d07fad63984,6ba3dffa4798388fb8057a608cfa40a0e24aeba9257d245b2d5103a1844d1115
4,3.926166096000088,0.7557023070003197,APPROACH,,KFB_TIMING,kfb_timing,0.0018605910352806898,-0.002337897144136085,0.023122832202216267,1,-28.28571428571429,0,0.31205362588040414,-0.002500209196293225,0.4324272063463093,0.3098268498745542,-0.0012761306873058653,0.44664339145427084,0.22457589868256284,0.37703794054562545,-0.4507424991667126,-0.39605582369661707,0.04482306078265323,0.17623473208944967,0.6290951783593809,200.0,13.0,1.2,0.5,0.3,3.0,IDLE,0.08,nan,0,0.05,20.0,0,unknown,unknown,nan,0,0.0,0,0.005173507997824345,1,0.0003114910032309126,1.893599983304739e-05,0.00015923500177450478,1.209999027196318e-06,5.474001227412373e-06,1.3399767340160906e-07,2.9195998649811372e-05,1.2890013749711215e-06,0.000597992999246344,0.004402007000753656,0.004569046999677084,0,0,0,200.0,0.0,0,0.0,1.0197723584129048,0.021500645261663974,1.7697723584129048,,,,,unknown,unknown,nan,,nan,,1.0,0.0,0.0,nan,nan,0.0,0,,2757760072,F04_M01_05,MDCEB22F,measured,approach,0.5,,0,0,1.0197723584129048,0.021500645261663974,1.7697723584129048,1.4697723584129048,0.0,0.0,0.0,0.0,0.0,1,0,1,0,ad4b715165e84dd399d377549dc111fb1309cda1260e23e9ee621d07fad63984,6ba3dffa4798388fb8057a608cfa40a0e24aeba9257d245b2d5103a1844d1115
4,3.931331121999392,0.7608673329996236,APPROACH,,KFB_TIMING,kfb_timing,0.0018252411523383139,-0.0023122853799210866,0.023002155284041682,1,-28.28571428571429,0,0.3120963088657145,-0.002531133953739897,0.43228149578952635,0.3098066430688723,-0.0012755347981138832,0.44658265970745536,0.25304782207361187,0.3848858020055489,-0.4646119221506591,-0.4010333525257021,0.06847201505674394,0.17873345389957027,0.6542434707707697,200.0,13.0,1.2,0.5,0.3,3.0,IDLE,0.08,nan,0,0.05,20.0,0,unknown,unknown,nan,0,0.0,0,0.005165025999303907,1,0.00048103399967658333,2.959400080726482e-05,0.00038530600068042986,2.5720000849105418e-06,6.840997230028734e-06,1.5100158634595573e-07,3.627400292316452e-05,1.991000317502767e-06,0.0010450260015204549,0.003954973998479545,0.0041165549992001615,0,0,0,200.0,0.0,0,0.0,1.0197723584129048,0.021500645261663974,1.7697723584129048,,,,,unknown,unknown,nan,,nan,,1.0,0.0,0.0,nan,nan,0.0,0,,2762652513,F04_M01_05,MDCEB22F,measured,approach,0.5,,0,0,1.0197723584129048,0.021500645261663974,1.7697723584129048,1.4697723584129048,0.0,0.0,0.0,0.0,0.0,1,0,1,0,ad4b715165e84dd399d377549dc111fb1309cda1260e23e9ee621d07fad63984,6ba3dffa4798388fb8057a608cfa40a0e24aeba9257d245b2d5103a1844d1115
4,3.936497637001594,0.7660338480018254,APPROACH,,KFB_TIMING,kfb_timing,0.0017831779409633042,-0.002280578308439397,0.022883579445413766,1,-28.28571428571429,0,0.31214655658362533,-0.0025690104717590767,0.4321398478959004,0.30978704514315625,-0.0012730569687305106,0.4465195800302634,0.2847367644910726,0.4076307458124323,-0.46307216766061976,-0.414950066253572,0.08946183913209504,0.18642674627131994,0.6794657330920739,200.0,13.0,1.2,0.5,0.3,3.0,IDLE,0.08,nan,0,0.05,20.0,0,unknown,unknown,nan,0,0.0,0,0.005166515002201777,1,0.0003129819997411687,2.4553999537602067e-05,0.0003193020020262338,1.4079996617510915e-06,5.180998414289206e-06,1.4799661585129797e-07,2.735700036282651e-05,1.272997906198725e-06,0.0007632120032212697,0.00423678799677873,0.004399802000989439,0,0,0,200.0,0.0,0,0.0,1.0197723584129048,0.021500645261663974,1.7697723584129048,,,,,unknown,unknown,nan,,nan,,1.0,0.0,0.0,nan,nan,0.0,0,,2767960408,F04_M01_05,MDCEB22F,measured,approach,0.5,,0,0,1.0197723584129048,0.021500645261663974,1.7697723584129048,1.4697723584129048,0.0,0.0,0.0,0.0,0.0,1,0,1,0,ad4b715165e84dd399d377549dc111fb1309cda1260e23e9ee621d07fad63984,6ba3dffa4798388fb8057a608cfa40a0e24aeba9257d245b2d5103a1844d1115
4,3.941618187000131,0.7711543980003626,APPROACH,,KFB_TIMING,kfb_timing,0.0017383545397914313,-0.0022548743185689816,0.0227614668534366,1,-28.28571428571429,0,0.3121984864212575,-0.002598789649277354,0.43199837520733964,0.30976654842066603,-0.0012718948335272073,0.4464530428192165,0.24584850604207642,0.41882664907959943,-0.46836315373760873,-0.4224111121487313,0.06602767049487969,0.18936315385697994,0.6747008920117163,200.0,13.0,1.2,0.5,0.3,3.0,IDLE,0.08,nan,0,0.05,20.0,0,unknown,unknown,nan,0,0.0,0,0.005120549998537172,1,0.00035048899735556915,1.8855000234907493e-05,0.0004319219988246914,1.0090006981045008e-06,4.995003109797835e-06,1.4699980965815485e-07,2.654200216056779e-05,3.929002559743822e-06,0.0009063689976755995,0.004093631002324401,0.004209743998217164,0,0,0,200.0,0.0,0,0.0,1.0197723584129048,0.021500645261663974,1.7697723584129048,,,,,unknown,unknown,nan,,nan,,1.0,0.0,0.0,nan,nan,0.0,0,,2772927631,F04_M01_05,MDCEB22F,measured,approach,0.5,,0,0,1.0197723584129048,0.021500645261663974,1.7697723584129048,1.4697723584129048,0.0,0.0,0.0,0.0,0.0,1,0,1,0,ad4b715165e84dd399d377549dc111fb1309cda1260e23e9ee621d07fad63984,6ba3dffa4798388fb8057a608cfa40a0e24aeba9257d245b2d5103a1844d1115
4,3.9467478420010593,0.7762840530012909,APPROACH,,KFB_TIMING,kfb_timing,0.001692463161557134,-0.0022290997237866634,0.022626511902155078,1,-28.28571428571429,0,0.3122472398074429,-0.0026261716722529587,0.4318550038136137,0.3097428053749753,-0.0012719849892409178,0.4463763421340641,0.16144854973659298,0.41990778763675196,-0.4771525642513411,-0.42420074493948345,0.013557214035647566,0.18851356463252475,0.6557917000859884,200.0,13.0,1.2,0.5,0.3,3.0,IDLE,0.08,nan,0,0.05,20.0,0,unknown,unknown,nan,0,0.0,0,0.005129655000928324,1,0.00027809699895442463,2.0632000087061897e-05,0.0003407219992368482,1.2450000212993473e-06,5.002999387215823e-06,1.270018401555717e-07,2.995399700012058e-05,1.258002157555893e-06,0.0007539170001109596,0.0042460829998890405,0.004372403000161285,0,0,0,200.0,0.0,0,0.0,1.0197723584129048,0.021500645261663974,1.7697723584129048,,,,,unknown,unknown,nan,,nan,,1.0,0.0,0.0,nan,nan,0.0,0,,2777892093,F04_M01_05,MDCEB22F,measured,approach,0.5,,0,0,1.0197723584129048,0.021500645261663974,1.7697723584129048,1.4697723584129048,0.0,0.0,0.0,0.0,0.0,1,0,1,0,ad4b715165e84dd399d377549dc111fb1309cda1260e23e9ee621d07fad63984,6ba3dffa4798388fb8057a608cfa40a0e24aeba9257d245b2d5103a1844d1115
4,3.9519117519994325,0.781447962999664,APPROACH,,KFB_TIMING,kfb_timing,0.001635497131401431,-0.002209264900100528,0.02249942757715602,1,-28.28571428571429,0,0.31230997398810234,-0.002648014890203612,0.43171505144232003,0.30972280028389676,-0.0012695345251505352,0.44631197913888865,0.07289744356475794,0.4199349094616466,-0.4791091107928861,-0.42555188186100645,-0.04385344549892307,0.18746637514013625,0.6412526066282993,200.0,13.0,1.2,0.5,0.3,3.0,IDLE,0.08,nan,0,0.05,20.0,0,unknown,unknown,nan,0,0.0,0,0.0051639099983731285,1,0.00030491700090351515,1.8142996850656345e-05,0.00016085199968074448,1.1219999578315765e-06,4.953999450663105e-06,1.5299883671104908e-07,2.7099998987978324e-05,1.3129974831826985e-06,0.000585829999181442,0.004414170000818558,0.004574599999614293,0,0,0,200.0,0.0,0,0.0,1.0197723584129048,0.021500645261663974,1.7697723584129048,,,,,unknown,unknown,nan,,nan,,1.0,0.0,0.0,nan,nan,0.0,0,,2783469232,F04_M01_05,MDCEB22F,measured,approach,0.5,,0,0,1.0197723584129048,0.021500645261663974,1.7697723584129048,1.4697723584129048,0.0,0.0,0.0,0.0,0.0,1,0,1,0,ad4b715165e84dd399d377549dc111fb1309cda1260e23e9ee621d07fad63984,6ba3dffa4798388fb8057a608cfa40a0e24aeba9257d245b2d5103a1844d1115
4,3.9570759810012532,0.7866121920014848,APPROACH,,KFB_TIMING,kfb_timing,0.0015810439917617047,-0.0021835077507722294,0.022375975132577337,1,-28.28571428571429,0,0.3123713889653359,-0.0026770650928193683,0.4315758155943343,0.3097031271898085,-0.0012686738470967787,0.4462456149285262,-0.006365824901696467,0.42167402740082505,-0.46867208725242904,-0.4280007732931175,-0.09905701730888253,0.1871953160109641,0.6304784171410305,200.0,13.0,1.2,0.5,0.3,3.0,IDLE,0.08,nan,0,0.05,20.0,0,unknown,unknown,nan,0,0.0,0,0.005164229001820786,1,0.00043513399941730313,1.8889997591031715e-05,0.000424079000367783,1.2839991541113704e-06,5.8869991335086524e-06,1.3500175555236638e-07,3.0422001145780087e-05,1.305001205764711e-06,0.0010021850030170754,0.003997814996982925,0.004154513000685256,0,0,0,200.0,0.0,0,0.0,1.0197723584129048,0.021500645261663974,1.7697723584129048,,,,,unknown,unknown,nan,,nan,,1.0,0.0,0.0,nan,nan,0.0,0,,2788476065,F04_M01_05,MDCEB22F,measured,approach,0.5,,0,0,1.0197723584129048,0.021500645261663974,1.7697723584129048,1.4697723584129048,0.0,0.0,0.0,0.0,0.0,1,0,1,0,ad4b715165e84dd399d377549dc111fb1309cda1260e23e9ee621d07fad63984,6ba3dffa4798388fb8057a608cfa40a0e24aeba9257d245b2d5103a1844d1115
4,3.9621812629993656,0.7917174739995971,APPROACH,,KFB_TIMING,kfb_timing,0.0015196837641260064,-0.0021637090850269206,0.022254711602967513,1,-28.28571428571429,0,0.31243981716880925,-0.002699144331771419,0.4314405839337332,0.3096806468800465,-0.0012679848366352626,0.446176021273482,-0.06878227770122083,0.42250919371044704,-0.43365649184996435,-0.42973917578751875,-0.15071067232257432,0.18688358098086638,0.6093463493114881,200.0,13.0,1.2,0.5,0.3,3.0,IDLE,0.08,nan,0,0.05,20.0,0,unknown,unknown,nan,0,0.0,0,0.005105281998112332,1,0.00025520200142636895,3.0885999876772985e-05,0.00041249800051446073,2.14899773709476e-06,6.947997462702915e-06,1.3400131138041615e-07,3.938299778383225e-05,2.0049992599524558e-06,0.0008540429989807308,0.004145957001019269,0.004247849999956088,0,0,0,200.0,0.0,0,0.0,1.0197723584129048,0.021500645261663974,1.7697723584129048,,,,,unknown,unknown,nan,,nan,,1.0,0.0,0.0,nan,nan,0.0,0,,2793676962,F04_M01_05,MDCEB22F,measured,approach,0.5,,0,0,1.0197723584129048,0.021500645261663974,1.7697723584129048,1.4697723584129048,0.0,0.0,0.0,0.0,0.0,1,0,1,0,ad4b715165e84dd399d377549dc111fb1309cda1260e23e9ee621d07fad63984,6ba3dffa4798388fb8057a608cfa40a0e24aeba9257d245b2d5103a1844d1115
4,3.9673527910017583,0.7968890020019899,APPROACH,,KFB_TIMING,kfb_timing,0.001459670535036428,-0.002149906306236014,0.02212424562634761,1,-28.28571428571429,0,0.3125043550685794,-0.002713987764922245,0.4313002815329086,0.30965856760380944,-0.0012681768954264832,0.4461108042797741,-0.09109668755929443,0.42439190258499654,-0.3902860594088117,-0.4318162201960427,-0.1789766467574698,0.18721349024222256,0.5837210820527621,200.0,13.0,1.2,0.5,0.3,3.0,IDLE,0.08,nan,0,0.05,20.0,0,unknown,unknown,nan,0,0.0,0,0.0051715280023927335,1,0.0004943510029988829,1.981999957934022e-05,0.00029923200054327026,1.8130012904293835e-06,6.033002136973664e-06,1.3700264389626682e-07,3.223200110369362e-05,1.3419994502328336e-06,0.0009422760012967046,0.0040577239987032955,0.0042257570021320134,0,0,0,200.0,0.0,0,0.0,1.0197723584129048,0.021500645261663974,1.7697723584129048,,,,,unknown,unknown,nan,,nan,,1.0,0.0,0.0,nan,nan,0.0,0,,2798761167,F04_M01_05,MDCEB22F,measured,approach,0.5,,0,0,1.0197723584129048,0.021500645261663974,1.7697723584129048,1.4697723584129048,0.0,0.0,0.0,0.0,0.0,1,0,1,0,ad4b715165e84dd399d377549dc111fb1309cda1260e23e9ee621d07fad63984,6ba3dffa4798388fb8057a608cfa40a0e24aeba9257d245b2d5103a1844d1115
4,3.9725162210015696,0.8020524320018012,APPROACH,,KFB_TIMING,kfb_timing,0.0013945788638633216,-0.002123999354731533,0.021986639394385457,1,-28.28571428571429,0,0.31256965298472084,-0.0027399768034018605,0.431162239291355,0.3096299268207549,-0.0012662339436558447,0.4460255323038812,-0.05735590757247624,0.4255941643167722,-0.42617577010608965,-0.4330466984799096,-0.14829119557536224,0.18747286030043575,0.605017255836123,200.0,13.0,1.2,0.5,0.3,3.0,IDLE,0.08,nan,0,0.05,20.0,0,unknown,unknown,nan,0,0.0,0,0.005163429999811342,1,0.00026523300039116293,2.004699854296632e-05,0.0004439090007508639,1.2029995559714735e-06,5.728998075937852e-06,1.3300086720846593e-07,3.004099926329218e-05,1.2669988791458309e-06,0.0008526969977538101,0.00414730300224619,0.004307456998503767,0,0,0,200.0,0.0,0,0.0,1.0197723584129048,0.021500645261663974,1.7697723584129048,,,,,unknown,unknown,nan,,nan,,1.0,0.0,0.0,nan,nan,0.0,0,,2804051211,F04_M01_05,MDCEB22F,measured,approach,0.5,,0,0,1.0197723584129048,0.021500645261663974,1.7697723584129048,1.4697723584129048,0.0,0.0,0.0,0.0,0.0,1,0,1,0,ad4b715165e84dd399d377549dc111fb1309cda1260e23e9ee621d07fad63984,6ba3dffa4798388fb8057a608cfa40a0e24aeba9257d245b2d5103a1844d1115
4,3.9777409859998443,0.8072771970000758,APPROACH,,KFB_TIMING,kfb_timing,0.0013319867348806913,-0.002092201702779907,0.02185267282346134,1,-28.28571428571429,0,0.3126345192023453,-0.0027729297232811784,0.4310234054653579,0.30960606728596907,-0.001262779300201659,0.4459519882569391,0.005038781355158034,0.4309706791988814,-0.45718279014600877,-0.43676802239880064,-0.10074828492715994,0.18892489395261958,0.6283129946550363,200.0,13.0,1.2,0.5,0.3,3.0,IDLE,0.08,nan,0,0.05,20.0,0,unknown,unknown,nan,0,0.0,0,0.0052247649982746225,1,0.00033792500107665546,1.9039001927012578e-05,0.0004999779994250275,1.3950011634733528e-06,5.688998498953879e-06,1.2600139598362148e-07,2.9948001611046493e-05,3.239998477511108e-06,0.0009812169992073905,0.00401878300079261,0.004239605001203017,0,0,0,200.0,0.0,0,0.0,1.0197723584129048,0.021500645261663974,1.7697723584129048,,,,,unknown,unknown,nan,,nan,,1.0,0.0,0.0,nan,nan,0.0,0,,2809213263,F04_M01_05,MDCEB22F,measured,approach,0.5,,0,0,1.0197723584129048,0.021500645261663974,1.7697723584129048,1.4697723584129048,0.0,0.0,0.0,0.0,0.0,1,0,1,0,ad4b715165e84dd399d377549dc111fb1309cda1260e23e9ee621d07fad63984,6ba3dffa4798388fb8057a608cfa40a0e24aeba9257d245b2d5103a1844d1115
4,3.9828951390009024,0.812431350001134,APPROACH,,KFB_TIMING,kfb_timing,0.0012742015916342442,-0.0020725549323291734,0.021725976478043474,1,-28.28571428571429,0,0.3126980542916703,-0.002794531457661434,0.4308841021224737,0.3095822098628798,-0.0012628952593031432,0.4458783708674904,0.08885641941463253,0.4348694840244375,-0.46840323942665274,-0.43946164761159756,-0.04514705761585183,0.18994224392148598,0.6452972385747917,200.0,13.0,1.2,0.5,0.3,3.0,IDLE,0.08,nan,0,0.05,20.0,0,unknown,unknown,nan,0,0.0,0,0.005154153001058148,1,0.0003900219999195542,1.8699000065680593e-05,0.00039417199877789244,1.1429983715061098e-06,5.08499942952767e-06,1.4299803297035396e-07,2.7966998459305614e-05,1.3089993444737047e-06,0.000914767002541339,0.004085232997458661,0.004236091997881886,0,0,0,200.0,0.0,0,0.0,1.0197723584129048,0.021500645261663974,1.7697723584129048,,,,,unknown,unknown,nan,,nan,,1.0,0.0,0.0,nan,nan,0.0,0,,2813884322,F04_M01_05,MDCEB22F,measured,approach,0.5,,0,0,1.0197723584129048,0.021500645261663974,1.7697723584129048,1.4697723584129048,0.0,0.0,0.0,0.0,0.0,1,0,1,0,ad4b715165e84dd399d377549dc111fb1309cda1260e23e9ee621d07fad63984,6ba3dffa4798388fb8057a608cfa40a0e24aeba9257d245b2d5103a1844d1115
4,3.987959171001421,0.8174953820016526,APPROACH,,KFB_TIMING,kfb_timing,0.001217898058921224,-0.0020469158109506793,0.02159004059708871,1,-28.28571428571429,0,0.312755326289881,-0.0028206115922987615,0.43074582803636097,0.3095563136499834,-0.0012619795252325414,0.4458027560676801,0.11297856004095887,0.43736142980021264,-0.4699245925135562,-0.44138767701180126,-0.0312076413928976,0.18994325365158835,0.6518268926293597,200.0,13.0,1.2,0.5,0.3,3.0,IDLE,0.08,nan,0,0.05,20.0,0,unknown,unknown,nan,0,0.0,0,0.005064032000518637,1,0.00017591399955563247,1.8853999790735543e-05,0.00013217999730841257,9.949981176760048e-07,5.146001058164984e-06,1.3799945008940995e-07,2.6706999051384628e-05,1.2279997463338077e-06,0.0004303210007492453,0.004569678999250755,0.0046298930028569885,0,0,0,200.0,0.0,0,0.0,1.0197723584129048,0.021500645261663974,1.7697723584129048,,,,,unknown,unknown,nan,,nan,,1.0,0.0,0.0,nan,nan,0.0,0,,2819152194,F04_M01_05,MDCEB22F,measured,approach,0.5,,0,0,1.0197723584129048,0.021500645261663974,1.7697723584129048,1.4697723584129048,0.0,0.0,0.0,0.0,0.0,1,0,1,0,ad4b715165e84dd399d377549dc111fb1309cda1260e23e9ee621d07fad63984,6ba3dffa4798388fb8057a608cfa40a0e24aeba9257d245b2d5103a1844d1115
4,3.9931365060001554,0.8226727170003869,APPROACH,,KFB_TIMING,kfb_timing,0.001161440461772023,-0.00202131565209201,0.02145417069892337,1,-28.28571428571429,0,0.3128140432839332,-0.0028472362531299098,0.4306045207118328,0.30952937550309517,-0.0012593739333789352,0.44572043080140433,0.05551401583002155,0.43988869500129524,-0.458832147119546,-0.44339063398295364,-0.07407493710886968,0.18953018909374098,0.6380523561384686,200.0,13.0,1.2,0.5,0.3,3.0,IDLE,0.08,nan,0,0.05,20.0,0,unknown,unknown,nan,0,0.0,0,0.005177334998734295,1,0.00034745199809549376,1.9661001715576276e-05,0.00015544699999736622,1.2349992175586522e-06,5.263998900773004e-06,1.309999788645655e-07,3.254200055380352e-05,1.3169992598704994e-06,0.0006398869991244283,0.004360113000875572,0.00452616999973543,0,0,0,200.0,0.0,0,0.0,1.0197723584129048,0.021500645261663974,1.7697723584129048,,,,,unknown,unknown,nan,,nan,,1.0,0.0,0.0,nan,nan,0.0,0,,2824468472,F04_M01_05,MDCEB22F,measured,approach,0.5,,0,0,1.0197723584129048,0.021500645261663974,1.7697723584129048,1.4697723584129048,0.0,0.0,0.0,0.0,0.0,1,0,1,0,ad4b715165e84dd399d377549dc111fb1309cda1260e23e9ee621d07fad63984,6ba3dffa4798388fb8057a608cfa40a0e24aeba9257d245b2d5103a1844d1115
4,3.9983304380002664,0.827866649000498,APPROACH,,KFB_TIMING,kfb_timing,0.0011140811385186578,-0.0019958950588594166,0.021319797521939715,1,-28.28571428571429,0,0.31286503270671556,-0.0028746053388066716,0.43045984780983265,0.30950239958770054,-0.0012593102142609966,0.4456385211612732,-0.008577716154842582,0.442480972327771,-0.43624434348724944,-0.44536068235054926,-0.12477862030112444,0.18973404644094835,0.6214274819407201,200.0,13.0,1.2,0.5,0.3,3.0,IDLE,0.08,nan,0,0.05,20.0,0,unknown,unknown,nan,0,0.0,0,0.00519393200011109,1,0.0004217809982947074,3.1076000595930964e-05,0.00017285799913224764,1.6470003174617887e-06,6.408001354429871e-06,1.270018401555717e-07,3.4237000363646075e-05,1.4659999578725547e-06,0.0007804060005582869,0.004219593999441713,0.0044034429993189406,0,0,0,200.0,0.0,0,0.0,1.0197723584129048,0.021500645261663974,1.7697723584129048,,,,,unknown,unknown,nan,,nan,,1.0,0.0,0.0,nan,nan,0.0,0,,2829400193,F04_M01_05,MDCEB22F,measured,approach,0.5,,0,0,1.0197723584129048,0.021500645261663974,1.7697723584129048,1.4697723584129048,0.0,0.0,0.0,0.0,0.0,1,0,1,0,ad4b715165e84dd399d377549dc111fb1309cda1260e23e9ee621d07fad63984,6ba3dffa4798388fb8057a608cfa40a0e24aeba9257d245b2d5103a1844d1115
4,4.003508742000122,0.8330449530003534,APPROACH,,KFB_TIMING,kfb_timing,0.001066572287634071,-0.0019705101350384526,0.02118547704159976,1,-28.28571428571429,0,0.31291603138661056,-0.002901854947669009,0.430315660630967,0.3094721845796807,-0.0012559893058084106,0.4455422093280235,-0.061444704955826004,0.44570351734328373,-0.4361622956598755,-0.4476424846220925,-0.16239088772014404,0.1905594313667084,0.6266295758217737,200.0,13.0,1.2,0.5,0.3,3.0,IDLE,0.08,nan,0,0.05,20.0,0,unknown,unknown,nan,0,0.0,0,0.005178303999855416,1,0.0002151340013369918,1.5811001503607258e-05,0.0001871229978860356,1.1999982234556228e-06,4.135999915888533e-06,1.1699739843606949e-07,5.6439002946717665e-05,1.2510026863310486e-06,0.0005407790013123304,0.00445922099868767,0.004626318001101026,0,0,0,200.0,0.0,0,0.0,1.0197723584129048,0.021500645261663974,1.7697723584129048,,,,,unknown,unknown,nan,,nan,,1.0,0.0,0.0,nan,nan,0.0,0,,2835351706,F04_M01_05,MDCEB22F,measured,approach,0.5,,0,0,1.0197723584129048,0.021500645261663974,1.7697723584129048,1.4697723584129048,0.0,0.0,0.0,0.0,0.0,1,0,1,0,ad4b715165e84dd399d377549dc111fb1309cda1260e23e9ee621d07fad63984,6ba3dffa4798388fb8057a608cfa40a0e24aeba9257d245b2d5103a1844d1115
4,4.008634017001896,0.8381702280021273,APPROACH,,KFB_TIMING,kfb_timing,0.0010162389121171067,-0.0019510697560071782,0.021047661684262895,1,-28.28571428571429,0,0.31296832255071455,-0.002922051488030691,0.4301724847483139,0.3094502332372531,-0.0012571041707384548,0.44547458520329997,-0.11711774063909909,0.4472175062465911,-0.42678110217445797,-0.4488610905523358,-0.20503013810762033,0.19063914314253563,0.6291757880267423,200.0,13.0,1.2,0.5,0.3,3.0,IDLE,0.08,nan,0,0.05,20.0,0,unknown,unknown,nan,0,0.0,0,0.0051252750017738435,1,0.0004831909973290749,5.2428000344661996e-05,0.0004406459993333556,3.894001565640792e-06,1.562300167279318e-05,4.0099985199049115e-07,8.183300087694079e-05,3.746001311810687e-06,0.0013402389995462727,0.0036597610004537274,0.003779656999540748,0,0,0,200.0,0.0,0,0.0,1.0197723584129048,0.021500645261663974,1.7697723584129048,,,,,unknown,unknown,nan,,nan,,1.0,0.0,0.0,nan,nan,0.0,0,,2839629285,F04_M01_05,MDCEB22F,measured,approach,0.5,,0,0,1.0197723584129048,0.021500645261663974,1.7697723584129048,1.4697723584129048,0.0,0.0,0.0,0.0,0.0,1,0,1,0,ad4b715165e84dd399d377549dc111fb1309cda1260e23e9ee621d07fad63984,6ba3dffa4798388fb8057a608cfa40a0e24aeba9257d245b2d5103a1844d1115
4,4.013723199001106,0.8432594100013375,APPROACH,,KFB_TIMING,kfb_timing,0.0009684289215627362,-0.0019257524131562022,0.020913450008950268,1,-28.28571428571429,0,0.31301876595164946,-0.0029487633292427356,0.4300308805925833,0.30942197894228385,-0.0012551944238522227,0.4453778402112808,-0.10111815891960392,0.447250828208117,-0.4437270021373966,-0.4487835593722054,-0.1942462737612406,0.19076359286156677,0.638084506802961,200.0,13.0,1.2,0.5,0.3,3.0,IDLE,0.08,nan,0,0.05,20.0,0,unknown,unknown,nan,0,0.0,0,0.005089181999210268,1,0.00017162799849756993,1.5219997294479981e-05,0.00016120199870783836,9.239993232768029e-07,4.172998160356656e-06,1.400003384333104e-07,2.2793999960413203e-05,2.9670009098481387e-06,0.00043427099808468483,0.004565729001915315,0.0046511740001733415,0,0,0,200.0,0.0,0,0.0,1.0197723584129048,0.021500645261663974,1.7697723584129048,,,,,unknown,unknown,nan,,nan,,1.0,0.0,0.0,nan,nan,0.0,0,,2845315718,F04_M01_05,MDCEB22F,measured,approach,0.5,,0,0,1.0197723584129048,0.021500645261663974,1.7697723584129048,1.4697723584129048,0.0,0.0,0.0,0.0,0.0,1,0,1,0,ad4b715165e84dd399d377549dc111fb1309cda1260e23e9ee621d07fad63984,6ba3dffa4798388fb8057a608cfa40a0e24aeba9257d245b2d5103a1844d1115
4,4.018799602999934,0.8483358140001656,APPROACH,,KFB_TIMING,kfb_timing,0.0009216018351903554,-0.0019005605460328972,0.020792137537896657,1,-28.28571428571429,0,0.3130726064103822,-0.0029777282251465045,0.42989139894643547,0.3094175874021206,-0.0012543883172340025,0.4453606163220738,-0.08636037194105316,0.44785065123261136,-0.45884006913776654,-0.44905718249538895,-0.18381172913153204,0.19101196366475165,0.6469640860956823,200.0,13.0,1.2,0.5,0.3,3.0,IDLE,0.08,nan,0,0.05,20.0,0,unknown,unknown,nan,0,0.0,0,0.005076403998828027,1,0.00032010500217438675,1.8878999981097877e-05,0.0004418050011736341,3.8430007407441735e-06,1.4381999790202826e-05,4.180001269560307e-07,7.97220018284861e-05,3.5999983083456755e-06,0.0010877610002353322,0.003912238999764668,0.003981204998126486,0,0,0,200.0,0.0,0,0.0,1.0197723584129048,0.021500645261663974,1.7697723584129048,,,,,unknown,unknown,nan,,nan,,1.0,0.0,0.0,nan,nan,0.0,0,,2850407051,F04_M01_05,MDCEB22F,measured,approach,0.5,,0,0,1.0197723584129048,0.021500645261663974,1.7697723584129048,1.4697723584129048,0.0,0.0,0.0,0.0,0.0,1,0,1,0,ad4b715165e84dd399d377549dc111fb1309cda1260e23e9ee621d07fad63984,6ba3dffa4798388fb8057a608cfa40a0e24aeba9257d245b2d5103a1844d1115
4,4.0238903680001386,0.8534265790003701,APPROACH,,KFB_TIMING,kfb_timing,0.0008684671903955166,-0.0018632976176154675,0.020650877279178442,1,-28.28571428571429,0,0.31312480721669944,-0.0030143362596340034,0.42975262132904213,0.3093856871115187,-0.001250532346380234,0.44520662946607575,-0.07352407966421208,0.44428109231990265,-0.47486315881037044,-0.4464928224663548,-0.17685353054974096,0.1897931987415885,0.6544360158784038,200.0,13.0,1.2,0.5,0.3,3.0,IDLE,0.08,nan,0,0.05,20.0,0,unknown,unknown,nan,0,0.0,0,0.005090765000204556,1,0.00031796300027053803,3.7896999856457114e-05,0.00043212599848629907,3.62699938705191e-06,1.6216999938478693e-05,3.7399877328425646e-07,8.552600047551095e-05,3.5529992601368576e-06,0.0011075139991589822,0.003892486000841018,0.0039762720007274766,0,0,0,200.0,0.0,0,0.0,1.0197723584129048,0.021500645261663974,1.7697723584129048,,,,,unknown,unknown,nan,,nan,,1.0,0.0,0.0,nan,nan,0.0,0,,2855157951,F04_M01_05,MDCEB22F,measured,approach,0.5,,0,0,1.0197723584129048,0.021500645261663974,1.7697723584129048,1.4697723584129048,0.0,0.0,0.0,0.0,0.0,1,0,1,0,ad4b715165e84dd399d377549dc111fb1309cda1260e23e9ee621d07fad63984,6ba3dffa4798388fb8057a608cfa40a0e24aeba9257d245b2d5103a1844d1115
4,4.02908028100137,0.8586164920016017,APPROACH,,KFB_TIMING,kfb_timing,0.0008161623831003384,-0.0018380750403661295,0.020522557548856502,1,-28.28571428571429,0,0.3131826267820781,-0.0030422181796658718,0.42961077220617183,0.3093618798247736,-0.00124936162517493,0.4451207341767203,-0.025025218714285313,0.4397824245259519,-0.519440875725355,-0.4432437748427777,-0.13876021920438972,0.18904803948877105,0.6810680332154389,200.0,13.0,1.2,0.5,0.3,3.0,IDLE,0.08,nan,0,0.05,20.0,0,unknown,unknown,nan,0,0.0,0,0.005189913001231616,1,0.00042343799941590987,2.9135000659152865e-05,0.000134828998852754,2.3760003386996686e-06,6.291000318014994e-06,1.2300006346777081e-07,5.3208001190796494e-05,1.948999852174893e-06,0.0007352230022661388,0.004264776997733861,0.004449292999197496,0,0,0,200.0,0.0,0,0.0,1.0197723584129048,0.021500645261663974,1.7697723584129048,,,,,unknown,unknown,nan,,nan,,1.0,0.0,0.0,nan,nan,0.0,0,,2860505998,F04_M01_05,MDCEB22F,measured,approach,0.5,,0,0,1.0197723584129048,0.021500645261663974,1.7697723584129048,1.4697723584129048,0.0,0.0,0.0,0.0,0.0,1,0,1,0,ad4b715165e84dd399d377549dc111fb1309cda1260e23e9ee621d07fad63984,6ba3dffa4798388fb8057a608cfa40a0e24aeba9257d245b2d5103a1844d1115
4,4.034188257999631,0.8637244689998624,APPROACH,,KFB_TIMING,kfb_timing,0.0007729863593333719,-0.001813017262303092,0.020395677956111687,1,-28.28571428571429,0,0.3132311519879035,-0.003070380426486,0.4294681731936685,0.30933203855267705,-0.0012464029594614007,0.445036013077303,0.04530316560331963,0.4306092876386785,-0.5846487248407995,-0.43708870993549376,-0.07933444308939451,0.18754366545151824,0.7275237912758215,200.0,13.0,1.2,0.5,0.3,3.0,IDLE,0.08,nan,0,0.05,20.0,0,unknown,unknown,nan,0,0.0,0,0.00510797699826071,1,0.00031723800202598795,2.4184999347198755e-05,0.0003935410022677388,1.7749989638105035e-06,6.130998372100294e-06,1.3400131138041615e-07,3.4788998164003715e-05,1.4329998521134257e-06,0.0008747719984967262,0.004125228001503274,0.004225034997944022,0,0,0,200.0,0.0,0,0.0,1.0197723584129048,0.021500645261663974,1.7697723584129048,,,,,unknown,unknown,nan,,nan,,1.0,0.0,0.0,nan,nan,0.0,0,,2865442655,F04_M01_05,MDCEB22F,measured,approach,0.5,,0,0,1.0197723584129048,0.021500645261663974,1.7697723584129048,1.4697723584129048,0.0,0.0,0.0,0.0,0.0,1,0,1,0,ad4b715165e84dd399d377549dc111fb1309cda1260e23e9ee621d07fad63984,6ba3dffa4798388fb8057a608cfa40a0e24aeba9257d245b2d5103a1844d1115
4,4.039284152000619,0.8688203630008502,APPROACH,,KFB_TIMING,kfb_timing,0.0007374378450087926,-0.0017940914518388695,0.020279518565268058,1,-28.28571428571429,0,0.31327535589316596,-0.0030939143138697697,0.42932373118798267,0.30929928127964884,-0.0012471812283037708,0.44494312188592644,0.12252343597720622,0.4227671027021495,-0.6468456151338088,-0.43192902433269115,-0.014748053617300978,0.18671593584788607,0.782402240096912,200.0,13.0,1.2,0.5,0.3,3.0,IDLE,0.08,nan,0,0.05,20.0,0,unknown,unknown,nan,0,0.0,0,0.005095894000987755,1,0.0003847480002150405,1.5821999113541096e-05,0.00016994999896269292,1.5040022844914347e-06,6.004000169923529e-06,1.2899909052066505e-07,3.100200046901591e-05,1.386997610097751e-06,0.0006996629999775905,0.00430033700002241,0.004392138998809969,0,0,0,200.0,0.0,0,0.0,1.0197723584129048,0.021500645261663974,1.7697723584129048,,,,,unknown,unknown,nan,,nan,,1.0,0.0,0.0,nan,nan,0.0,0,,2870394206,F04_M01_05,MDCEB22F,measured,approach,0.5,,0,0,1.0197723584129048,0.021500645261663974,1.7697723584129048,1.4697723584129048,0.0,0.0,0.0,-0.023422807566904402,0.023422807566904402,1,0,1,0,ad4b715165e84dd399d377549dc111fb1309cda1260e23e9ee621d07fad63984,6ba3dffa4798388fb8057a608cfa40a0e24aeba9257d245b2d5103a1844d1115
4,4.0444607110002835,0.873996922000515,APPROACH,,KFB_TIMING,kfb_timing,0.0007125463746498195,-0.0017693445255734614,0.020155458203208805,1,-28.28571428571429,0,0.3133053377603371,-0.0031237220771510666,0.4291743000277168,0.30926741221193255,-0.001245059679702622,0.4448534211929319,0.1715571954846255,0.41746498614634053,-0.6666230710417682,-0.4285184360875967,0.020693630461776247,0.18618052942468852,0.805043604300955,200.0,13.0,1.2,0.5,0.3,3.0,IDLE,0.08,nan,0,0.05,20.0,0,unknown,unknown,nan,0,0.0,0,0.005176558999664849,1,0.00025369899958604947,1.4738998288521543e-05,0.00019294300000183284,9.390023478772491e-07,4.321002052165568e-06,1.180014805868268e-07,2.433600093354471e-05,1.1209995136596262e-06,0.0005488339993462432,0.004451166000653757,0.004617794998921454,0,0,0,200.0,0.0,0,0.0,1.0197723584129048,0.021500645261663974,1.7697723584129048,,,,,unknown,unknown,nan,,nan,,1.0,0.0,0.0,nan,nan,0.0,0,,2876120287,F04_M01_05,MDCEB22F,measured,approach,0.5,,0,0,1.0197723584129048,0.021500645261663974,1.7697723584129048,1.4697723584129048,0.0,0.0,0.0,-0.03331153552088412,0.03331153552088412,1,0,1,0,ad4b715165e84dd399d377549dc111fb1309cda1260e23e9ee621d07fad63984,6ba3dffa4798388fb8057a608cfa40a0e24aeba9257d245b2d5103a1844d1115
4,4.049577247002162,0.8791134580023936,APPROACH,,KFB_TIMING,kfb_timing,0.0006902249639617608,-0.001738741618399575,0.02003494766155316,1,-28.28571428571429,0,0.31333246062108344,-0.003160907826802429,0.4290278670497355,0.3092370459373024,-0.0012426904468990103,0.44476426632746935,0.17717881495206514,0.4117603283733839,-0.6493500140419182,-0.4250862598445202,0.018222789416115694,0.18468932750721656,0.7890464759608361,200.0,13.0,1.2,0.5,0.3,3.0,IDLE,0.08,nan,0,0.05,20.0,0,unknown,unknown,nan,0,0.0,0,0.005116536001878558,1,0.00047691500003566034,5.1674996939254925e-05,0.0002801059999910649,3.6380006349645555e-06,1.6996000340441242e-05,4.789981176145375e-07,0.00012069500007783063,9.990999387810007e-06,0.0012009560014121234,0.0037990439985878767,0.003908091999619501,0,0,0,200.0,0.0,0,0.0,1.0197723584129048,0.021500645261663974,1.7697723584129048,,,,,unknown,unknown,nan,,nan,,1.0,0.0,0.0,nan,nan,0.0,0,,2880741571,F04_M01_05,MDCEB22F,measured,approach,0.5,,0,0,1.0197723584129048,0.021500645261663974,1.7697723584129048,1.4697723584129048,0.0,0.0,0.0,-0.024675007020959094,0.024675007020959094,1,0,1,0,ad4b715165e84dd399d377549dc111fb1309cda1260e23e9ee621d07fad63984,6ba3dffa4798388fb8057a608cfa40a0e24aeba9257d245b2d5103a1844d1115
4,4.054640885999106,0.8841770969993377,APPROACH,,KFB_TIMING,kfb_timing,0.0006755776614991715,-0.0017142529795270423,0.01992510902830943,1,-28.28571428571429,0,0.3133520673243987,-0.0031936880249443223,0.42888083837329066,0.30920244531132657,-0.0012417547355601556,0.4446583475513575,0.14855478769615224,0.40760150055964683,-0.6204351718734518,-0.4228260420533635,-0.009486027979933974,0.18305508099144355,0.7570649316297541,200.0,13.0,1.2,0.5,0.3,3.0,IDLE,0.08,nan,0,0.05,20.0,0,unknown,unknown,nan,0,0.0,0,0.005063638996944064,1,0.00021758699949714355,1.507999695604667e-05,0.000228932000027271,2.182001480832696e-06,8.800001523923129e-06,2.3200118448585272e-07,6.148000102257356e-05,2.1230007405392826e-06,0.0006405579988495447,0.004359442001150455,0.004419433000293793,0,0,0,200.0,0.0,0,0.0,1.0197723584129048,0.021500645261663974,1.7697723584129048,,,,,unknown,unknown,nan,,nan,,1.0,0.0,0.0,nan,nan,0.0,0,,2885967366,F04_M01_05,MDCEB22F,measured,approach,0.5,,0,0,1.0197723584129048,0.021500645261663974,1.7697723584129048,1.4697723584129048,0.0,0.0,0.0,-0.010217585936725893,0.010217585936725893,1,0,1,0,ad4b715165e84dd399d377549dc111fb1309cda1260e23e9ee621d07fad63984,6ba3dffa4798388fb8057a608cfa40a0e24aeba9257d245b2d5103a1844d1115
4,4.059727284002292,0.889263495002524,APPROACH,,KFB_TIMING,kfb_timing,0.0006690228697835976,-0.0016779669982476494,0.0198037529347243,1,-28.28571428571429,0,0.3133599532700739,-0.003237343001266477,0.4287348371572503,0.3091718515093295,-0.0012404780397470075,0.4445741977144194,0.1504762022572637,0.39981664182116333,-0.6091095110856782,-0.41822710257913875,-0.012524414425460376,0.18062780709792015,0.7439830851692498,200.0,13.0,1.2,0.5,0.3,3.0,IDLE,0.08,nan,0,0.05,20.0,0,unknown,unknown,nan,0,0.0,0,0.005086398003186332,1,0.00020451999807846732,2.3245000193128362e-05,0.0004061719992023427,2.3520005925092846e-06,7.485999958589673e-06,1.3899989426136017e-07,4.640599945560098e-05,1.981999957934022e-06,0.0007869500004744623,0.004213049999525538,0.004293300997233018,0,0,0,200.0,0.0,0,0.0,1.0197723584129048,0.021500645261663974,1.7697723584129048,,,,,unknown,unknown,nan,,nan,,1.0,0.0,0.0,nan,nan,0.0,0,,2891242287,F04_M01_05,MDCEB22F,measured,approach,0.5,,0,0,1.0197723584129048,0.021500645261663974,1.7697723584129048,1.4697723584129048,0.0,0.0,0.0,-0.004554755542839128,0.004554755542839128,1,0,1,0,ad4b715165e84dd399d377549dc111fb1309cda1260e23e9ee621d07fad63984,6ba3dffa4798388fb8057a608cfa40a0e24aeba9257d245b2d5103a1844d1115
4,4.064786904000357,0.8943231150005886,APPROACH,,KFB_TIMING,kfb_timing,0.0006597114295425477,-0.0016299158056840035,0.01970093988140654,1,-28.28571428571429,0,0.3133723655224092,-0.003301395769868682,0.4285977862254815,0.30914111645262404,-0.0012393025576383238,0.44448522752257363,0.14988827786486475,0.3959967539983801,-0.6307657166237066,-0.4159605444006228,-0.008419730407171823,0.17970170741676258,0.7597008057691966,200.0,13.0,1.2,0.5,0.3,3.0,IDLE,0.08,nan,0,0.05,20.0,0,unknown,unknown,nan,0,0.0,0,0.005059619998064591,1,0.00044701399747282267,3.0779996450291947e-05,0.00032068499785964377,1.686999894445762e-06,6.3539991970174015e-06,1.5100158634595573e-07,3.637800182332285e-05,1.3930002751294523e-06,0.0009653059969423339,0.004034694003057666,0.004092406998097431,0,0,0,200.0,0.0,0,0.0,1.0197723584129048,0.021500645261663974,1.7697723584129048,,,,,unknown,unknown,nan,,nan,,1.0,0.0,0.0,nan,nan,0.0,0,,2895890289,F04_M01_05,MDCEB22F,measured,approach,0.5,,0,0,1.0197723584129048,0.021500645261663974,1.7697723584129048,1.4697723584129048,0.0,0.0,0.0,-0.01538285831185332,0.01538285831185332,1,0,1,0,ad4b715165e84dd399d377549dc111fb1309cda1260e23e9ee621d07fad63984,6ba3dffa4798388fb8057a608cfa40a0e24aeba9257d245b2d5103a1844d1115
4,4.069948794000084,0.8994850050003151,APPROACH,,KFB_TIMING,kfb_timing,0.0006541772886134445,-0.0015937678887255103,0.019592406590894035,1,-28.28571428571429,0,0.3133798483665696,-0.003350272231959166,0.42845103577052773,0.3091119780524821,-0.0012362860974982626,0.4444010354169424,0.17066986920696864,0.39325260907215764,-0.6565761635946367,-0.41387670706072266,0.01047116689434712,0.17961961274274485,0.7841352417777396,200.0,13.0,1.2,0.5,0.3,3.0,IDLE,0.08,nan,0,0.05,20.0,0,unknown,unknown,nan,0,0.0,0,0.005161889999726554,1,0.0002784099997370504,1.7038000805769116e-05,0.0001615049986867234,9.790019248612225e-07,4.020999767817557e-06,1.309999788645655e-07,2.3044001864036545e-05,1.058000634657219e-06,0.0005407800017565023,0.004459219998243498,0.004617001002770849,0,0,0,200.0,0.0,0,0.0,1.0197723584129048,0.021500645261663974,1.7697723584129048,,,,,unknown,unknown,nan,,nan,,1.0,0.0,0.0,nan,nan,0.0,0,,2901472378,F04_M01_05,MDCEB22F,measured,approach,0.5,,0,0,1.0197723584129048,0.021500645261663974,1.7697723584129048,1.4697723584129048,0.0,0.0,0.0,-0.028288081797318343,0.028288081797318343,1,0,1,0,ad4b715165e84dd399d377549dc111fb1309cda1260e23e9ee621d07fad63984,6ba3dffa4798388fb8057a608cfa40a0e24aeba9257d245b2d5103a1844d1115
4,4.075009151001723,0.9045453620019543,APPROACH,,KFB_TIMING,kfb_timing,0.0006499393199698167,-0.0015458749005113999,0.019496672448608258,1,-28.28571428571429,0,0.3133858538941894,-0.003418140280946533,0.42831537312552076,0.309081340355015,-0.0012342951528720777,0.44431358122958653,0.19939009088425588,0.38840055596777634,-0.6920942154012686,-0.410368317562247,0.03710718788160589,0.17912756907777136,0.8182944477453132,200.0,13.0,1.2,0.5,0.3,3.0,IDLE,0.08,nan,0,0.05,20.0,0,unknown,unknown,nan,0,0.0,0,0.005060357001639204,1,0.0004299930005799979,2.7611000405158848e-05,0.0003770690018427558,1.4550023479387164e-06,5.79599873162806e-06,1.5200203051790595e-07,3.1669002055423334e-05,1.4040015230420977e-06,0.0009695080007077195,0.004030491999292281,0.004088830999535276,0,0,0,200.0,0.0,0,0.0,1.0197723584129048,0.021500645261663974,1.7697723584129048,,,,,unknown,unknown,nan,,nan,,1.0,0.0,0.0,nan,nan,0.0,0,,2906142836,F04_M01_05,MDCEB22F,measured,approach,0.5,,0,0,1.0197723584129048,0.021500645261663974,1.7697723584129048,1.4697723584129048,0.0,0.0,0.0,-0.046047107700634304,0.046047107700634304,1,0,1,0,ad4b715165e84dd399d377549dc111fb1309cda1260e23e9ee621d07fad63984,6ba3dffa4798388fb8057a608cfa40a0e24aeba9257d245b2d5103a1844d1115
4,4.080168067001068,0.9097042780012998,APPROACH,,KFB_TIMING,kfb_timing,0.000644343297457578,-0.0014979406846077,0.019388095516561017,1,-28.28571428571429,0,0.3133931429835114,-0.003480576909916459,0.42817394643285206,0.3090499139743487,-0.0012346530334025668,0.44422575036125356,0.17708641406847347,0.3843827882902814,-0.6913221570447567,-0.407648314741493,0.019976797544954152,0.17818637238899265,0.8105776031956826,200.0,13.0,1.2,0.5,0.3,3.0,IDLE,0.08,nan,0,0.05,20.0,0,unknown,unknown,nan,0,0.0,0,0.005158915999345481,1,0.00028046599982189946,1.562000034027733e-05,0.00018965200069942512,1.1219999578315765e-06,4.246998287271708e-06,1.4699980965815485e-07,2.400099765509367e-05,1.0449984984006733e-06,0.0005720970002585091,0.004427902999741491,0.0045829339978809,0,0,0,200.0,0.0,0,0.0,1.0197723584129048,0.021500645261663974,1.7697723584129048,,,,,unknown,unknown,nan,,nan,,1.0,0.0,0.0,nan,nan,0.0,0,,2911790144,F04_M01_05,MDCEB22F,measured,approach,0.5,,0,0,1.0197723584129048,0.021500645261663974,1.7697723584129048,1.4697723584129048,0.0,0.0,0.0,-0.045661078522378384,0.045661078522378384,1,0,1,0,ad4b715165e84dd399d377549dc111fb1309cda1260e23e9ee621d07fad63984,6ba3dffa4798388fb8057a608cfa40a0e24aeba9257d245b2d5103a1844d1115
4,4.085246626000298,0.91478283700053,APPROACH,,KFB_TIMING,kfb_timing,0.000638640101552207,-0.001450041108809132,0.019279512448464466,1,-28.28571428571429,0,0.31340045616066786,-0.003541998275997395,0.4280347109539452,0.3090180812371237,-0.001232749423739984,0.44413764659881344,0.13170499401403554,0.3809588455702686,-0.6714045313408189,-0.4054712459058046,-0.017502847209348832,0.17671225561810772,0.7831091189428544,200.0,13.0,1.2,0.5,0.3,3.0,IDLE,0.08,nan,0,0.05,20.0,0,unknown,unknown,nan,0,0.0,0,0.005078558999230154,1,0.00046331599878612906,1.984200207516551e-05,0.00045365299956756644,2.9269976948853582e-06,6.40500002191402e-06,1.5800105757080019e-07,4.199799877824262e-05,3.997000021627173e-06,0.0010808090009959415,0.003919190999004059,0.003995963998022489,0,0,0,200.0,0.0,0,0.0,1.0197723584129048,0.021500645261663974,1.7697723584129048,,,,,unknown,unknown,nan,,nan,,1.0,0.0,0.0,nan,nan,0.0,0,,2916395403,F04_M01_05,MDCEB22F,measured,approach,0.5,,0,0,1.0197723584129048,0.021500645261663974,1.7697723584129048,1.4697723584129048,0.0,0.0,0.0,-0.03570226567040946,0.03570226567040946,1,0,1,0,ad4b715165e84dd399d377549dc111fb1309cda1260e23e9ee621d07fad63984,6ba3dffa4798388fb8057a608cfa40a0e24aeba9257d245b2d5103a1844d1115
4,4.090391644000192,0.9199278550004237,APPROACH,,KFB_TIMING,kfb_timing,0.0006289545573434918,-0.0013903276595282252,0.019176662303890694,1,-28.28571428571429,0,0.3134129850594931,-0.003619241613947657,0.42790166741733465,0.30898670066190387,-0.0012314508783480465,0.4440479216818305,0.11519172275602158,0.37715293118674403,-0.672127791910267,-0.40298184863624265,-0.029759086560951928,0.17506543520112905,0.7792748136263767,200.0,13.0,1.2,0.5,0.3,3.0,IDLE,0.08,nan,0,0.05,20.0,0,unknown,unknown,nan,0,0.0,0,0.005145017999893753,1,0.00029067900322843343,1.2937001883983612e-05,0.00020301299809943885,9.609975677449256e-07,3.879998985212296e-06,1.320004230365157e-07,2.988399864989333e-05,9.549985406920314e-07,0.0005930949992034584,0.004406905000796542,0.004545162999420427,0,0,0,200.0,0.0,0,0.0,1.0197723584129048,0.021500645261663974,1.7697723584129048,,,,,unknown,unknown,nan,,nan,,1.0,0.0,0.0,nan,nan,0.0,0,,2921913303,F04_M01_05,MDCEB22F,measured,approach,0.5,,0,0,1.0197723584129048,0.021500645261663974,1.7697723584129048,1.4697723584129048,0.0,0.0,0.0,-0.036063895955133485,0.036063895955133485,1,0,1,0,ad4b715165e84dd399d377549dc111fb1309cda1260e23e9ee621d07fad63984,6ba3dffa4798388fb8057a608cfa40a0e24aeba9257d245b2d5103a1844d1115
4,4.095525905002432,0.925062116002664,APPROACH,,KFB_TIMING,kfb_timing,0.0006204635232680278,-0.0013307224610904045,0.019086654686619634,1,-28.28571428571429,0,0.31342506264814746,-0.003704023639551805,0.42777364119962136,0.30895543780913404,-0.0012274616953497491,0.443959432554806,0.1287580690061561,0.3731488579530284,-0.6779843122899935,-0.4003801926338899,-0.020996069187859193,0.1735565661288927,0.7845262508273249,200.0,13.0,1.2,0.5,0.3,3.0,IDLE,0.08,nan,0,0.05,20.0,0,unknown,unknown,nan,0,0.0,0,0.005134261002240237,1,0.0005185980007809121,3.19459977617953e-05,0.00028791600198019296,1.6230005712714046e-06,6.1920000007376075e-06,1.410007826052606e-07,3.3959000575123355e-05,1.5930017980281264e-06,0.0009702140014269389,0.004029785998573061,0.0041461040018475614,0,0,0,200.0,0.0,0,0.0,1.0197723584129048,0.021500645261663974,1.7697723584129048,,,,,unknown,unknown,nan,,nan,,1.0,0.0,0.0,nan,nan,0.0,0,,2926632189,F04_M01_05,MDCEB22F,measured,approach,0.5,,0,0,1.0197723584129048,0.021500645261663974,1.7697723584129048,1.4697723584129048,0.0,0.0,0.0,-0.03899215614499674,0.03899215614499674,1,0,1,0,ad4b715165e84dd399d377549dc111fb1309cda1260e23e9ee621d07fad63984,6ba3dffa4798388fb8057a608cfa40a0e24aeba9257d245b2d5103a1844d1115
4,4.100734139999986,0.9302703510002175,APPROACH,,KFB_TIMING,kfb_timing,0.0006145608774059397,-0.001271110598986405,0.018978038850205263,1,-28.28571428571429,0,0.3134324979447463,-0.003779114011888144,0.4276368227324554,0.30892965731158445,-0.0012282078997299306,0.443889269612927,0.1568636113895684,0.3691754582305602,-0.6721191390231686,-0.39787105313514004,-0.0062687319140906275,0.17235133701625116,0.7827137718088056,200.0,13.0,1.2,0.5,0.3,3.0,IDLE,0.08,nan,0,0.05,20.0,0,unknown,unknown,nan,0,0.0,0,0.005208234997553518,1,0.0002712400018936023,1.399100074195303e-05,0.00016646700169076212,9.600007615517825e-07,4.092002200195566e-06,1.2400050763972104e-07,2.2483000066131353e-05,9.600007615517825e-07,0.0005431089994090144,0.004456891000590986,0.00466077300006873,0,0,0,200.0,0.0,0,0.0,1.0197723584129048,0.021500645261663974,1.7697723584129048,,,,,unknown,unknown,nan,,nan,,1.0,0.0,0.0,nan,nan,0.0,0,,2931891854,F04_M01_05,MDCEB22F,measured,approach,0.5,,0,0,1.0197723584129048,0.021500645261663974,1.7697723584129048,1.4697723584129048,0.0,0.0,0.0,-0.03605956951158429,0.03605956951158429,1,0,1,0,ad4b715165e84dd399d377549dc111fb1309cda1260e23e9ee621d07fad63984,6ba3dffa4798388fb8057a608cfa40a0e24aeba9257d245b2d5103a1844d1115
4,4.105795514002239,0.9353317250024702,APPROACH,,KFB_TIMING,kfb_timing,0.0006111425508028567,-0.001217488114841978,0.01887296352766603,1,-28.28571428571429,0,0.31343689600064034,-0.0038481052786183026,0.42750163168862876,0.30888390485765005,-0.0012275206330694156,0.44376538061349813,0.2009197111889678,0.3690742225747508,-0.680097867812432,-0.39794104170448724,0.022546163571587775,0.1728554147580434,0.7994483234809059,200.0,13.0,1.2,0.5,0.3,3.0,IDLE,0.08,nan,0,0.05,20.0,0,unknown,unknown,nan,0,0.0,0,0.005061374002252705,1,0.00035057600325671956,3.0380000680452213e-05,0.00010349600051995367,1.377000444335863e-06,5.215999408392236e-06,1.3300086720846593e-07,2.8758000553352758e-05,1.3280005077831447e-06,0.000600922001467552,0.004399077998532448,0.004458546001842478,0,0,0,200.0,0.0,0,0.0,1.0197723584129048,0.021500645261663974,1.7697723584129048,,,,,unknown,unknown,nan,,nan,,1.0,0.0,0.0,nan,nan,0.0,0,,2936890468,F04_M01_05,MDCEB22F,measured,approach,0.5,,0,0,1.0197723584129048,0.021500645261663974,1.7697723584129048,1.4697723584129048,0.0,0.0,0.0,-0.040048933906216,0.040048933906216,1,0,1,0,ad4b715165e84dd399d377549dc111fb1309cda1260e23e9ee621d07fad63984,6ba3dffa4798388fb8057a608cfa40a0e24aeba9257d245b2d5103a1844d1115
4,4.110918451002362,0.940454662002594,APPROACH,,KFB_TIMING,kfb_timing,0.0006036396023200163,-0.0011638879375194273,0.01877366064642142,1,-28.28571428571429,0,0.31344709203444326,-0.003920944539220208,0.42736668533570965,0.3088514670037688,-0.0012242382664727717,0.4436773839367296,0.23756157067100986,0.3684606856630668,-0.679312676684593,-0.39773170332078384,0.044374470413382355,0.17341838793559888,0.808495200631,200.0,13.0,1.2,0.5,0.3,3.0,IDLE,0.08,nan,0,0.05,20.0,0,unknown,unknown,nan,0,0.0,0,0.005122937000123784,1,0.00025662600091891363,1.338400034001097e-05,0.00018458600243320689,9.219984349329025e-07,3.7899990275036544e-06,1.1200245353393257e-07,2.0382998627610505e-05,9.030009096022695e-07,0.0005296819981595036,0.0044703180018404965,0.004583231999276904,0,0,0,200.0,0.0,0,0.0,1.0197723584129048,0.021500645261663974,1.7697723584129048,,,,,unknown,unknown,nan,,nan,,1.0,0.0,0.0,nan,nan,0.0,0,,2942479420,F04_M01_05,MDCEB22F,measured,approach,0.5,,0,0,1.0197723584129048,0.021500645261663974,1.7697723584129048,1.4697723584129048,0.0,0.0,0.0,-0.03965633834229654,0.03965633834229654,1,0,1,0,ad4b715165e84dd399d377549dc111fb1309cda1260e23e9ee621d07fad63984,6ba3dffa4798388fb8057a608cfa40a0e24aeba9257d245b2d5103a1844d1115
4,4.115978248999454,0.9455144599996856,APPROACH,,KFB_TIMING,kfb_timing,0.000601357389427265,-0.0011103910648347184,0.018681416294209344,1,-28.28571428571429,0,0.31345034001215244,-0.003997079701956897,0.42723540590917947,0.308820663265987,-0.0012253801913522013,0.44359251755590834,0.2557968526835968,0.3644575683265105,-0.6729495318091456,-0.3957072890697847,0.05308514936877526,0.17278240092656758,0.8069215707337702,200.0,13.0,1.2,0.5,0.3,3.0,IDLE,0.08,nan,0,0.05,20.0,0,unknown,unknown,nan,0,0.0,0,0.005059797997091664,1,0.00043640700096148066,2.2103002265794203e-05,0.00041502099702483974,1.6419980966020375e-06,5.803998647024855e-06,1.6199919627979398e-07,4.052800068166107e-05,1.5000005078036338e-06,0.001015855999867199,0.003984144000132801,0.004042268999910448,0,0,0,200.0,0.0,0,0.0,1.0197723584129048,0.021500645261663974,1.7697723584129048,,,,,unknown,unknown,nan,,nan,,1.0,0.0,0.0,nan,nan,0.0,0,,2947139166,F04_M01_05,MDCEB22F,measured,approach,0.5,,0,0,1.0197723584129048,0.021500645261663974,1.7697723584129048,1.4697723584129048,0.0,0.0,0.0,-0.036474765904572826,0.036474765904572826,1,0,1,0,ad4b715165e84dd399d377549dc111fb1309cda1260e23e9ee621d07fad63984,6ba3dffa4798388fb8057a608cfa40a0e24aeba9257d245b2d5103a1844d1115
4,4.121136392001063,0.9506726030012942,APPROACH,,KFB_TIMING,kfb_timing,0.0005989894509349503,-0.0010569250983275345,0.01858916628532018,1,-28.28571428571429,0,0.3134537757741875,-0.004074656183984191,0.4271015556933483,0.30878924801281254,-0.0012244767742982249,0.44350444556668395,0.26965369799697125,0.3686168823966961,-0.6897162682824957,-0.3991859158797572,0.06585150642623896,0.17447275154848876,0.8272243066815874,200.0,13.0,1.2,0.5,0.3,3.0,IDLE,0.08,nan,0,0.05,20.0,0,unknown,unknown,nan,0,0.0,0,0.0051581430016085505,1,0.00030940299984649755,1.4057000953471288e-05,0.0001997379986278247,8.280003385152668e-07,3.573000867618248e-06,1.219996192958206e-07,1.953899845830165e-05,3.6249984987080097e-06,0.0005975080021016765,0.0044024919978983236,0.004556931999104563,0,0,0,200.0,0.0,0,0.0,1.0197723584129048,0.021500645261663974,1.7697723584129048,,,,,unknown,unknown,nan,,nan,,1.0,0.0,0.0,nan,nan,0.0,0,,2952160197,F04_M01_05,MDCEB22F,measured,approach,0.5,,0,0,1.0197723584129048,0.021500645261663974,1.7697723584129048,1.4697723584129048,0.0,0.0,0.0,-0.04485813414124784,0.04485813414124784,1,0,1,0,ad4b715165e84dd399d377549dc111fb1309cda1260e23e9ee621d07fad63984,6ba3dffa4798388fb8057a608cfa40a0e24aeba9257d245b2d5103a1844d1115
4,4.12621750100152,0.9557537120017514,APPROACH,,KFB_TIMING,kfb_timing,0.0005924804655886573,-0.0010152837215664746,0.018502720185505996,1,-28.28571428571429,0,0.31346409242290424,-0.0041406571708155005,0.4269645398610382,0.308757964687154,-0.0012229825095968682,0.4434159319804829,0.24408389774077766,0.3730515307785413,-0.7081126931970256,-0.403293595185959,0.0534611334532382,0.1753741688528708,0.8367604077747036,200.0,13.0,1.2,0.5,0.3,3.0,IDLE,0.08,nan,0,0.05,20.0,0,unknown,unknown,nan,0,0.0,0,0.005081109000457218,1,0.00016911599959712476,1.9191000319551677e-05,0.0001702269983070437,1.439002517145127e-06,5.169000360183418e-06,1.399967004545033e-07,4.005800292361528e-05,1.6029989637900144e-06,0.0004786239987879526,0.0045213760012120475,0.0045993929998076055,0,0,0,200.0,0.0,0,0.0,1.0197723584129048,0.021500645261663974,1.7697723584129048,,,,,unknown,unknown,nan,,nan,,1.0,0.0,0.0,nan,nan,0.0,0,,2957405258,F04_M01_05,MDCEB22F,measured,approach,0.5,,0,0,1.0197723584129048,0.021500645261663974,1.7697723584129048,1.4697723584129048,0.0,0.0,0.0,-0.05405634659851283,0.05405634659851283,1,0,1,0,ad4b715165e84dd399d377549dc111fb1309cda1260e23e9ee621d07fad63984,6ba3dffa4798388fb8057a608cfa40a0e24aeba9257d245b2d5103a1844d1115
4,4.131386233999365,0.9609224449995963,APPROACH,,KFB_TIMING,kfb_timing,0.000584644657057598,-0.0009677840395090312,0.01842558114084094,1,-28.28571428571429,0,0.31347745491838475,-0.004221658931425421,0.4268329937504331,0.3087262270780089,-0.0012205851501180158,0.44332888126753867,0.22866401369162098,0.3763058324863484,-0.7012624256210038,-0.406935887787909,0.04035614887169228,0.1756289717549727,0.8280472814451234,200.0,13.0,1.2,0.5,0.3,3.0,IDLE,0.08,nan,0,0.05,20.0,0,unknown,unknown,nan,0,0.0,0,0.005168732997844927,1,0.0003431229997659102,2.4537999706808478e-05,0.00015523500042036176,1.69699706020765e-06,5.051002517575398e-06,1.1699739843606949e-07,3.859999924316071e-05,1.401000190526247e-06,0.0006409699999494478,0.004359030000050552,0.004523277999396669,0,0,0,200.0,0.0,0,0.0,1.0197723584129048,0.021500645261663974,1.7697723584129048,,,,,unknown,unknown,nan,,nan,,1.0,0.0,0.0,nan,nan,0.0,0,,2962713033,F04_M01_05,MDCEB22F,measured,approach,0.5,,0,0,1.0197723584129048,0.021500645261663974,1.7697723584129048,1.4697723584129048,0.0,0.0,0.0,-0.050631212810501924,0.050631212810501924,1,0,1,0,ad4b715165e84dd399d377549dc111fb1309cda1260e23e9ee621d07fad63984,6ba3dffa4798388fb8057a608cfa40a0e24aeba9257d245b2d5103a1844d1115
4,4.136574445001315,0.9661106560015469,APPROACH,,KFB_TIMING,kfb_timing,0.0005714100241642761,-0.0009202564724474425,0.0183413956053649,1,-28.28571428571429,0,0.31349856569775614,-0.004297470930925832,0.4266987080259991,0.30869487505043186,-0.0012200131884744381,0.44324187723239944,0.24087357292210798,0.38305007985049316,-0.6884105357374469,-0.4127222249616814,0.04351808037836784,0.17719099740389513,0.8238061103925182,200.0,13.0,1.2,0.5,0.3,3.0,IDLE,0.08,nan,0,0.05,20.0,0,unknown,unknown,nan,0,0.0,0,0.005188211001950549,1,0.00023101000260794535,2.8714999643852934e-05,0.00038166499871294945,1.6020021575968713e-06,5.870999302715063e-06,1.5299883671104908e-07,3.3541000448167324e-05,1.4409997675102204e-06,0.0007746280025457963,0.004225371997454204,0.004402539998409338,0,0,0,200.0,0.0,0,0.0,1.0197723584129048,0.021500645261663974,1.7697723584129048,,,,,unknown,unknown,nan,,nan,,1.0,0.0,0.0,nan,nan,0.0,0,,2967633099,F04_M01_05,MDCEB22F,measured,approach,0.5,,0,0,1.0197723584129048,0.021500645261663974,1.7697723584129048,1.4697723584129048,0.0,0.0,0.0,-0.044205267868723475,0.044205267868723475,1,0,1,0,ad4b715165e84dd399d377549dc111fb1309cda1260e23e9ee621d07fad63984,6ba3dffa4798388fb8057a608cfa40a0e24aeba9257d245b2d5103a1844d1115
4,4.141734007000196,0.9712702180004271,APPROACH,,KFB_TIMING,kfb_timing,0.0005621194287205034,-0.000878726763976689,0.018273593004442812,1,-28.28571428571429,0,0.3135165299348798,-0.004377772514947952,0.4265676053417918,0.3086552873519572,-0.0012171916618307112,0.4431339621023426,0.244421481537359,0.38682356834056303,-0.7068562212375241,-0.4165750490956892,0.0502846653938918,0.17796351918189093,0.8420332838806525,200.0,13.0,1.2,0.5,0.3,3.0,IDLE,0.08,nan,0,0.05,20.0,0,unknown,unknown,nan,0,0.0,0,0.0051595619988802355,1,0.00023372099894913845,1.1422001989558339e-05,0.00016948000120464712,7.819980964995921e-07,3.8140024116728455e-06,1.1600059224292636e-07,1.9798000721493736e-05,8.589995559304953e-07,0.0004927419977320824,0.004507258002267918,0.004663085001084255,0,0,0,200.0,0.0,0,0.0,1.0197723584129048,0.021500645261663974,1.7697723584129048,,,,,unknown,unknown,nan,,nan,,1.0,0.0,0.0,nan,nan,0.0,0,,2973314168,F04_M01_05,MDCEB22F,measured,approach,0.5,,0,0,1.0197723584129048,0.021500645261663974,1.7697723584129048,1.4697723584129048,0.0,0.0,0.0,-0.05342811061876207,0.05342811061876207,1,0,1,0,ad4b715165e84dd399d377549dc111fb1309cda1260e23e9ee621d07fad63984,6ba3dffa4798388fb8057a608cfa40a0e24aeba9257d245b2d5103a1844d1115
4,4.146796225999424,0.9763324369996553,APPROACH,,KFB_TIMING,kfb_timing,0.0005540276119816168,-0.0008430997111729318,0.01819648217546662,1,-28.28571428571429,0,0.3135309317539195,-0.004441181559412898,0.42643036345399904,0.3086260744757923,-0.001215281671640171,0.4430481583542092,0.24255480939901236,0.39100800656439294,-0.7123005237101915,-0.42059348508558814,0.04985296850141026,0.17924848479160305,0.8479930028236463,200.0,13.0,1.2,0.5,0.3,3.0,IDLE,0.08,nan,0,0.05,20.0,0,unknown,unknown,nan,0,0.0,0,0.005062218999228207,1,0.0003798689976974856,1.8972998077515513e-05,0.0005026170001656283,1.263000740436837e-06,5.762998625868931e-06,1.4800025383010507e-07,3.120600013062358e-05,1.3839999155607074e-06,0.001025763001962332,0.003974236998037668,0.004034391000459436,0,0,0,200.0,0.0,0,0.0,1.0197723584129048,0.021500645261663974,1.7697723584129048,,,,,unknown,unknown,nan,,nan,,1.0,0.0,0.0,nan,nan,0.0,0,,2977908605,F04_M01_05,MDCEB22F,measured,approach,0.5,,0,0,1.0197723584129048,0.021500645261663974,1.7697723584129048,1.4697723584129048,0.0,0.0,0.0,-0.05615026185509575,0.05615026185509575,1,0,1,0,ad4b715165e84dd399d377549dc111fb1309cda1260e23e9ee621d07fad63984,6ba3dffa4798388fb8057a608cfa40a0e24aeba9257d245b2d5103a1844d1115
4,4.15187887600041,0.9814150870006415,APPROACH,,KFB_TIMING,kfb_timing,0.000541928567498462,-0.0008074834964435253,0.01812517359855159,1,-28.28571428571429,0,0.31355381470554483,-0.004508542591093134,0.4262954973727734,0.30859475087719446,-0.0012127364458388214,0.4429585136738293,0.2412005243816041,0.3914329205972294,-0.6900220337659011,-0.4222139690084292,0.041797892284658716,0.17975241171763542,0.8291729803675878,200.0,13.0,1.2,0.5,0.3,3.0,IDLE,0.08,nan,0,0.05,20.0,0,unknown,unknown,nan,0,0.0,0,0.0050826500009861775,1,0.000282468998193508,1.895099921966903e-05,0.00014855900008114986,1.305001205764711e-06,5.065001460025087e-06,1.3700264389626682e-07,2.8021000616718084e-05,1.3369972293730825e-06,0.0005546450011024717,0.004445354998897528,0.004524690000835108,0,0,0,200.0,0.0,0,0.0,1.0197723584129048,0.021500645261663974,1.7697723584129048,,,,,unknown,unknown,nan,,nan,,1.0,0.0,0.0,nan,nan,0.0,0,,2982910787,F04_M01_05,MDCEB22F,measured,approach,0.5,,0,0,1.0197723584129048,0.021500645261663974,1.7697723584129048,1.4697723584129048,0.0,0.0,0.0,-0.04501101688295056,0.04501101688295056,1,0,1,0,ad4b715165e84dd399d377549dc111fb1309cda1260e23e9ee621d07fad63984,6ba3dffa4798388fb8057a608cfa40a0e24aeba9257d245b2d5103a1844d1115
4,4.156988049002393,0.9865242600026249,APPROACH,,KFB_TIMING,kfb_timing,0.0005244936362885921,-0.0007600586106240864,0.01804681580264353,1,-28.28571428571429,0,0.31358247668910155,-0.004586506265349979,0.4261666818454378,0.308565198417323,-0.0012134670193747563,0.44286909902503047,0.22822096917501072,0.3927571534551758,-0.6561271621145409,-0.4245100212134304,0.022763756458304772,0.1804355300150505,0.7980262183825008,200.0,13.0,1.2,0.5,0.3,3.0,IDLE,0.08,nan,0,0.05,20.0,0,unknown,unknown,nan,0,0.0,0,0.005109173001983436,1,0.00020206000044709072,1.7688998923404142e-05,0.0001498989986430388,1.3479984772857279e-06,4.873003490502015e-06,1.5700061339884996e-07,2.7927002520300448e-05,3.759996616281569e-06,0.000476700999570312,0.004523299000429688,0.004628826998668956,0,0,0,200.0,0.0,0,0.0,1.0197723584129048,0.021500645261663974,1.7697723584129048,,,,,unknown,unknown,nan,,nan,,1.0,0.0,0.0,nan,nan,0.0,0,,2988475505,F04_M01_05,MDCEB22F,measured,approach,0.5,,0,0,1.0197723584129048,0.021500645261663974,1.7697723584129048,1.4697723584129048,0.0,0.0,0.0,-0.02806358105727047,0.02806358105727047,1,0,1,0,ad4b715165e84dd399d377549dc111fb1309cda1260e23e9ee621d07fad63984,6ba3dffa4798388fb8057a608cfa40a0e24aeba9257d245b2d5103a1844d1115
4,4.162098402000993,0.9916346130012244,APPROACH,,KFB_TIMING,kfb_timing,0.000504397839686116,-0.0007244733163029991,0.017987130642636177,1,-28.28571428571429,0,0.313625068283934,-0.004661926735993575,0.4260401834436661,0.3085367599171483,-0.001210962412551096,0.44278790152509223,0.20663779610498784,0.39357251010913397,-0.6090732401770764,-0.4265496885751494,-0.005727180512929093,0.18058550276784613,0.7540349536941464,200.0,13.0,1.2,0.5,0.3,3.0,IDLE,0.08,nan,0,0.05,20.0,0,unknown,unknown,nan,0,0.0,0,0.00511035299859941,1,0.0004588750016409904,1.905599856399931e-05,0.0003307450024294667,1.348998921457678e-06,5.838999641127884e-06,1.1700103641487658e-07,3.044299955945462e-05,1.3090029824525118e-06,0.0009322519981651567,0.004067748001834843,0.004171126001892844,0,0,0,200.0,0.0,0,0.0,1.0197723584129048,0.021500645261663974,1.7697723584129048,,,,,unknown,unknown,nan,,nan,,1.0,0.0,0.0,nan,nan,0.0,0,,2993150566,F04_M01_05,MDCEB22F,measured,approach,0.5,,0,0,1.0197723584129048,0.021500645261663974,1.7697723584129048,1.4697723584129048,0.0,0.0,0.0,-0.0045366200885382235,0.0045366200885382235,1,0,1,0,ad4b715165e84dd399d377549dc111fb1309cda1260e23e9ee621d07fad63984,6ba3dffa4798388fb8057a608cfa40a0e24aeba9257d245b2d5103a1844d1115
4,4.167275904001144,0.9968121150013758,APPROACH,,KFB_TIMING,kfb_timing,0.0004789632142405409,-0.0006770942126857447,0.017920409309737182,1,-28.28571428571429,0,0.3136711700138991,-0.004747804102091411,0.4259192471680837,0.30851001869923456,-0.0012111571731779486,0.4427045350080318,0.20524740508324904,0.39527523730391834,-0.570675144374344,-0.42913578175129474,-0.018403774631764923,0.1807629140398195,0.7239054709875832,200.0,13.0,1.2,0.5,0.3,3.0,IDLE,0.08,nan,0,0.05,20.0,0,unknown,unknown,nan,0,0.0,0,0.005177502000151435,1,0.00020654499894590117,1.4714998542331159e-05,0.00018033100059255958,9.320028766524047e-07,4.202000127406791e-06,1.3899989426136017e-07,2.3769000108586624e-05,1.0450021363794804e-06,0.0004902770015178248,0.004509722998482175,0.0046835060020384844,0,0,0,200.0,0.0,0,0.0,1.0197723584129048,0.021500645261663974,1.7697723584129048,,,,,unknown,unknown,nan,,nan,,1.0,0.0,0.0,nan,nan,0.0,0,,2998874333,F04_M01_05,MDCEB22F,measured,approach,0.5,,0,0,1.0197723584129048,0.021500645261663974,1.7697723584129048,1.4697723584129048,0.0,0.0,0.0,0.0,0.0,1,0,1,0,ad4b715165e84dd399d377549dc111fb1309cda1260e23e9ee621d07fad63984,6ba3dffa4798388fb8057a608cfa40a0e24aeba9257d245b2d5103a1844d1115
4,4.1723953030013945,1.001931514001626,APPROACH,,KFB_TIMING,kfb_timing,0.00045484550125685086,-0.0006415528693586587,0.017866557802300124,1,-28.28571428571429,0,0.3137249431979056,-0.004827047569158905,0.42579917910771664,0.30848271906969926,-0.0012099580038087733,0.44262535482744314,0.20093432530052785,0.39723530057843137,-0.5670769791596952,-0.43191178483413045,-0.02318129712153191,0.18059966010675477,0.7209346623671943,200.0,13.0,1.2,0.5,0.3,3.0,IDLE,0.08,nan,0,0.05,20.0,0,unknown,unknown,nan,0,0.0,0,0.005119399000250269,1,0.00034414099718560465,1.924900061567314e-05,0.0004550459998426959,3.7329991755541414e-06,1.6149002476595342e-05,3.6500205169431865e-07,9.780600157682784e-05,4.067998816026375e-06,0.001111405999836279,0.003888594000163721,0.004001220000645844,0,0,0,200.0,0.0,0,0.0,1.0197723584129048,0.021500645261663974,1.7697723584129048,,,,,unknown,unknown,nan,,nan,,1.0,0.0,0.0,nan,nan,0.0,0,,3003650920,F04_M01_05,MDCEB22F,measured,approach,0.5,,0,0,1.0197723584129048,0.021500645261663974,1.7697723584129048,1.4697723584129048,0.0,0.0,0.0,0.0,0.0,1,0,1,0,ad4b715165e84dd399d377549dc111fb1309cda1260e23e9ee621d07fad63984,6ba3dffa4798388fb8057a608cfa40a0e24aeba9257d245b2d5103a1844d1115
4,4.177577668000595,1.0071138790008263,APPROACH,,KFB_TIMING,kfb_timing,0.0004240475088843898,-0.0006118934850045813,0.017815017954397404,1,-28.28571428571429,0,0.31379644420507913,-0.004895905169609466,0.4256795235473786,0.3084524250511734,-0.001207579668861326,0.44253255041746237,0.2090797556790429,0.3998860643915098,-0.5907311719853464,-0.4350946475153685,-0.012356765657353016,0.1808193180442551,0.7433616389648581,200.0,13.0,1.2,0.5,0.3,3.0,IDLE,0.08,nan,0,0.05,20.0,0,unknown,unknown,nan,0,0.0,0,0.005182364999200217,1,0.0002016380021814257,4.988799992133863e-05,0.0003188959999533836,1.857999450294301e-06,5.723999493056908e-06,1.359985617455095e-07,4.2833002225961536e-05,3.851099972962402e-05,0.0007498999984818511,0.004250100001518149,0.0044275780019233935,0,0,0,200.0,0.0,0,0.0,1.0197723584129048,0.021500645261663974,1.7697723584129048,,,,,unknown,unknown,nan,,nan,,1.0,0.0,0.0,nan,nan,0.0,0,,3008944297,F04_M01_05,MDCEB22F,measured,approach,0.5,,0,0,1.0197723584129048,0.021500645261663974,1.7697723584129048,1.4697723584129048,0.0,0.0,0.0,0.0,0.0,1,0,1,0,ad4b715165e84dd399d377549dc111fb1309cda1260e23e9ee621d07fad63984,6ba3dffa4798388fb8057a608cfa40a0e24aeba9257d245b2d5103a1844d1115
4,4.182704214999831,1.0122404260000621,APPROACH,,KFB_TIMING,kfb_timing,0.00039199508801868177,-0.0005763853785956788,0.017772809339047135,1,-28.28571428571429,0,0.3138737163809069,-0.0049815083336648604,0.4255777667546403,0.308429181714839,-0.0012061062844573364,0.4424543961848137,0.20764745823714403,0.3980572481137316,-0.6260849406488609,-0.4352091551590007,-0.00453557718361632,0.18006494019406782,0.7704215681011993,200.0,13.0,1.2,0.5,0.3,3.0,IDLE,0.08,nan,0,0.05,20.0,0,unknown,unknown,nan,0,0.0,0,0.00512654699923587,1,0.00031495900111622177,2.641600076458417e-05,0.00034876700010499917,1.7719976312946528e-06,5.7680008467286825e-06,1.4599936548620462e-07,3.254900002502836e-05,1.5949990483932197e-06,0.0008137410004565027,0.0041862589995434974,0.0043096540030092,0,0,0,200.0,0.0,0,0.0,1.0197723584129048,0.021500645261663974,1.7697723584129048,,,,,unknown,unknown,nan,,nan,,1.0,0.0,0.0,nan,nan,0.0,0,,3013899227,F04_M01_05,MDCEB22F,measured,approach,0.5,,0,0,1.0197723584129048,0.021500645261663974,1.7697723584129048,1.4697723584129048,0.0,0.0,0.0,-0.013042470324430455,0.013042470324430455,1,0,1,0,ad4b715165e84dd399d377549dc111fb1309cda1260e23e9ee621d07fad63984,6ba3dffa4798388fb8057a608cfa40a0e24aeba9257d245b2d5103a1844d1115
4,4.187823304000631,1.0173595150008623,APPROACH,,KFB_TIMING,kfb_timing,0.000362581480126023,-0.0005467982282629786,0.01773413449478439,1,-28.28571428571429,0,0.31395311951062244,-0.005061379947659101,0.4254733625725036,0.3084036852215885,-0.0012067596826563325,0.44237869131163177,0.17048731420907418,0.3999401785568341,-0.6713120183075928,-0.437471814127106,-0.01693307955491988,0.18064419251550104,0.7997986600729647,200.0,13.0,1.2,0.5,0.3,3.0,IDLE,0.08,nan,0,0.05,20.0,0,unknown,unknown,nan,0,0.0,0,0.005119089000800159,1,0.00033722599982866086,2.291600321768783e-05,0.00018566299695521593,1.3079989003017545e-06,4.128000000491738e-06,1.3300086720846593e-07,2.327399852219969e-05,1.0300027497578412e-06,0.0006324940004560631,0.004367505999543937,0.004481612002564361,0,0,0,200.0,0.0,0,0.0,1.0197723584129048,0.021500645261663974,1.7697723584129048,,,,,unknown,unknown,nan,,nan,,1.0,0.0,0.0,nan,nan,0.0,0,,3019228120,F04_M01_05,MDCEB22F,measured,approach,0.5,,0,0,1.0197723584129048,0.021500645261663974,1.7697723584129048,1.4697723584129048,0.0,0.0,0.0,-0.03565600915379641,0.03565600915379641,1,0,1,0,ad4b715165e84dd399d377549dc111fb1309cda1260e23e9ee621d07fad63984,6ba3dffa4798388fb8057a608cfa40a0e24aeba9257d245b2d5103a1844d1115
4,4.192887527002313,1.0224237380025443,APPROACH,,KFB_TIMING,kfb_timing,0.0003304406554701378,-0.0005230923094510109,0.017691965880562897,1,-28.28571428571429,0,0.314037195183833,-0.005123391146952524,0.42536305567568355,0.30838337014256173,-0.0012045355784637808,0.4423164446228828,0.15761638518082938,0.40060218435944095,-0.70171958931572,-0.43852867715512855,-0.01759431157449892,0.1815863261164757,0.8232468748926107,200.0,13.0,1.2,0.5,0.3,3.0,IDLE,0.08,nan,0,0.05,20.0,0,unknown,unknown,nan,0,0.0,0,0.005064223001681967,1,0.0002965280000353232,2.3995999072212726e-05,0.00040459000229020603,1.1219999578315765e-06,5.5150012485682964e-06,1.4699980965815485e-07,2.9844002710888162e-05,4.000998160336167e-06,0.0008517540009052027,0.004148245999094797,0.004207986999972491,0,0,0,200.0,0.0,0,0.0,1.0197723584129048,0.021500645261663974,1.7697723584129048,,,,,unknown,unknown,nan,,nan,,1.0,0.0,0.0,nan,nan,0.0,0,,3023918028,F04_M01_05,MDCEB22F,measured,approach,0.5,,0,0,1.0197723584129048,0.021500645261663974,1.7697723584129048,1.4697723584129048,0.0,0.0,0.0,-0.05085979465786,0.05085979465786,1,0,1,0,ad4b715165e84dd399d377549dc111fb1309cda1260e23e9ee621d07fad63984,6ba3dffa4798388fb8057a608cfa40a0e24aeba9257d245b2d5103a1844d1115
4,4.198005441001442,1.0275416520016734,APPROACH,,KFB_TIMING,kfb_timing,0.0003009478710571112,-0.0005052936708092212,0.01765332734557023,1,-28.28571428571429,0,0.3141246731947,-0.005176183364964899,0.4252484506205406,0.3083520734003826,-0.0012016995590837945,0.44222649911058853,0.18368555595525182,0.3931518812692317,-0.7011636033323865,-0.43399669749488967,-0.0018175674339263419,0.18097047087671958,0.824584249091736,200.0,13.0,1.2,0.5,0.3,3.0,IDLE,0.08,nan,0,0.05,20.0,0,unknown,unknown,nan,0,0.0,0,0.005117913999129087,1,0.00019197100118617527,2.1165000362088904e-05,0.0001340730013907887,2.1949999791104347e-06,7.317001291085035e-06,1.7900310922414064e-07,3.532499977154657e-05,1.4170000213198364e-06,0.00047987499783630483,0.004520125002163695,0.004633378001017263,0,0,0,200.0,0.0,0,0.0,1.0197723584129048,0.021500645261663974,1.7697723584129048,,,,,unknown,unknown,nan,,nan,,1.0,0.0,0.0,nan,nan,0.0,0,,3029157705,F04_M01_05,MDCEB22F,measured,approach,0.5,,0,0,1.0197723584129048,0.021500645261663974,1.7697723584129048,1.4697723584129048,0.0,0.0,0.0,-0.05058180166619325,0.05058180166619325,1,0,1,0,ad4b715165e84dd399d377549dc111fb1309cda1260e23e9ee621d07fad63984,6ba3dffa4798388fb8057a608cfa40a0e24aeba9257d245b2d5103a1844d1115
4,4.203094640000927,1.0326308510011586,APPROACH,,KFB_TIMING,kfb_timing,0.0002768184179662847,-0.0004875358220302409,0.017621720157626454,1,-28.28571428571429,0,0.3141970615539725,-0.005229456911301839,0.4251536290567093,0.30832717432108,-0.001200356679248519,0.4421499210451467,0.1948811531940709,0.38807824871315694,-0.6796244345815123,-0.4309889334970678,-0.0015782556775175583,0.1806760643229883,0.8065189167494847,200.0,13.0,1.2,0.5,0.3,3.0,IDLE,0.08,nan,0,0.05,20.0,0,unknown,unknown,nan,0,0.0,0,0.005089198999485234,1,0.00030652600253233686,1.9552000594558194e-05,0.000161062998813577,1.3559983926825225e-06,5.330999556463212e-06,1.579974195919931e-07,2.8905997169204056e-05,8.266997610917315e-06,0.0006026709997968283,0.004397329000203172,0.004481149997445755,0,0,0,200.0,0.0,0,0.0,1.0197723584129048,0.021500645261663974,1.7697723584129048,,,,,unknown,unknown,nan,,nan,,1.0,0.0,0.0,nan,nan,0.0,0,,3034162242,F04_M01_05,MDCEB22F,measured,approach,0.5,,0,0,1.0197723584129048,0.021500645261663974,1.7697723584129048,1.4697723584129048,0.0,0.0,0.0,-0.03981221729075618,0.03981221729075618,1,0,0,0,ad4b715165e84dd399d377549dc111fb1309cda1260e23e9ee621d07fad63984,6ba3dffa4798388fb8057a608cfa40a0e24aeba9257d245b2d5103a1844d1115
4,4.208273745000042,1.0378099560002738,APPROACH,,KFB_TIMING,kfb_timing,0.0002619857114102564,-0.0004698211180254721,0.017591333630499383,1,-28.28571428571429,0,0.31424155967364054,-0.0052826010233161455,0.42506246947532805,0.30830395644947645,-0.0011979955314983378,0.44207073801160796,0.21389881509039976,0.3826370112826286,-0.6699723386234648,-0.42768919091035695,0.00745790828420593,0.1798647953145079,0.8006414428575217,200.0,13.0,1.2,0.5,0.3,3.0,IDLE,0.08,nan,0,0.05,20.0,0,unknown,unknown,nan,0,0.0,0,0.005179104999115225,1,0.0002419700031168759,2.375100302742794e-05,0.00013256300007924438,1.124000846175477e-06,5.570000212173909e-06,1.3699900591745973e-07,3.680900044855662e-05,1.3649987522512674e-06,0.0005188830000406597,0.00448111699995934,0.004650568000215571,0,0,0,200.0,0.0,0,0.0,1.0197723584129048,0.021500645261663974,1.7697723584129048,,,,,unknown,unknown,nan,,nan,,1.0,0.0,0.0,nan,nan,0.0,0,,3039789081,F04_M01_05,MDCEB22F,measured,approach,0.5,,0,0,1.0197723584129048,0.021500645261663974,1.7697723584129048,1.4697723584129048,0.0,0.0,0.0,-0.03498616931173243,0.03498616931173243,1,0,0,0,ad4b715165e84dd399d377549dc111fb1309cda1260e23e9ee621d07fad63984,6ba3dffa4798388fb8057a608cfa40a0e24aeba9257d245b2d5103a1844d1115
4,4.213386808001815,1.0429230190020462,APPROACH,,KFB_TIMING,kfb_timing,0.0002498140940099258,-0.00045799867772689483,0.017564465063870514,1,-28.28571428571429,0,0.31427807452584156,-0.005318068344211877,0.42498186377544145,0.3082838246314811,-0.0011976653604603826,0.44199592495485884,0.21906683378486685,0.37537436934999135,-0.6785792297518233,-0.42334567357651504,0.012988650125632765,0.17785631735076798,0.8058324676258757,200.0,13.0,1.2,0.5,0.3,3.0,IDLE,0.08,nan,0,0.05,20.0,0,unknown,unknown,nan,0,0.0,0,0.005113063001772389,1,0.00034541900095064193,3.514900163281709e-05,0.0004239919981046114,2.763998054433614e-06,8.093000360531732e-06,1.3699900591745973e-07,4.0090002585202456e-05,1.6069971024990082e-06,0.0009696640008769464,0.004030335999123054,0.004139863998716464,0,0,0,200.0,0.0,0,0.0,1.0197723584129048,0.021500645261663974,1.7697723584129048,,,,,unknown,unknown,nan,,nan,,1.0,0.0,0.0,nan,nan,0.0,0,,3044411547,F04_M01_05,MDCEB22F,measured,approach,0.5,,0,0,1.0197723584129048,0.021500645261663974,1.7697723584129048,1.4697723584129048,0.0,0.0,0.0,-0.03928961487591165,0.03928961487591165,1,0,0,0,ad4b715165e84dd399d377549dc111fb1309cda1260e23e9ee621d07fad63984,6ba3dffa4798388fb8057a608cfa40a0e24aeba9257d245b2d5103a1844d1115
4,4.21850023099978,1.0480364420000114,APPROACH,,KFB_TIMING,kfb_timing,0.00024030734903499051,-0.00045206449309143526,0.017541112384494115,1,-28.28571428571429,0,0.3143065947607664,-0.005335870898118256,0.42491180573731224,0.3082592316737925,-0.0011965134793123925,0.44190509756539154,0.20343384546472035,0.36853711903110814,-0.6642168507761801,-0.41948361394429645,-0.0016240835192697263,0.17522493740819334,0.7863771121029268,200.0,13.0,1.2,0.5,0.3,3.0,IDLE,0.08,nan,0,0.05,20.0,0,unknown,unknown,nan,0,0.0,0,0.005113422997965245,1,0.0001875140005722642,1.7057001969078556e-05,0.00015188299948931672,1.2359996617306024e-06,4.9769987526815385e-06,1.320004230365157e-07,2.6547000743448734e-05,1.1920019460376352e-06,0.00046564799777115695,0.004534352002228843,0.00464371099951677,0,0,0,200.0,0.0,0,0.0,1.0197723584129048,0.021500645261663974,1.7697723584129048,,,,,unknown,unknown,nan,,nan,,1.0,0.0,0.0,nan,nan,0.0,0,,3049997713,F04_M01_05,MDCEB22F,measured,approach,0.5,,0,0,1.0197723584129048,0.021500645261663974,1.7697723584129048,1.4697723584129048,0.0,0.0,0.0,-0.032108425388090056,0.032108425388090056,1,0,0,0,ad4b715165e84dd399d377549dc111fb1309cda1260e23e9ee621d07fad63984,6ba3dffa4798388fb8057a608cfa40a0e24aeba9257d245b2d5103a1844d1115
4,4.223617985000601,1.0531541960008326,APPROACH,,KFB_TIMING,kfb_timing,0.0002307960523565411,-0.00044613192744338435,0.017517761801201234,1,-28.28571428571429,0,0.3143351286508017,-0.005353668595062409,0.4248417539874336,0.3082425309715916,-0.0011944266261054498,0.44184796782362556,0.192433982470231,0.36359993498524035,-0.6661283981716855,-0.41675667993702914,-0.00826655555923623,0.1730441749230676,0.7829194040138485,200.0,13.0,1.2,0.5,0.3,3.0,IDLE,0.08,nan,0,0.05,20.0,0,unknown,unknown,nan,0,0.0,0,0.005117754000821151,1,0.000369590001355391,1.9672999769682065e-05,0.00044668700138572603,1.115000486606732e-06,5.021996912546456e-06,1.2499731383286417e-07,2.824300099746324e-05,1.4840006770100445e-06,0.0009402070027135778,0.004059792997286422,0.004173698998783948,0,0,0,200.0,0.0,0,0.0,1.0197723584129048,0.021500645261663974,1.7697723584129048,,,,,unknown,unknown,nan,,nan,,1.0,0.0,0.0,nan,nan,0.0,0,,3054646331,F04_M01_05,MDCEB22F,measured,approach,0.5,,0,0,1.0197723584129048,0.021500645261663974,1.7697723584129048,1.4697723584129048,0.0,0.0,0.0,-0.03306419908584274,0.03306419908584274,1,0,0,0,ad4b715165e84dd399d377549dc111fb1309cda1260e23e9ee621d07fad63984,6ba3dffa4798388fb8057a608cfa40a0e24aeba9257d245b2d5103a1844d1115
4,4.2287759669998195,1.058312178000051,APPROACH,,KFB_TIMING,kfb_timing,0.00023597231490604664,-0.0004402589339937945,0.01750263503928753,1,-28.28571428571429,0,0.31431959986315317,-0.0053712875754111785,0.42479637370169254,0.3082129172461403,-0.0011944984403708808,0.4417609916827449,0.21883580094437194,0.35757506535266953,-0.7084881220498913,-0.41323825607861,0.020892268220558105,0.17095268346699574,0.82322806938461,200.0,13.0,1.2,0.5,0.3,3.0,IDLE,0.08,nan,0,0.05,20.0,0,unknown,unknown,nan,0,0.0,0,0.005157981999218464,1,0.0002099939993058797,1.6232999769272283e-05,0.0001215129996126052,1.047999830916524e-06,4.644000000553206e-06,1.4399847714230418e-07,2.455599678796716e-05,3.80200071958825e-06,0.00046998399920994416,0.004530016000790056,0.004683314997237176,0,0,0,200.0,0.0,0,0.0,1.0197723584129048,0.021500645261663974,1.7697723584129048,,,,,unknown,unknown,nan,,nan,,1.0,0.0,0.0,nan,nan,0.0,0,,3059906139,F04_M01_05,MDCEB22F,measured,approach,0.5,,0,0,1.0197723584129048,0.021500645261663974,1.7697723584129048,1.4697723584129048,0.0,0.0,0.0,-0.05424406102494567,0.05424406102494567,1,0,0,0,ad4b715165e84dd399d377549dc111fb1309cda1260e23e9ee621d07fad63984,6ba3dffa4798388fb8057a608cfa40a0e24aeba9257d245b2d5103a1844d1115
4,4.233835630002432,1.0633718410026631,APPROACH,,KFB_TIMING,kfb_timing,0.00023576180559556348,-0.00043435997326577,0.017480492171777898,1,-28.28571428571429,0,0.3143202313910846,-0.005388984457595252,0.4247299450991636,0.3081879428032857,-0.00119348553161265,0.4416833494219286,0.2661849089840704,0.3517886610348262,-0.7324752059048375,-0.40996456993178715,0.05779078947475119,0.16942519942969392,0.8550611645191634,200.0,13.0,1.2,0.5,0.3,3.0,IDLE,0.08,nan,0,0.05,20.0,0,unknown,unknown,nan,0,0.0,0,0.005059663002612069,1,0.00029035100305918604,1.9049002730753273e-05,0.0001607369995326735,1.3250028132461011e-06,4.956997145200148e-06,1.4699980965815485e-07,2.7744001272367314e-05,1.1810006981249899e-06,0.0005722330024582334,0.004427766997541767,0.004485200999624794,0,0,0,200.0,0.0,0,0.0,1.0197723584129048,0.021500645261663974,1.7697723584129048,,,,,unknown,unknown,nan,,nan,,1.0,0.0,0.0,nan,nan,0.0,0,,3064902118,F04_M01_05,MDCEB22F,measured,approach,0.5,,0,0,1.0197723584129048,0.021500645261663974,1.7697723584129048,1.4697723584129048,0.0,0.0,0.0,-0.06623760295241876,0.06623760295241876,1,0,0,0,ad4b715165e84dd399d377549dc111fb1309cda1260e23e9ee621d07fad63984,6ba3dffa4798388fb8057a608cfa40a0e24aeba9257d245b2d5103a1844d1115
4,4.239058647999627,1.0685948589998588,APPROACH,,KFB_TIMING,kfb_timing,0.0002448560640660735,-0.00042849250334990645,0.01745955291865824,1,-28.28571428571429,0,0.3142929486156731,-0.005406586867342842,0.42466712733980466,0.30816594324487806,-0.0011928847257929838,0.4416082292362457,0.2908673698560513,0.34536857651729996,-0.7538559505728952,-0.40635296273619925,0.0790882507930848,0.16783709575314942,0.8787389115697145,200.0,13.0,1.2,0.5,0.3,3.0,IDLE,0.08,nan,0,0.05,20.0,0,unknown,unknown,nan,0,0.0,0,0.005223017997195711,1,0.00023521799812442623,1.4362998626893386e-05,0.00016953100202954374,9.110008249990642e-07,4.269000783096999e-06,1.4799661585129797e-07,2.3532000341219828e-05,1.0559997463133186e-06,0.0005043239980295766,0.0044956760019704235,0.004711441000836203,0,0,0,200.0,0.0,0,0.0,1.0197723584129048,0.021500645261663974,1.7697723584129048,,,,,unknown,unknown,nan,,nan,,1.0,0.0,0.0,nan,nan,0.0,0,,3070491068,F04_M01_05,MDCEB22F,measured,approach,0.5,,0,0,1.0197723584129048,0.021500645261663974,1.7697723584129048,1.4697723584129048,0.0,0.0,0.0,-0.07692797528644763,0.07692797528644763,1,0,0,0,ad4b715165e84dd399d377549dc111fb1309cda1260e23e9ee621d07fad63984,6ba3dffa4798388fb8057a608cfa40a0e24aeba9257d245b2d5103a1844d1115
4,4.2442322700007935,1.073768481001025,APPROACH,,KFB_TIMING,kfb_timing,0.00026058055736186136,-0.00041677257043357515,0.01743630139200673,1,-28.28571428571429,0,0.3142457751357857,-0.005441746666091836,0.42459737275985016,0.30814178521565094,-0.0011918857458094985,0.4415324065678202,0.30603227600726407,0.33570450539638313,-0.7860043517189106,-0.40069041415324647,0.09719459544865616,0.16557683571468734,0.9078304411192001,200.0,13.0,1.2,0.5,0.3,3.0,IDLE,0.08,nan,0,0.05,20.0,0,unknown,unknown,nan,0,0.0,0,0.005173622001166223,1,0.0002989979984704405,3.9615999412490055e-05,0.0003934050000680145,1.992000761674717e-06,6.624002708122134e-06,1.4300167094916105e-07,4.248800178174861e-05,1.6800004232209176e-06,0.0008893480007827748,0.004110651999217225,0.004280845001630951,0,0,0,200.0,0.0,0,0.0,1.0197723584129048,0.021500645261663974,1.7697723584129048,,,,,unknown,unknown,nan,,nan,,1.0,0.0,0.0,nan,nan,0.0,0,,3075696621,F04_M01_05,MDCEB22F,measured,approach,0.5,,0,0,1.0197723584129048,0.021500645261663974,1.7697723584129048,1.4697723584129048,0.0,0.0,0.0,-0.0930021758594553,0.0930021758594553,1,0,0,0,ad4b715165e84dd399d377549dc111fb1309cda1260e23e9ee621d07fad63984,6ba3dffa4798388fb8057a608cfa40a0e24aeba9257d245b2d5103a1844d1115
4,4.249412534001749,1.0789487450019806,APPROACH,,KFB_TIMING,kfb_timing,0.00026966789606672203,-0.00041090468375151946,0.017415353506475724,1,-28.28571428571429,0,0.31421851311967114,-0.005459350326138003,0.4245345291032571,0.3081112887376735,-0.0011904413381051528,0.44143482404506496,0.2801807849053928,0.3263098719335674,-0.8000250288508046,-0.3953186919258313,0.08330595469063588,0.16347511471315335,0.9083058138860689,200.0,13.0,1.2,0.5,0.3,3.0,IDLE,0.08,nan,0,0.05,20.0,0,unknown,unknown,nan,0,0.0,0,0.0051802640009555034,1,0.0003869840002153069,3.42800012731459e-05,0.00032028300120146014,2.3229986254591495e-06,6.932998076081276e-06,1.219996192958206e-07,3.104699862888083e-05,1.0600015230011195e-06,0.0009092789987334982,0.004090721001266502,0.004267366999556543,0,0,0,200.0,0.0,0,0.0,1.0197723584129048,0.021500645261663974,1.7697723584129048,,,,,unknown,unknown,nan,,nan,,1.0,0.0,0.0,nan,nan,0.0,0,,3080938833,F04_M01_05,MDCEB22F,measured,approach,0.5,,0,0,1.0197723584129048,0.021500645261663974,1.7697723584129048,1.4697723584129048,0.0,0.0,0.0,-0.10001251442540232,0.10001251442540232,1,0,0,0,ad4b715165e84dd399d377549dc111fb1309cda1260e23e9ee621d07fad63984,6ba3dffa4798388fb8057a608cfa40a0e24aeba9257d245b2d5103a1844d1115
4,4.2545344440004556,1.0840706550006871,APPROACH,,KFB_TIMING,kfb_timing,0.00028270623653658955,-0.0003933011760227915,0.0173885795672942,1,-28.28571428571429,0,0.31417939809826156,-0.005512160849324187,0.42445420728571254,0.30809267626964626,-0.0011890810896265126,0.4413732649011426,0.2349038684534058,0.3171861750758928,-0.7801823570442279,-0.39023904942213844,0.04708785505855511,0.16125444059545113,0.8743405556856761,200.0,13.0,1.2,0.5,0.3,3.0,IDLE,0.08,nan,0,0.05,20.0,0,unknown,unknown,nan,0,0.0,0,0.005121909998706542,1,0.0004528819990810007,2.2930998966330662e-05,0.00037884299672441557,2.130000211764127e-06,5.39900065632537e-06,1.1500014807097614e-07,3.3484997402410954e-05,1.6859994502738118e-06,0.0009743919981701765,0.004025608001829824,0.004136953997658566,0,0,0,200.0,0.0,0,0.0,1.0197723584129048,0.021500645261663974,1.7697723584129048,,,,,unknown,unknown,nan,,nan,,1.0,0.0,0.0,nan,nan,0.0,0,,3085675948,F04_M01_05,MDCEB22F,measured,approach,0.5,,0,0,1.0197723584129048,0.021500645261663974,1.7697723584129048,1.4697723584129048,0.0,0.0,0.0,-0.09009117852211396,0.09009117852211396,1,0,0,0,ad4b715165e84dd399d377549dc111fb1309cda1260e23e9ee621d07fad63984,6ba3dffa4798388fb8057a608cfa40a0e24aeba9257d245b2d5103a1844d1115
4,4.259644608999224,1.0891808199994557,APPROACH,,KFB_TIMING,kfb_timing,0.00029570471655038233,-0.0003874375525876173,0.017361807147723028,1,-28.28571428571429,0,0.3141404026582202,-0.005529751719629709,0.42437389002699905,0.30806325991314343,-0.0011862248823853814,0.44127735725954326,0.18183000366250018,0.31023473148728403,-0.7486717403734459,-0.3864708571745086,0.0025834673509816074,0.15973544334665435,0.830552294372062,200.0,13.0,1.2,0.5,0.3,3.0,IDLE,0.08,nan,0,0.05,20.0,0,unknown,unknown,nan,0,0.0,0,0.005110164998768596,1,0.00028906700026709586,1.5669000276830047e-05,0.0001613019994692877,1.3879980542697012e-06,5.889000021852553e-06,1.2400050763972104e-07,3.071999890380539e-05,1.3400021998677403e-06,0.0005864010017830878,0.004413598998216912,0.00451731000066502,0,0,0,200.0,0.0,0,0.0,1.0197723584129048,0.021500645261663974,1.7697723584129048,,,,,unknown,unknown,nan,,nan,,1.0,0.0,0.0,nan,nan,0.0,0,,3090957911,F04_M01_05,MDCEB22F,measured,approach,0.5,,0,0,1.0197723584129048,0.021500645261663974,1.7697723584129048,1.4697723584129048,0.0,0.0,0.0,-0.07433587018672294,0.07433587018672294,1,0,0,0,ad4b715165e84dd399d377549dc111fb1309cda1260e23e9ee621d07fad63984,6ba3dffa4798388fb8057a608cfa40a0e24aeba9257d245b2d5103a1844d1115
4,4.264708613001858,1.0942448240020894,APPROACH,,KFB_TIMING,kfb_timing,0.0003099351954453655,-0.00037569650580494894,0.01732569965633402,1,-28.28571428571429,0,0.31409771122153524,-0.005564974859977714,0.424265567552832,0.30804099850325817,-0.001185960168750476,0.44119945229093194,0.17023894612617552,0.3055930586831288,-0.732004225200109,-0.38414134593459337,-0.011189719145748836,0.1591272809495931,0.8112943990958356,200.0,13.0,1.2,0.5,0.3,3.0,IDLE,0.08,nan,0,0.05,20.0,0,unknown,unknown,nan,0,0.0,0,0.005064004002633737,1,0.0002494309992471244,2.8173999453429133e-05,0.0003539120007189922,1.9809995137620717e-06,6.1270002333913e-06,1.309999788645655e-07,3.519800156936981e-05,5.193000106373802e-06,0.0007663560027140193,0.004233643997285981,0.004293558002245845,0,0,0,200.0,0.0,0,0.0,1.0197723584129048,0.021500645261663974,1.7697723584129048,,,,,unknown,unknown,nan,,nan,,1.0,0.0,0.0,nan,nan,0.0,0,,3095912910,F04_M01_05,MDCEB22F,measured,approach,0.5,,0,0,1.0197723584129048,0.021500645261663974,1.7697723584129048,1.4697723584129048,0.0,0.0,0.0,-0.06600211260005451,0.06600211260005451,1,0,0,0,ad4b715165e84dd399d377549dc111fb1309cda1260e23e9ee621d07fad63984,6ba3dffa4798388fb8057a608cfa40a0e24aeba9257d245b2d5103a1844d1115
4,4.269770041999436,1.0993062529996678,APPROACH,,KFB_TIMING,kfb_timing,0.0003229215544079955,-0.0003698324685265413,0.017298912488575152,1,-28.28571428571429,0,0.31405875214464735,-0.005582566971812937,0.4241852060495554,0.3080198522861952,-0.0011847789738007597,0.44112692090527394,0.20619630226649052,0.30106222814149075,-0.7202289364723593,-0.3819938680976891,0.006298340788240557,0.1586329205761441,0.8073940185646651,200.0,13.0,1.2,0.5,0.3,3.0,IDLE,0.08,nan,0,0.05,20.0,0,unknown,unknown,nan,0,0.0,0,0.005061428997578332,1,0.00038910500006750226,2.127900006598793e-05,0.0001255589995707851,1.7389975255355239e-06,5.1299975893925875e-06,1.490006980020553e-07,3.089399979216978e-05,1.453998265787959e-06,0.000649583998892922,0.004350416001107078,0.004408328000863548,0,0,0,200.0,0.0,0,0.0,1.0197723584129048,0.021500645261663974,1.7697723584129048,,,,,unknown,unknown,nan,,nan,,1.0,0.0,0.0,nan,nan,0.0,0,,3100915274,F04_M01_05,MDCEB22F,measured,approach,0.5,,0,0,1.0197723584129048,0.021500645261663974,1.7697723584129048,1.4697723584129048,0.0,0.0,0.0,-0.06011446823617966,0.06011446823617966,1,0,0,0,ad4b715165e84dd399d377549dc111fb1309cda1260e23e9ee621d07fad63984,6ba3dffa4798388fb8057a608cfa40a0e24aeba9257d245b2d5103a1844d1115
4,4.27488631000233,1.1044225210025616,APPROACH,,KFB_TIMING,kfb_timing,0.0003332198216545179,-0.0003580870545172489,0.017268609023863207,1,-28.28571428571429,0,0.3140278573429078,-0.005617803213840814,0.42409429565541956,0.3080037872946583,-0.001185926832572847,0.44105298570295215,0.26433370186686117,0.29814816057800486,-0.7402303191179975,-0.3807379354564922,0.046807396131939974,0.15858692941371197,0.8406578120378225,200.0,13.0,1.2,0.5,0.3,3.0,IDLE,0.08,nan,0,0.05,20.0,0,unknown,unknown,nan,0,0.0,0,0.005116268002893776,1,0.000304318997223163,1.905699900817126e-05,0.00015645099847461097,1.6520025383215398e-06,5.24099959875457e-06,1.4300167094916105e-07,3.4792999940691516e-05,1.5209989214781672e-06,0.000594178000028478,0.004405821999971522,0.004516657998465234,0,0,0,200.0,0.0,0,0.0,1.0197723584129048,0.021500645261663974,1.7697723584129048,,,,,unknown,unknown,nan,,nan,,1.0,0.0,0.0,nan,nan,0.0,0,,3106177785,F04_M01_05,MDCEB22F,measured,approach,0.5,,0,0,1.0197723584129048,0.021500645261663974,1.7697723584129048,1.4697723584129048,0.0,0.0,0.0,-0.07011515955899877,0.07011515955899877,1,0,0,0,ad4b715165e84dd399d377549dc111fb1309cda1260e23e9ee621d07fad63984,6ba3dffa4798388fb8057a608cfa40a0e24aeba9257d245b2d5103a1844d1115
4,4.279978351001773,1.1095145620020048,APPROACH,,KFB_TIMING,kfb_timing,0.0003461950530289082,-0.00035222267797723584,0.01724180881644076,1,-28.28571428571429,0,0.3139889316487846,-0.0056353963434608535,0.42401389503315223,0.3080037930106576,-0.0011852535437808231,0.44098248469552453,0.33512194774889376,0.3013117069408395,-0.777328638389413,-0.38313001320458395,0.09940407880392854,0.16012815554337934,0.8985183785894162,200.0,13.0,1.2,0.5,0.3,3.0,IDLE,0.08,nan,0,0.05,20.0,0,unknown,unknown,nan,0,0.0,0,0.00509204099944327,1,0.000271028999122791,3.3071999496314675e-05,0.00030119499933789484,2.1239975467324257e-06,6.251000741031021e-06,1.269982021767646e-07,4.9210997531190515e-05,1.5449986676685512e-06,0.0007552669994765893,0.004244733000523411,0.00433315199916251,0,0,0,200.0,0.0,0,0.0,1.0197723584129048,0.021500645261663974,1.7697723584129048,,,,,unknown,unknown,nan,,nan,,1.0,0.0,0.0,nan,nan,0.0,0,,3111163398,F04_M01_05,MDCEB22F,measured,approach,0.5,,0,0,1.0197723584129048,0.021500645261663974,1.7697723584129048,1.4697723584129048,0.0,0.0,0.0,-0.08866431919470652,0.08866431919470652,1,0,0,0,ad4b715165e84dd399d377549dc111fb1309cda1260e23e9ee621d07fad63984,6ba3dffa4798388fb8057a608cfa40a0e24aeba9257d245b2d5103a1844d1115
4,4.285142253000231,1.1146784640004626,APPROACH,,KFB_TIMING,kfb_timing,0.0003591652233308207,-0.00034635809401270204,0.017215001991378622,1,-28.28571428571429,0,0.31395002113787884,-0.005652990095354455,0.4239334745579658,0.3079941796196902,-0.0011874088749009599,0.44090845138068924,0.32076069763826465,0.30737594837075044,-0.7667572405416481,-0.38766035954211175,0.0811585100840813,0.16116041132493764,0.8861625498232517,200.0,13.0,1.2,0.5,0.3,3.0,IDLE,0.08,nan,0,0.05,20.0,0,unknown,unknown,nan,0,0.0,0,0.005163901998457732,1,0.00036046500099473633,1.8834998627426103e-05,0.00014704599743708968,1.071999577106908e-06,4.771001840708777e-06,1.4300167094916105e-07,3.3389002055628225e-05,1.309999788645655e-06,0.0006329489988274872,0.004367051001172513,0.004526352000539191,0,0,0,200.0,0.0,0,0.0,1.0197723584129048,0.021500645261663974,1.7697723584129048,,,,,unknown,unknown,nan,,nan,,1.0,0.0,0.0,nan,nan,0.0,0,,3116496367,F04_M01_05,MDCEB22F,measured,approach,0.5,,0,0,1.0197723584129048,0.021500645261663974,1.7697723584129048,1.4697723584129048,0.0,0.0,0.0,-0.08337862027082404,0.08337862027082404,1,0,0,0,ad4b715165e84dd399d377549dc111fb1309cda1260e23e9ee621d07fad63984,6ba3dffa4798388fb8057a608cfa40a0e24aeba9257d245b2d5103a1844d1115
4,4.290227247001894,1.1197634580021258,APPROACH,,KFB_TIMING,kfb_timing,0.0003721303290729894,-0.00034049330315958856,0.017188188549445337,1,-28.28571428571429,0,0.31391112582065234,-0.005670584467913796,0.42385303423216597,0.3079713435573123,-0.0011853255366320904,0.440832665489788,0.2603326456764544,0.3156820647354215,-0.7631524149731423,-0.39399185670242265,0.036878678975513945,0.16212132653262168,0.8659271683460801,200.0,13.0,1.2,0.5,0.3,3.0,IDLE,0.08,nan,0,0.05,20.0,0,unknown,unknown,nan,0,0.0,0,0.00508499400166329,1,0.00021416300296550617,2.5985998945543543e-05,0.00042100599966943264,1.6559970390517265e-06,6.094000127632171e-06,1.400003384333104e-07,4.879800326307304e-05,1.776999852154404e-06,0.0008164630016835872,0.004183536998316413,0.004266201998689212,0,0,0,200.0,0.0,0,0.0,1.0197723584129048,0.021500645261663974,1.7697723584129048,,,,,unknown,unknown,nan,,nan,,1.0,0.0,0.0,nan,nan,0.0,0,,3121406557,F04_M01_05,MDCEB22F,measured,approach,0.5,,0,0,1.0197723584129048,0.021500645261663974,1.7697723584129048,1.4697723584129048,0.0,0.0,0.0,-0.08157620748657118,0.08157620748657118,1,0,0,0,ad4b715165e84dd399d377549dc111fb1309cda1260e23e9ee621d07fad63984,6ba3dffa4798388fb8057a608cfa40a0e24aeba9257d245b2d5103a1844d1115
4,4.295388319002086,1.1249245300023176,APPROACH,,KFB_TIMING,kfb_timing,0.00038506109414404577,-0.00034636962158943364,0.017161375367422214,1,-28.28571428571429,0,0.3138723335254392,-0.00565295551262426,0.4237725946860966,0.30794950410695227,-0.0011850614083988766,0.44075703029838065,0.2629639371287209,0.32287704306705023,-0.7832131498252054,-0.3994946255997325,0.04274890745654376,0.1634477062269157,0.8870301320863229,200.0,13.0,1.2,0.5,0.3,3.0,IDLE,0.08,nan,0,0.05,20.0,0,unknown,unknown,nan,0,0.0,0,0.00516107200019178,1,0.00032834100056788884,1.5833997167646885e-05,0.00018336399807594717,9.979994501918554e-07,4.175999492872506e-06,1.309999788645655e-07,2.4409997422480956e-05,1.0939984349533916e-06,0.0006179979973239824,0.004382002002676018,0.004533462000836153,0,0,0,200.0,0.0,0,0.0,1.0197723584129048,0.021500645261663974,1.7697723584129048,,,,,unknown,unknown,nan,,nan,,1.0,0.0,0.0,nan,nan,0.0,0,,3126439500,F04_M01_05,MDCEB22F,measured,approach,0.5,,0,0,1.0197723584129048,0.021500645261663974,1.7697723584129048,1.4697723584129048,0.0,0.0,0.0,-0.09160657491260271,0.09160657491260271,1,0,0,0,ad4b715165e84dd399d377549dc111fb1309cda1260e23e9ee621d07fad63984,6ba3dffa4798388fb8057a608cfa40a0e24aeba9257d245b2d5103a1844d1115
4,4.300580679999257,1.1301168909994885,APPROACH,,KFB_TIMING,kfb_timing,0.00039801656411400654,-0.00034050461485505716,0.017134548578935736,1,-28.28571428571429,0,0.3138334671155293,-0.00567055053282739,0.4236921143206372,0.3079279320006285,-0.0011832827344508464,0.44068417744450616,0.31877098189531405,0.33001551339543816,-0.8141767934853748,-0.40460503414871796,0.0881053169462082,0.16573197785142224,0.9345635500222998,200.0,13.0,1.2,0.5,0.3,3.0,IDLE,0.08,nan,0,0.05,20.0,0,unknown,unknown,nan,0,0.0,0,0.005192360997170908,1,0.00020681999740190804,3.6002998967887834e-05,0.00012763300037477165,1.4800025383010507e-06,5.878002411918715e-06,1.4199758879840374e-07,3.196800025762059e-05,3.7719983083661646e-06,0.0004998269978386816,0.0045001730021613185,0.004685919997427845,0,0,0,200.0,0.0,0,0.0,1.0197723584129048,0.021500645261663974,1.7697723584129048,,,,,unknown,unknown,nan,,nan,,1.0,0.0,0.0,nan,nan,0.0,0,,3131650082,F04_M01_05,MDCEB22F,measured,approach,0.5,,0,0,1.0197723584129048,0.021500645261663974,1.7697723584129048,1.4697723584129048,0.0,0.0,0.0,-0.10708839674268739,0.10708839674268739,1,0,0,0,ad4b715165e84dd399d377549dc111fb1309cda1260e23e9ee621d07fad63984,6ba3dffa4798388fb8057a608cfa40a0e24aeba9257d245b2d5103a1844d1115
4,4.305657290002273,1.1351935010025045,APPROACH,,KFB_TIMING,kfb_timing,0.00041093768466432534,-0.00034638110745125643,0.01710772205876391,1,-28.28571428571429,0,0.3137947037538783,-0.005652921055038792,0.4236116347601217,0.3079044882774767,-0.001180984725991173,0.4406015270886518,0.32139862954771653,0.33231372981876695,-0.8342139819486574,-0.40686573391619274,0.09677877593932406,0.16646354090816406,0.9537517820585425,200.0,13.0,1.2,0.5,0.3,3.0,IDLE,0.08,nan,0,0.05,20.0,0,unknown,unknown,nan,0,0.0,0,0.005076610003015958,1,0.00023864700051490217,1.2057000276399776e-05,0.00017906400171341375,9.079994924832135e-07,3.5939992812927812e-06,1.1399970389902592e-07,2.0311999833211303e-05,1.0129988368134946e-06,0.0005040640025981702,0.00449593599740183,0.004566374002024531,0,0,0,200.0,0.0,0,0.0,1.0197723584129048,0.021500645261663974,1.7697723584129048,,,,,unknown,unknown,nan,,nan,,1.0,0.0,0.0,nan,nan,0.0,0,,3137267900,F04_M01_05,MDCEB22F,measured,approach,0.5,,0,0,1.0197723584129048,0.021500645261663974,1.7697723584129048,1.4697723584129048,0.0,0.0,0.0,-0.1171069909743287,0.1171069909743287,1,0,0,0,ad4b715165e84dd399d377549dc111fb1309cda1260e23e9ee621d07fad63984,6ba3dffa4798388fb8057a608cfa40a0e24aeba9257d245b2d5103a1844d1115
4,4.310736678002286,1.1402728890025173,APPROACH,,KFB_TIMING,kfb_timing,0.00043048084754765403,-0.00034640123090946975,0.01707855647656259,1,-28.28571428571429,0,0.3137360742652283,-0.005652860684664152,0.42352413801351774,0.3078959821577398,-0.001179554847202234,0.4405710544839134,0.32124721492648883,0.3358286646601891,-0.8487287338730194,-0.4097134980537265,0.10180899214403166,0.1677260629789506,0.967636878589882,200.0,13.0,1.2,0.5,0.3,3.0,IDLE,0.08,nan,0,0.05,20.0,0,unknown,unknown,nan,0,0.0,0,0.005079388000012841,1,0.0005247350018180441,3.196000034222379e-05,0.00033554400215507485,2.511002094252035e-06,6.903999747009948e-06,1.2500095181167126e-07,3.7951002013869584e-05,1.644002622924745e-06,0.0010630899996613152,0.003936910000338685,0.004013697998743737,0,0,0,200.0,0.0,0,0.0,1.0197723584129048,0.021500645261663974,1.7697723584129048,,,,,unknown,unknown,nan,,nan,,1.0,0.0,0.0,nan,nan,0.0,0,,3142053368,F04_M01_05,MDCEB22F,measured,approach,0.5,,0,0,1.0197723584129048,0.021500645261663974,1.7697723584129048,1.4697723584129048,0.0,0.0,0.0,-0.12436436693650971,0.12436436693650971,1,0,0,0,ad4b715165e84dd399d377549dc111fb1309cda1260e23e9ee621d07fad63984,6ba3dffa4798388fb8057a608cfa40a0e24aeba9257d245b2d5103a1844d1115
4,4.315795172002254,1.1453313830024854,APPROACH,,KFB_TIMING,kfb_timing,0.0004433918011454152,-0.0003522782337628135,0.017051714838244157,1,-28.28571428571429,0,0.31369734140443506,-0.005635229676104121,0.42344361309856243,0.30786278845183923,-0.0011782866382700399,0.4404583083609377,0.3306562252113791,0.33839029941416665,-0.832032748204472,-0.41230530917461616,0.10358964751973261,0.16917426803800378,0.9571415924999467,200.0,13.0,1.2,0.5,0.3,3.0,IDLE,0.08,nan,0,0.05,20.0,0,unknown,unknown,nan,0,0.0,0,0.00505849399996805,1,0.00031996100005926564,1.642099960008636e-05,0.00030489500204566866,1.30099942907691e-06,6.057998689357191e-06,1.3899989426136017e-07,3.128000025753863e-05,1.3649987522512674e-06,0.0007621489967277739,0.004237851003272226,0.004294598002161365,0,0,0,200.0,0.0,0,0.0,1.0197723584129048,0.021500645261663974,1.7697723584129048,,,,,unknown,unknown,nan,,nan,,1.0,0.0,0.0,nan,nan,0.0,0,,3146902727,F04_M01_05,MDCEB22F,measured,approach,0.5,,0,0,1.0197723584129048,0.021500645261663974,1.7697723584129048,1.4697723584129048,0.0,0.0,0.0,-0.11601637410223603,0.11601637410223603,1,0,0,0,ad4b715165e84dd399d377549dc111fb1309cda1260e23e9ee621d07fad63984,6ba3dffa4798388fb8057a608cfa40a0e24aeba9257d245b2d5103a1844d1115
4,4.320902620002016,1.1504388310022478,APPROACH,,KFB_TIMING,kfb_timing,0.00045629766659330273,-0.00035815541873954334,0.01702486659454969,1,-28.28571428571429,0,0.3136586238080914,-0.005617598121173932,0.42336306836747906,0.30784342498282896,-0.0011764997577205765,0.4403916330453322,0.30349990174146246,0.34528098257961837,-0.7926354690007791,-0.41765466265982415,0.07406283670534065,0.1716921976650989,0.9162980595888595,200.0,13.0,1.2,0.5,0.3,3.0,IDLE,0.08,nan,0,0.05,20.0,0,unknown,unknown,nan,0,0.0,0,0.005107447999762371,1,0.0002418750009383075,1.0814997949637473e-05,0.00021586800357908942,8.850001904647797e-07,3.892000677296892e-06,1.219996192958206e-07,2.1329000446712598e-05,9.739997040014714e-07,0.0005432079997262917,0.004456792000273708,0.004560480003419798,0,0,0,200.0,0.0,0,0.0,1.0197723584129048,0.021500645261663974,1.7697723584129048,,,,,unknown,unknown,nan,,nan,,1.0,0.0,0.0,nan,nan,0.0,0,,3151913128,F04_M01_05,MDCEB22F,measured,approach,0.5,,0,0,1.0197723584129048,0.021500645261663974,1.7697723584129048,1.4697723584129048,0.0,0.0,0.0,-0.09631773450038955,0.09631773450038955,1,0,0,0,ad4b715165e84dd399d377549dc111fb1309cda1260e23e9ee621d07fad63984,6ba3dffa4798388fb8057a608cfa40a0e24aeba9257d245b2d5103a1844d1115
4,4.325989477001713,1.1555256880019442,APPROACH,,KFB_TIMING,kfb_timing,0.0004731033787188088,-0.00036403700367267344,0.016992172238039564,1,-28.28571428571429,0,0.31360820667171485,-0.005599953366374541,0.42326498529794865,0.307823434737972,-0.0011752778805711028,0.44032352998930424,0.3266593552823064,0.3472757520140252,-0.8028265225792113,-0.4196296962558708,0.0909252951999235,0.17324406351586022,0.9337222326189881,200.0,13.0,1.2,0.5,0.3,3.0,IDLE,0.08,nan,0,0.05,20.0,0,unknown,unknown,nan,0,0.0,0,0.005086856999696465,1,0.00016992999735521153,1.8948001525131986e-05,0.00016101999790407717,1.3220014807302505e-06,5.060002877144143e-06,1.410007826052606e-07,3.4808999771485105e-05,1.333999534836039e-06,0.00045970899736857973,0.00454029100263142,0.00462420099938754,0,0,0,200.0,0.0,0,0.0,1.0197723584129048,0.021500645261663974,1.7697723584129048,,,,,unknown,unknown,nan,,nan,,1.0,0.0,0.0,nan,nan,0.0,0,,3157155808,F04_M01_05,MDCEB22F,measured,approach,0.5,,0,0,1.0197723584129048,0.021500645261663974,1.7697723584129048,1.4697723584129048,0.0,0.0,0.0,-0.10141326128960565,0.10141326128960565,1,0,0,0,ad4b715165e84dd399d377549dc111fb1309cda1260e23e9ee621d07fad63984,6ba3dffa4798388fb8057a608cfa40a0e24aeba9257d245b2d5103a1844d1115
4,4.331157646000065,1.1606938570002967,APPROACH,,KFB_TIMING,kfb_timing,0.00047937097792991046,-0.0003757706590645016,0.016967649600431154,1,-28.28571428571429,0,0.3135894038740815,-0.005564752400199057,0.42319141738512345,0.30780406544903977,-0.0011764623170770977,0.44025514299795065,0.3737343350403278,0.34956663060597326,-0.8337285228947383,-0.4215966242919209,0.12888525432306125,0.17512463325684685,0.9782522334804512,200.0,13.0,1.2,0.5,0.3,3.0,IDLE,0.08,nan,0,0.05,20.0,0,unknown,unknown,nan,0,0.0,0,0.005168168998352485,1,0.00032034600008046255,1.5838999388506636e-05,0.0001824770006351173,1.0069998097606003e-06,3.999000909971073e-06,1.3300086720846593e-07,2.2505002561956644e-05,9.470022632740438e-07,0.0006030740005371626,0.0043969259994628375,0.004561241003102623,0,0,0,200.0,0.0,0,0.0,1.0197723584129048,0.021500645261663974,1.7697723584129048,,,,,unknown,unknown,nan,,nan,,1.0,0.0,0.0,nan,nan,0.0,0,,3162171667,F04_M01_05,MDCEB22F,measured,approach,0.5,,0,0,1.0197723584129048,0.021500645261663974,1.7697723584129048,1.4697723584129048,0.0,0.0,0.0,-0.11686426144736917,0.11686426144736917,1,0,0,0,ad4b715165e84dd399d377549dc111fb1309cda1260e23e9ee621d07fad63984,6ba3dffa4798388fb8057a608cfa40a0e24aeba9257d245b2d5103a1844d1115
4,4.336272598000505,1.1658088090007368,APPROACH,,KFB_TIMING,kfb_timing,0.0004883576004225121,-0.0003816438898563345,0.01694662421965279,1,-28.28571428571429,0,0.3135624440066037,-0.005547132707823558,0.42312834124278836,0.3077865051199507,-0.0011742837829217898,0.44018832775960914,0.41057565740190227,0.35032926632307343,-0.8511285775296075,-0.42273687831707313,0.15629413753334365,0.17610482449543374,1.0078307500672126,200.0,13.0,1.2,0.5,0.3,3.0,IDLE,0.08,nan,0,0.05,20.0,0,unknown,unknown,nan,0,0.0,0,0.005114952000440098,1,0.00017943100101547316,2.044500070041977e-05,0.00014138400001684204,2.329001290490851e-06,5.369001883082092e-06,1.400003384333104e-07,4.221199924359098e-05,4.442998033482581e-06,0.00047329200242529623,0.004526707997574704,0.0046393569973588455,0,0,0,200.0,0.0,0,0.0,1.0197723584129048,0.021500645261663974,1.7697723584129048,,,,,unknown,unknown,nan,,nan,,1.0,0.0,0.0,nan,nan,0.0,0,,3167408547,F04_M01_05,MDCEB22F,measured,approach,0.5,,0,0,1.0197723584129048,0.021500645261663974,1.7697723584129048,1.4697723584129048,0.0,0.0,0.0,-0.12556428876480374,0.12556428876480374,1,0,0,0,ad4b715165e84dd399d377549dc111fb1309cda1260e23e9ee621d07fad63984,6ba3dffa4798388fb8057a608cfa40a0e24aeba9257d245b2d5103a1844d1115
4,4.341399763001391,1.1709359740016225,APPROACH,,KFB_TIMING,kfb_timing,0.0004946157678787366,-0.0003933768475442345,0.016922095054992904,1,-28.28571428571429,0,0.31354366950423507,-0.005511933834759858,0.4230547537488087,0.30776642333224663,-0.0011726109414859198,0.4401195071293949,0.41438632611934245,0.35284603302793627,-0.8656716281049157,-0.4248455520189262,0.1613071095818227,0.17692632489963675,1.0225476605049044,200.0,13.0,1.2,0.5,0.3,3.0,IDLE,0.08,nan,0,0.05,20.0,0,unknown,unknown,nan,0,0.0,0,0.005127165000885725,1,0.0003009810025105253,1.4530996850226074e-05,0.0001744799992593471,9.889990906231105e-07,3.82300277124159e-06,1.1899828677996993e-07,3.0778999644098803e-05,9.059986041393131e-07,0.0005810920010844711,0.004418907998915529,0.0045378510003502015,0,0,0,200.0,0.0,0,0.0,1.0197723584129048,0.021500645261663974,1.7697723584129048,,,,,unknown,unknown,nan,,nan,,1.0,0.0,0.0,nan,nan,0.0,0,,3172794066,F04_M01_05,MDCEB22F,measured,approach,0.5,,0,0,1.0197723584129048,0.021500645261663974,1.7697723584129048,1.4697723584129048,0.0027753020919996096,0.0,0.0,-0.13283581405245787,0.13283581405245787,1,0,0,0,ad4b715165e84dd399d377549dc111fb1309cda1260e23e9ee621d07fad63984,6ba3dffa4798388fb8057a608cfa40a0e24aeba9257d245b2d5103a1844d1115
4,4.346515670000372,1.1760518810006033,APPROACH,,KFB_TIMING,kfb_timing,0.0005035601666658618,-0.00041099263598682494,0.016901070830514158,1,-28.28571428571429,0,0.3135168363078737,-0.005459086469432086,0.42299168107537244,0.30774616551973644,-0.001173485316624698,0.44004918408866517,0.4180918009377338,0.3553758597630142,-0.8889782734161609,-0.4268274704035867,0.16880322639147197,0.17732380921576285,1.0446890093801302,200.0,13.0,1.2,0.5,0.3,3.0,IDLE,0.08,nan,0,0.05,20.0,0,unknown,unknown,nan,0,0.0,0,0.00511590699898079,1,0.00022381899907486513,3.105399810010567e-05,0.00043814499804284424,2.60199885815382e-06,6.683996616629884e-06,1.3899989426136017e-07,4.048899791087024e-05,1.7079983081202954e-06,0.0008492079978168476,0.0041507920021831525,0.0042641919972084,0,0,0,200.0,0.0,0,0.0,1.0197723584129048,0.021500645261663974,1.7697723584129048,,,,,unknown,unknown,nan,,nan,,1.0,0.0,0.0,nan,nan,0.0,0,,3177728088,F04_M01_05,MDCEB22F,measured,approach,0.5,,0,0,1.0197723584129048,0.021500645261663974,1.7697723584129048,1.4697723584129048,0.024916650967225396,0.0,0.0,-0.14448913670808045,0.14448913670808045,1,0,0,0,ad4b715165e84dd399d377549dc111fb1309cda1260e23e9ee621d07fad63984,6ba3dffa4798388fb8057a608cfa40a0e24aeba9257d245b2d5103a1844d1115
4,4.351631117002398,1.1811673280026298,APPROACH,,KFB_TIMING,kfb_timing,0.0005070798144303501,-0.00042858291784692373,0.016873036039511048,1,-28.28571428571429,0,0.31350627736458025,-0.00540631562385179,0.4229075767023631,0.3077244994901823,-0.0011720891587376474,0.4399765673148194,0.42513571212104395,0.3568698640059015,-0.9179999759115399,-0.4279619413610735,0.18059682099838786,0.17729015648113283,1.0727629884228136,200.0,13.0,1.2,0.5,0.3,3.0,IDLE,0.08,nan,0,0.05,20.0,0,unknown,unknown,nan,0,0.0,0,0.005115447002026485,1,0.00030020399935892783,1.5028002962935716e-05,0.00021855199884157628,1.4220022421795875e-06,6.0639977164100856e-06,1.270018401555717e-07,3.432700032135472e-05,1.2929995136801153e-06,0.0006608789990423247,0.004339121000957675,0.004452971999853617,0,0,0,200.0,0.0,0,0.0,1.0197723584129048,0.021500645261663974,1.7697723584129048,,,,,unknown,unknown,nan,,nan,,1.0,0.0,0.0,nan,nan,0.0,0,,3182664711,F04_M01_05,MDCEB22F,measured,approach,0.5,,0,0,1.0197723584129048,0.021500645261663974,1.7697723584129048,1.4697723584129048,0.05299063000990878,0.0,0.0,-0.15899998795576997,0.15899998795576997,1,0,0,0,ad4b715165e84dd399d377549dc111fb1309cda1260e23e9ee621d07fad63984,6ba3dffa4798388fb8057a608cfa40a0e24aeba9257d245b2d5103a1844d1115
4,4.356736372999876,1.1862725840001076,APPROACH,,KFB_TIMING,kfb_timing,0.0005105914103573916,-0.00044617124409202164,0.016844999010121958,1,-28.28571428571429,0,0.31349574257679913,-0.005353550645116496,0.42282346561419587,0.3076996799399238,-0.001169915365092986,0.4398893703469464,0.41558696741475337,0.35821313160983626,-0.9017114239807382,-0.42898280315958015,0.16905701917529317,0.1769247432945287,1.055515356250248,200.0,13.0,1.2,0.5,0.3,3.0,IDLE,0.08,nan,0,0.05,20.0,0,unknown,unknown,nan,0,0.0,0,0.005105255997477798,1,0.0001957280001079198,1.2225002137711272e-05,0.00017637099881540053,9.34000127017498e-07,3.830999048659578e-06,1.129992597270757e-07,2.0338000467745587e-05,8.739989425521344e-07,0.0004682439976022579,0.004531756002397742,0.004632940999726998,0,0,0,200.0,0.0,0,0.0,1.0197723584129048,0.021500645261663974,1.7697723584129048,,,,,unknown,unknown,nan,,nan,,1.0,0.0,0.0,nan,nan,0.0,0,,3187923642,F04_M01_05,MDCEB22F,measured,approach,0.5,,0,0,1.0197723584129048,0.021500645261663974,1.7697723584129048,1.4697723584129048,0.03574299783734314,0.0,0.0,-0.15085571199036912,0.15085571199036912,1,0,0,0,ad4b715165e84dd399d377549dc111fb1309cda1260e23e9ee621d07fad63984,6ba3dffa4798388fb8057a608cfa40a0e24aeba9257d245b2d5103a1844d1115
4,4.361856742001692,1.1913929530019232,APPROACH,,KFB_TIMING,kfb_timing,0.0005167862399862166,-0.00046964199638971826,0.016820467505851797,1,-28.28571428571429,0,0.31347715808791266,-0.005283138388223406,0.4227498711013854,0.30767665450060055,-0.0011677499399824365,0.4398186772238494,0.40134240847453684,0.3585057596277173,-0.8785032976890207,-0.4292257457257965,0.1525998807777748,0.17638881028681788,1.0302282041260922,200.0,13.0,1.2,0.5,0.3,3.0,IDLE,0.08,nan,0,0.05,20.0,0,unknown,unknown,nan,0,0.0,0,0.005120369001815561,1,0.0003179140003339853,1.858899850049056e-05,0.00017886500063468702,9.879986464511603e-07,4.740999429486692e-06,1.219996192958206e-07,2.4618999304948375e-05,1.0370022209826857e-06,0.000626086002739612,0.004373913997260388,0.004490332998102531,0,0,0,200.0,0.0,0,0.0,1.0197723584129048,0.021500645261663974,1.7697723584129048,,,,,unknown,unknown,nan,,nan,,1.0,0.0,0.0,nan,nan,0.0,0,,3193332571,F04_M01_05,MDCEB22F,measured,approach,0.5,,0,0,1.0197723584129048,0.021500645261663974,1.7697723584129048,1.4697723584129048,0.010455845713187362,0.0,0.0,-0.13925164884451036,0.13925164884451036,1,0,0,0,ad4b715165e84dd399d377549dc111fb1309cda1260e23e9ee621d07fad63984,6ba3dffa4798388fb8057a608cfa40a0e24aeba9257d245b2d5103a1844d1115
4,4.366915429000073,1.196451640000305,APPROACH,,KFB_TIMING,kfb_timing,0.0005229727260406825,-0.0004931115414954908,0.016795933639888717,1,-28.28571428571429,0,0.31345859862974923,-0.005212729752906089,0.4226762695034962,0.30765407166862374,-0.0011680671161605769,0.4397470381641486,0.3705733049494978,0.3598088067101638,-0.8604918716142473,-0.43015446472216134,0.12665586316915461,0.1763262364930568,1.0036100900457188,200.0,13.0,1.2,0.5,0.3,3.0,IDLE,0.08,nan,0,0.05,20.0,0,unknown,unknown,nan,0,0.0,0,0.005058686998381745,1,0.00027881699861609377,2.0766998204635456e-05,0.0004927459995087702,1.61500065587461e-06,5.775000317953527e-06,1.2899909052066505e-07,3.220200233045034e-05,1.3490025594364852e-06,0.0009222669978043996,0.0040777330021956005,0.004134810998948524,0,0,0,200.0,0.0,0,0.0,1.0197723584129048,0.021500645261663974,1.7697723584129048,,,,,unknown,unknown,nan,,nan,,1.0,0.0,0.0,nan,nan,0.0,0,,3197900638,F04_M01_05,MDCEB22F,measured,approach,0.5,,0,0,1.0197723584129048,0.021500645261663974,1.7697723584129048,1.4697723584129048,0.0,0.0,0.0,-0.13024593580712368,0.13024593580712368,1,0,0,0,ad4b715165e84dd399d377549dc111fb1309cda1260e23e9ee621d07fad63984,6ba3dffa4798388fb8057a608cfa40a0e24aeba9257d245b2d5103a1844d1115
4,4.37198075500055,1.2015169660007814,APPROACH,,KFB_TIMING,kfb_timing,0.0005357372619982648,-0.0005224717396496509,0.016769054072135314,1,-28.28571428571429,0,0.31342030502187646,-0.005124649158443609,0.422595630800236,0.3076306521441328,-0.0011659998894668656,0.4396747270135029,0.3654574209976118,0.3589114637359275,-0.8700213676634585,-0.4294278443398517,0.1250441809312224,0.17620421322640764,1.0096106900950912,200.0,13.0,1.2,0.5,0.3,3.0,IDLE,0.08,nan,0,0.05,20.0,0,unknown,unknown,nan,0,0.0,0,0.005065326000476489,1,0.0001475710014346987,1.2537999282358214e-05,0.00018701299995882437,1.0449984984006733e-06,3.711997123900801e-06,1.1699739843606949e-07,1.9439998141024262e-05,3.187000402249396e-06,0.00042133000169997104,0.004578669998300029,0.004639565999241313,0,0,0,200.0,0.0,0,0.0,1.0197723584129048,0.021500645261663974,1.7697723584129048,,,,,unknown,unknown,nan,,nan,,1.0,0.0,0.0,nan,nan,0.0,0,,3203530297,F04_M01_05,MDCEB22F,measured,approach,0.5,,0,0,1.0197723584129048,0.021500645261663974,1.7697723584129048,1.4697723584129048,0.0,0.0,0.0,-0.13501068383172926,0.13501068383172926,1,0,0,0,ad4b715165e84dd399d377549dc111fb1309cda1260e23e9ee621d07fad63984,6ba3dffa4798388fb8057a608cfa40a0e24aeba9257d245b2d5103a1844d1115
4,4.377088224002364,1.2066244350025954,APPROACH,,KFB_TIMING,kfb_timing,0.0005430634300636894,-0.0005517998105883863,0.016735164443195047,1,-28.28571428571429,0,0.3133983265176802,-0.005036664945627403,0.4224939619134152,0.3076089741551315,-0.0011643077889973681,0.4396006948007316,0.38279592449314015,0.3423384804975137,-0.8947854734754088,-0.41918029370294885,0.142090851865951,0.17110365457516416,1.0316827994013062,200.0,13.0,1.2,0.5,0.3,3.0,IDLE,0.08,nan,0,0.05,20.0,0,unknown,unknown,nan,0,0.0,0,0.0051074690018140245,1,0.00036353900213725865,3.334099892526865e-05,0.00043792399810627103,2.6380002964287996e-06,7.0400019467342645e-06,1.4599936548620462e-07,3.881100201397203e-05,1.5360019460786134e-06,0.001002703000267502,0.003997296999732498,0.00410266499966383,0,0,0,200.0,0.0,0,0.0,1.0197723584129048,0.021500645261663974,1.7697723584129048,,,,,unknown,unknown,nan,,nan,,1.0,0.0,0.0,nan,nan,0.0,0,,3208157440,F04_M01_05,MDCEB22F,measured,approach,0.5,,0,0,1.0197723584129048,0.021500645261663974,1.7697723584129048,1.4697723584129048,0.011910440988401438,0.0,0.0,-0.14739273673770442,0.14739273673770442,1,0,0,0,ad4b715165e84dd399d377549dc111fb1309cda1260e23e9ee621d07fad63984,6ba3dffa4798388fb8057a608cfa40a0e24aeba9257d245b2d5103a1844d1115
4,4.382238489000883,1.211774700001115,APPROACH,,KFB_TIMING,kfb_timing,0.0005558040882834014,-0.0005811600659715525,0.016708274881604215,1,-28.28571428571429,0,0.31336010454302105,-0.0049485841794779046,0.42241329322864274,0.30758484553053156,-0.0011611326604618272,0.43952293301593764,0.38916489722112946,0.3249788185417476,-0.9577185194225206,-0.4082763355178025,0.16301944415918354,0.16550341373453573,1.0836444583786637,200.0,13.0,1.2,0.5,0.3,3.0,IDLE,0.08,nan,0,0.05,20.0,0,unknown,unknown,nan,0,0.0,0,0.00515026499851956,1,0.0002399320001131855,1.7450001905672252e-05,0.0001685859970166348,8.960014383774251e-07,3.716999344760552e-06,1.129992597270757e-07,2.2358999558491632e-05,8.53000528877601e-07,0.0005058110000391025,0.004494188999960898,0.004640213999664411,0,0,0,200.0,0.0,0,0.0,1.0197723584129048,0.021500645261663974,1.7697723584129048,,,,,unknown,unknown,nan,,nan,,1.0,0.0,0.0,nan,nan,0.0,0,,3213494011,F04_M01_05,MDCEB22F,measured,approach,0.5,,0,0,1.0197723584129048,0.021500645261663974,1.7697723584129048,1.4697723584129048,0.06387209996575893,0.0,0.0,-0.17885925971126032,0.17885925971126032,1,0,0,0,ad4b715165e84dd399d377549dc111fb1309cda1260e23e9ee621d07fad63984,6ba3dffa4798388fb8057a608cfa40a0e24aeba9257d245b2d5103a1844d1115
4,4.387324798000918,1.2168610090011498,APPROACH,,KFB_TIMING,kfb_timing,0.0005724260210675791,-0.0006105282508566224,0.016675523402056205,1,-28.28571428571429,0,0.3133102387446685,-0.0048604796248226945,0.4223150387899987,0.3075595583952453,-0.001160982064573316,0.43944770168156844,0.36559424417113257,0.32571169645612336,-1.036962133388698,-0.4081812963657138,0.16925698001434392,0.165278189260812,1.1467509436060768,200.0,13.0,1.2,0.5,0.3,3.0,IDLE,0.08,nan,0,0.05,20.0,0,unknown,unknown,nan,0,0.0,0,0.0050863090000348166,1,0.0003585840022424236,3.710899909492582e-05,0.00017801400099415332,1.558000803925097e-06,5.845999112352729e-06,1.3899989426136017e-07,3.243100218242034e-05,1.3849967217538506e-06,0.0007021650017122738,0.004297834998287726,0.004378076002467424,0,0,0,200.0,0.0,0,0.0,1.0197723584129048,0.021500645261663974,1.7697723584129048,,,,,unknown,unknown,nan,,nan,,1.0,0.0,0.0,nan,nan,0.0,0,,3218403494,F04_M01_05,MDCEB22F,measured,approach,0.5,,0,0,1.0197723584129048,0.021500645261663974,1.7697723584129048,1.4697723584129048,0.12697858519317196,0.0,0.0,-0.21848106669434902,0.21848106669434902,1,0,0,0,ad4b715165e84dd399d377549dc111fb1309cda1260e23e9ee621d07fad63984,6ba3dffa4798388fb8057a608cfa40a0e24aeba9257d245b2d5103a1844d1115
4,4.392493872001069,1.2220300830013002,APPROACH,,KFB_TIMING,kfb_timing,0.0005902363568810465,-0.0006340157384618124,0.016633395292774772,1,-28.28571428571429,0,0.3132568077372281,-0.0047900171620071244,0.4221886544621544,0.3075259453991928,-0.0011608865683538144,0.4393481606474526,0.3800248668236194,0.33670486566624364,-1.0936535688213107,-0.41417989596020277,0.1937603810672887,0.16850344655655564,1.2057641537892982,200.0,13.0,1.2,0.5,0.3,3.0,IDLE,0.08,nan,0,0.05,20.0,0,unknown,unknown,nan,0,0.0,0,0.005169074000150431,1,0.00023778800095897168,1.2766999134328216e-05,0.0001836459996411577,9.420000424142927e-07,3.6999990697950125e-06,1.1399970389902592e-07,2.0977000531274825e-05,9.350005711894482e-07,0.000514030998601811,0.004485969001398189,0.004650948001653887,0,0,0,200.0,0.0,0,0.0,1.0197723584129048,0.021500645261663974,1.7697723584129048,,,,,unknown,unknown,nan,,nan,,1.0,0.0,0.0,nan,nan,0.0,0,,3224018273,F04_M01_05,MDCEB22F,measured,approach,0.5,,0,0,1.0197723584129048,0.021500645261663974,1.7697723584129048,1.4697723584129048,0.18599179537639343,0.0,0.0,-0.24682678441065536,0.24682678441065536,1,0,0,0,ad4b715165e84dd399d377549dc111fb1309cda1260e23e9ee621d07fad63984,6ba3dffa4798388fb8057a608cfa40a0e24aeba9257d245b2d5103a1844d1115
4,4.3976154340016365,1.227151645001868,APPROACH,,KFB_TIMING,kfb_timing,0.0006080865176080197,-0.000645762558073546,0.016591240147663083,1,-28.28571428571429,0,0.31320325725504716,-0.004754776703171924,0.42206218902681936,0.3075026267889157,-0.0011593337361730039,0.4392790649293514,0.4039633166297709,0.34109482106414385,-1.1202328430385107,-0.4161500783849529,0.21604634055712757,0.1697178128150901,1.2387306651413168,200.0,13.0,1.2,0.5,0.3,3.0,IDLE,0.08,nan,0,0.05,20.0,0,unknown,unknown,nan,0,0.0,0,0.005121562000567792,1,0.0004062829975737259,1.980700108106248e-05,0.00040874000114854425,1.4520010154228657e-06,2.1251998987281695e-05,2.0199877326376736e-07,3.1160998332779855e-05,1.3380013115238398e-06,0.0009694949985714629,0.004030505001428537,0.004132342000957578,0,0,0,200.0,0.0,0,0.0,1.0197723584129048,0.021500645261663974,1.7697723584129048,,,,,unknown,unknown,nan,,nan,,1.0,0.0,0.0,nan,nan,0.0,0,,3228666859,F04_M01_05,MDCEB22F,measured,approach,0.5,,0,0,1.0197723584129048,0.021500645261663974,1.7697723584129048,1.4697723584129048,0.218958306728412,0.0,0.0,-0.26011642151925535,0.26011642151925535,1,0,0,0,ad4b715165e84dd399d377549dc111fb1309cda1260e23e9ee621d07fad63984,6ba3dffa4798388fb8057a608cfa40a0e24aeba9257d245b2d5103a1844d1115
4,4.40272064400051,1.2322568550007418,APPROACH,,KFB_TIMING,kfb_timing,0.0006231761387505419,-0.0006633602609832102,0.016545576040346836,1,-28.28571428571429,0,0.3131581290260665,-0.004702147604075257,0.42192562229186287,0.3074671169324233,-0.0011580749389792618,0.4391735264371889,0.3742689197180835,0.3459186424770934,-1.070613617526398,-0.4186405782995778,0.18151352739917714,0.17045020230914593,1.1857278142613916,200.0,13.0,1.2,0.5,0.3,3.0,IDLE,0.08,nan,0,0.05,20.0,0,unknown,unknown,nan,0,0.0,0,0.005105209998873761,1,0.00021807799930684268,2.2056003217585385e-05,0.00017156600006273948,9.879986464511603e-07,3.7709978641942143e-06,1.0499934433028102e-07,2.0236002455931157e-05,8.380011422559619e-07,0.0004858779975620564,0.004514122002437944,0.0046153009971021675,0,0,0,200.0,0.0,0,0.0,1.0197723584129048,0.021500645261663974,1.7697723584129048,,,,,unknown,unknown,nan,,nan,,1.0,0.0,0.0,nan,nan,0.0,0,,3234182891,F04_M01_05,MDCEB22F,measured,approach,0.5,,0,0,1.0197723584129048,0.021500645261663974,1.7697723584129048,1.4697723584129048,0.1659554558484868,0.0,0.0,-0.23530680876319904,0.23530680876319904,1,0,1,0,ad4b715165e84dd399d377549dc111fb1309cda1260e23e9ee621d07fad63984,6ba3dffa4798388fb8057a608cfa40a0e24aeba9257d245b2d5103a1844d1115
4,4.407792713001982,1.2373289240022132,APPROACH,,KFB_TIMING,kfb_timing,0.0006421342260474749,-0.0006809649813283935,0.016494031041196417,1,-28.28571428571429,0,0.3131081111439833,-0.004655700364301447,0.4217896290532463,0.30743649727574335,-0.0011556749717341608,0.43908470977613057,0.3201061678390328,0.34866087018851977,-0.9944025292514753,-0.41986016318670394,0.12338819170748025,0.17060922193539513,1.101303205875175,200.0,13.0,1.2,0.5,0.3,3.0,IDLE,0.08,nan,0,0.05,20.0,0,unknown,unknown,nan,0,0.0,0,0.005072069001471391,1,0.0004611629992723465,1.911100116558373e-05,0.00030663100187666714,2.6079978852067143e-06,5.488000169862062e-06,1.3400131138041615e-07,4.63719989056699e-05,3.4670010791160166e-06,0.0009244790016964544,0.004075520998303546,0.004139578999456717,0,0,0,200.0,0.0,0,0.0,1.0197723584129048,0.021500645261663974,1.7697723584129048,,,,,unknown,unknown,nan,,nan,,1.0,0.0,0.0,nan,nan,0.0,0,,3239284172,F04_M01_05,MDCEB22F,measured,approach,0.5,,0,0,1.0197723584129048,0.021500645261663974,1.7697723584129048,1.4697723584129048,0.08153084746227024,0.0,0.0,-0.19720126462573767,0.19720126462573767,1,0,1,0,ad4b715165e84dd399d377549dc111fb1309cda1260e23e9ee621d07fad63984,6ba3dffa4798388fb8057a608cfa40a0e24aeba9257d245b2d5103a1844d1115
4,4.412906421999651,1.2424426329998823,APPROACH,,KFB_TIMING,kfb_timing,0.0006572477404886423,-0.0006868208829239621,0.016448323166159635,1,-28.28571428571429,0,0.3130627706006598,-0.004638132659514741,0.4216525054281359,0.30740704074432484,-0.001153917256321105,0.4389958709112769,0.2922501540306731,0.34911581102635897,-0.9702675129455118,-0.4192528902411854,0.0970997407475394,0.17090121214209633,1.071779384349696,200.0,13.0,1.2,0.5,0.3,3.0,IDLE,0.08,nan,0,0.05,20.0,0,unknown,unknown,nan,0,0.0,0,0.005113708997669164,1,0.00031759899866301566,2.9081998945912346e-05,0.0004517439992923755,2.015000063693151e-06,5.612000677501783e-06,1.449989213142544e-07,3.519600068102591e-05,1.8840000848285854e-06,0.0009414759988430887,0.004058524001156911,0.0041675710017443635,0,0,0,200.0,0.0,0,0.0,1.0197723584129048,0.021500645261663974,1.7697723584129048,,,,,unknown,unknown,nan,,nan,,1.0,0.0,0.0,nan,nan,0.0,0,,3243937910,F04_M01_05,MDCEB22F,measured,approach,0.5,,0,0,1.0197723584129048,0.021500645261663974,1.7697723584129048,1.4697723584129048,0.052007025936791296,0.0,0.0,-0.18513375647275593,0.18513375647275593,1,0,0,0,ad4b715165e84dd399d377549dc111fb1309cda1260e23e9ee621d07fad63984,6ba3dffa4798388fb8057a608cfa40a0e24aeba9257d245b2d5103a1844d1115
4,4.417988845001673,1.2475250560019049,APPROACH,,KFB_TIMING,kfb_timing,0.0006801092289890343,-0.0006926923417728014,0.01639085515312456,1,-28.28571428571429,0,0.3130066632041357,-0.004623722737352374,0.4215114655918736,0.30737708383649476,-0.0011530450528183201,0.43890842898943366,0.29092529097506564,0.34729053638120955,-0.9708931807648649,-0.41703963304308445,0.09454238612404907,0.17109371178167423,1.0713924631266505,200.0,13.0,1.2,0.5,0.3,3.0,IDLE,0.08,nan,0,0.05,20.0,0,unknown,unknown,nan,0,0.0,0,0.005082423002022551,1,0.00019477699970593676,2.084199877572246e-05,0.0001354200030618813,2.763001248240471e-06,5.727000825572759e-06,1.5600016922689974e-07,3.8467998820124194e-05,1.757998688844964e-06,0.0004840000001422595,0.004515999999857741,0.004596165999828372,0,0,0,200.0,0.0,0,0.0,1.0197723584129048,0.021500645261663974,1.7697723584129048,,,,,unknown,unknown,nan,,nan,,1.0,0.0,0.0,nan,nan,0.0,0,,3249159654,F04_M01_05,MDCEB22F,measured,approach,0.5,,0,0,1.0197723584129048,0.021500645261663974,1.7697723584129048,1.4697723584129048,0.051620104713745674,0.0,0.0,-0.18544659038243244,0.18544659038243244,1,0,1,0,ad4b715165e84dd399d377549dc111fb1309cda1260e23e9ee621d07fad63984,6ba3dffa4798388fb8057a608cfa40a0e24aeba9257d245b2d5103a1844d1115
4,4.4231025400004,1.2526387510006316,APPROACH,,KFB_TIMING,kfb_timing,0.0007057025234402936,-0.0006927142348855051,0.01633685388174249,1,-28.28571428571429,0,0.3129409613011068,-0.004623666534382076,0.4213728360652005,0.3073452931888221,-0.0011506741669384266,0.4388183108681085,0.2992983440869372,0.3454352051061079,-0.9848638879874326,-0.41486625028742646,0.10144061041709257,0.17131748756516457,1.0857540502165322,200.0,13.0,1.2,0.5,0.3,3.0,IDLE,0.08,nan,0,0.05,20.0,0,unknown,unknown,nan,0,0.0,0,0.005113694998726714,1,0.00032383500001742505,1.5834000805625692e-05,0.00018678199921851046,8.610004442743957e-07,3.935001586796716e-06,1.129992597270757e-07,2.1826999727636576e-05,9.38998709898442e-07,0.000606842997513013,0.004393157002486987,0.0045028099993942305,0,0,0,200.0,0.0,0,0.0,1.0197723584129048,0.021500645261663974,1.7697723584129048,,,,,unknown,unknown,nan,,nan,,1.0,0.0,0.0,nan,nan,0.0,0,,3254154257,F04_M01_05,MDCEB22F,measured,approach,0.5,,0,0,1.0197723584129048,0.021500645261663974,1.7697723584129048,1.4697723584129048,0.06598169180362734,0.0,0.0,-0.19243194399371633,0.19243194399371633,1,0,1,0,ad4b715165e84dd399d377549dc111fb1309cda1260e23e9ee621d07fad63984,6ba3dffa4798388fb8057a608cfa40a0e24aeba9257d245b2d5103a1844d1115
4,4.428186335000646,1.2577225460008776,APPROACH,,KFB_TIMING,kfb_timing,0.0007351531144544066,-0.0006927439429890773,0.016276945523538918,1,-28.28571428571429,0,0.31287367701122054,-0.004623598661766149,0.4212359664404772,0.30731347931550085,-0.0011485927020969122,0.43872011950441164,0.32305969947573954,0.3435612286263686,-1.0293083423491698,-0.4126534346419297,0.12697270186306397,0.17137135437516082,1.1322003139331003,200.0,13.0,1.2,0.5,0.3,3.0,IDLE,0.08,nan,0,0.05,20.0,0,unknown,unknown,nan,0,0.0,0,0.0050837950002460275,1,0.0002446200014674105,2.016900180024095e-05,0.0001230569978361018,1.3310018402989954e-06,5.0480011850595474e-06,1.5499972505494952e-07,2.7594000130193308e-05,1.272001100005582e-06,0.0004937369994877372,0.004506263000512263,0.004588180003338493,0,0,0,200.0,0.0,0,0.0,1.0197723584129048,0.021500645261663974,1.7697723584129048,,,,,unknown,unknown,nan,,nan,,1.0,0.0,0.0,nan,nan,0.0,0,,3259408270,F04_M01_05,MDCEB22F,measured,approach,0.5,,0,0,1.0197723584129048,0.021500645261663974,1.7697723584129048,1.4697723584129048,0.11242795552019547,0.0,0.0,-0.2146541711745849,0.2146541711745849,1,0,1,0,ad4b715165e84dd399d377549dc111fb1309cda1260e23e9ee621d07fad63984,6ba3dffa4798388fb8057a608cfa40a0e24aeba9257d245b2d5103a1844d1115
4,4.433327891001682,1.2628641020019131,APPROACH,,KFB_TIMING,kfb_timing,0.0007607049537613486,-0.0006927656553291075,0.01622288766681905,1,-28.28571428571429,0,0.3128077609984154,-0.004623542650499552,0.4210965135293595,0.3072870466758246,-0.0011490382961393377,0.4386275812385347,0.32467300678019156,0.34392609752907677,-1.0325999064431652,-0.4120901900834287,0.12523204482943065,0.17143063933478775,1.1357641870915387,200.0,13.0,1.2,0.5,0.3,3.0,IDLE,0.08,nan,0,0.05,20.0,0,unknown,unknown,nan,0,0.0,0,0.005141556001035497,1,0.00044738399810739793,1.4733999705640599e-05,0.00011785400056396611,9.039977157954127e-07,3.7849968066439033e-06,1.359985617455095e-07,2.0349998521851376e-05,9.079994924832135e-07,0.000656446998618776,0.004343553001381224,0.004481460000533843,0,0,0,200.0,0.0,0,0.0,1.0197723584129048,0.021500645261663974,1.7697723584129048,,,,,unknown,unknown,nan,,nan,,1.0,0.0,0.0,nan,nan,0.0,0,,3264794050,F04_M01_05,MDCEB22F,measured,approach,0.5,,0,0,1.0197723584129048,0.021500645261663974,1.7697723584129048,1.4697723584129048,0.11599182867863389,0.0,0.0,-0.21629995322158263,0.21629995322158263,1,0,1,0,ad4b715165e84dd399d377549dc111fb1309cda1260e23e9ee621d07fad63984,6ba3dffa4798388fb8057a608cfa40a0e24aeba9257d245b2d5103a1844d1115
4,4.438390436000191,1.2679266470004222,APPROACH,,KFB_TIMING,kfb_timing,0.0007901096405906194,-0.0006927951586583918,0.016162915516364933,1,-28.28571428571429,0,0.31274089948175093,-0.00462347556468585,0.4209601465290825,0.3072713605176257,-0.001147277122956908,0.43853108326759466,0.32643596695115523,0.3457998562124428,-1.005701834876588,-0.41249256591455985,0.11358039232895081,0.17149007529637428,1.112463105792735,200.0,13.0,1.2,0.5,0.3,3.0,IDLE,0.08,nan,0,0.05,20.0,0,unknown,unknown,nan,0,0.0,0,0.005062544998509111,1,0.0003204569984518457,1.93190026038792e-05,0.00044589300159714185,1.4370016288012266e-06,5.740002961829305e-06,1.4599936548620462e-07,3.260100129409693e-05,1.3799981388729066e-06,0.0009130840007856023,0.004086915999214398,0.00414664699928835,0,0,0,200.0,0.0,0,0.0,1.0197723584129048,0.021500645261663974,1.7697723584129048,,,,,unknown,unknown,nan,,nan,,1.0,0.0,0.0,nan,nan,0.0,0,,3269427717,F04_M01_05,MDCEB22F,measured,approach,0.5,,0,0,1.0197723584129048,0.021500645261663974,1.7697723584129048,1.4697723584129048,0.09269074737983019,0.0,0.0,-0.20285091743829403,0.20285091743829403,1,0,1,0,ad4b715165e84dd399d377549dc111fb1309cda1260e23e9ee621d07fad63984,6ba3dffa4798388fb8057a608cfa40a0e24aeba9257d245b2d5103a1844d1115
4,4.4435728560019925,1.273109067002224,APPROACH,,KFB_TIMING,kfb_timing,0.0008272300412779932,-0.0006928402752430022,0.016091125225775056,1,-28.28571428571429,0,0.3126694908012029,-0.004623388773710586,0.420822043226525,0.30723277668982446,-0.0011459610996955713,0.4384082558700869,0.2841591110477972,0.34559663672450613,-0.9345586298666034,-0.4117981494732622,0.060493251497705916,0.16990283864967878,1.0361386337575236,200.0,13.0,1.2,0.5,0.3,3.0,IDLE,0.08,nan,0,0.05,20.0,0,unknown,unknown,nan,0,0.0,0,0.005182420001801802,1,0.0002023009983531665,2.1454998204717413e-05,0.0001512340022600256,1.4809993444941938e-06,4.599998646881431e-06,1.1599695426411927e-07,4.772700049215928e-05,4.923997039441019e-06,0.0005029610001656692,0.004497038999834331,0.004673916999308858,0,0,0,200.0,0.0,0,0.0,1.0197723584129048,0.021500645261663974,1.7697723584129048,,,,,unknown,unknown,nan,,nan,,1.0,0.0,0.0,nan,nan,0.0,0,,3274988637,F04_M01_05,MDCEB22F,measured,approach,0.5,,0,0,1.0197723584129048,0.021500645261663974,1.7697723584129048,1.4697723584129048,0.016366275344618764,0.0,0.0,-0.16727931493330173,0.16727931493330173,1,0,1,0,ad4b715165e84dd399d377549dc111fb1309cda1260e23e9ee621d07fad63984,6ba3dffa4798388fb8057a608cfa40a0e24aeba9257d245b2d5103a1844d1115
4,4.448739642000874,1.2782758530011051,APPROACH,,KFB_TIMING,kfb_timing,0.0008631527417408136,-0.000698770048703445,0.016028686660529468,1,-28.28571428571429,0,0.3125924533754465,-0.004610672177329314,0.4206881416469536,0.3071914753534077,-0.0011423751820956876,0.43830850897506235,0.2649910556648634,0.3471289328257411,-0.886178357187387,-0.4124120312220493,0.03144919201483826,0.16905379176459756,0.9879427292786018,200.0,13.0,1.2,0.5,0.3,3.0,IDLE,0.08,nan,0,0.05,20.0,0,unknown,unknown,nan,0,0.0,0,0.005166785998881096,1,0.0003158530016662553,3.095899955951609e-05,0.0003864760001306422,2.7380010578781366e-06,5.780999345006421e-06,1.450025592930615e-07,4.152200199314393e-05,1.7549973563291132e-06,0.0008713049974176101,0.00412869500258239,0.004293796999263577,0,0,0,200.0,0.0,0,0.0,1.0197723584129048,0.021500645261663974,1.7697723584129048,,,,,unknown,unknown,nan,,nan,,1.0,0.0,0.0,nan,nan,0.0,0,,3279910768,F04_M01_05,MDCEB22F,measured,approach,0.5,,0,0,1.0197723584129048,0.021500645261663974,1.7697723584129048,1.4697723584129048,0.0,0.0,0.0,-0.14308917859369352,0.14308917859369352,1,0,1,0,ad4b715165e84dd399d377549dc111fb1309cda1260e23e9ee621d07fad63984,6ba3dffa4798388fb8057a608cfa40a0e24aeba9257d245b2d5103a1844d1115
4,4.4538533369996,1.2833895479998318,APPROACH,,KFB_TIMING,kfb_timing,0.0008991097750468691,-0.000692955761817125,0.015966191373012795,1,-28.28571428571429,0,0.31251619448329676,-0.004623003313572324,0.4205555995278629,0.30715160400414837,-0.0011415608968648582,0.43820425306857613,0.2813884822067359,0.34790356369662445,-0.9029242236924226,-0.41249433527745505,0.0462212043162757,0.16838800507185134,1.00771450385612,200.0,13.0,1.2,0.5,0.3,3.0,IDLE,0.08,nan,0,0.05,20.0,0,unknown,unknown,nan,0,0.0,0,0.005113694998726714,1,0.0003044440018129535,1.5386998711619526e-05,0.0002109849992848467,1.2210002751089633e-06,3.749999450519681e-06,1.1500014807097614e-07,1.983499896596186e-05,8.839997462928295e-07,0.0006051679993106518,0.004394832000689348,0.004504814998654183,0,0,0,200.0,0.0,0,0.0,1.0197723584129048,0.021500645261663974,1.7697723584129048,,,,,unknown,unknown,nan,,nan,,1.0,0.0,0.0,nan,nan,0.0,0,,3284932475,F04_M01_05,MDCEB22F,measured,approach,0.5,,0,0,1.0197723584129048,0.021500645261663974,1.7697723584129048,1.4697723584129048,0.0,0.0,0.0,-0.15146211184621133,0.15146211184621133,1,0,1,0,ad4b715165e84dd399d377549dc111fb1309cda1260e23e9ee621d07fad63984,6ba3dffa4798388fb8057a608cfa40a0e24aeba9257d245b2d5103a1844d1115
4,4.45891216200107,1.2884483730013017,APPROACH,,KFB_TIMING,kfb_timing,0.0009454734585957747,-0.0006930496225570269,0.01589534717445089,1,-28.28571428571429,0,0.31243308804195313,-0.004622835069130165,0.42042861200699194,0.3071134950826713,-0.0011383426714802903,0.4381060141472915,0.2945659699461025,0.3502957671935388,-0.9601993789566834,-0.41353280614962873,0.07224029031935168,0.16832117234143806,1.0637006545606704,200.0,13.0,1.2,0.5,0.3,3.0,IDLE,0.08,nan,0,0.05,20.0,0,unknown,unknown,nan,0,0.0,0,0.005058825001469813,1,0.00024887399922590703,1.9825998606393114e-05,0.00014423299944610335,3.430999640841037e-06,5.722999048884958e-06,1.2800228432752192e-07,4.350000017439015e-05,1.5020013961475343e-06,0.0005367560006561689,0.004463243999343831,0.004519845002505463,0,0,0,200.0,0.0,0,0.0,1.0197723584129048,0.021500645261663974,1.7697723584129048,,,,,unknown,unknown,nan,,nan,,1.0,0.0,0.0,nan,nan,0.0,0,,3289910857,F04_M01_05,MDCEB22F,measured,approach,0.5,,0,0,1.0197723584129048,0.021500645261663974,1.7697723584129048,1.4697723584129048,0.04392829614776561,0.0,0.0,-0.1800996894783417,0.1800996894783417,1,0,1,0,ad4b715165e84dd399d377549dc111fb1309cda1260e23e9ee621d07fad63984,6ba3dffa4798388fb8057a608cfa40a0e24aeba9257d245b2d5103a1844d1115
4,4.464077030999761,1.2936132419999922,APPROACH,,KFB_TIMING,kfb_timing,0.0009929548408127986,-0.0006872564374863328,0.01581502500427579,1,-28.28571428571429,0,0.31235439147032157,-0.004632436807382162,0.42029548447102644,0.30707538655277605,-0.0011379533219768156,0.43800686483438067,0.28956699950240716,0.3532968800295957,-1.0241159251403533,-0.4152870469881351,0.08913148511280956,0.16845247410099295,1.1213746745693678,200.0,13.0,1.2,0.5,0.3,3.0,IDLE,0.08,nan,0,0.05,20.0,0,unknown,unknown,nan,0,0.0,0,0.005164868998690508,1,0.0001772719988366589,1.4391000149771571e-05,0.00016255599985015579,1.3139979273546487e-06,4.1530001908540726e-06,1.2600139598362148e-07,2.1492000087164342e-05,9.62001649895683e-07,0.00043439499859232455,0.0045656050014076755,0.004720999000710435,0,0,0,200.0,0.0,0,0.0,1.0197723584129048,0.021500645261663974,1.7697723584129048,,,,,unknown,unknown,nan,,nan,,1.0,0.0,0.0,nan,nan,0.0,0,,3295784739,F04_M01_05,MDCEB22F,measured,approach,0.5,,0,0,1.0197723584129048,0.021500645261663974,1.7697723584129048,1.4697723584129048,0.10160231615646298,0.0,0.0,-0.21205796257017667,0.21205796257017667,1,0,1,0,ad4b715165e84dd399d377549dc111fb1309cda1260e23e9ee621d07fad63984,6ba3dffa4798388fb8057a608cfa40a0e24aeba9257d245b2d5103a1844d1115
4,4.469163174999267,1.2986993859994982,APPROACH,,KFB_TIMING,kfb_timing,0.0010403939282674357,-0.000681461643217512,0.015734631132794205,1,-28.28571428571429,0,0.3122769967781034,-0.004641890748066241,0.42016432556234184,0.3070361494077959,-0.0011372326591046738,0.4379046761558138,0.3040527310392084,0.35807934383857193,-1.0513777726157356,-0.4184492061216509,0.1080642967795844,0.1697052779424304,1.1515485662735587,200.0,13.0,1.2,0.5,0.3,3.0,IDLE,0.08,nan,0,0.05,20.0,0,unknown,unknown,nan,0,0.0,0,0.005086143999506021,1,0.0004203690004942473,5.4349999118130654e-05,0.0004378340017865412,1.4510005712509155e-06,5.838999641127884e-06,1.449989213142544e-07,3.3199001336470246e-05,1.3379976735450327e-06,0.0011551259995030705,0.0038448740004969296,0.003928942998754792,0,0,0,200.0,0.0,0,0.0,1.0197723584129048,0.021500645261663974,1.7697723584129048,,,,,unknown,unknown,nan,,nan,,1.0,0.0,0.0,nan,nan,0.0,0,,3300161039,F04_M01_05,MDCEB22F,measured,approach,0.5,,0,0,1.0197723584129048,0.021500645261663974,1.7697723584129048,1.4697723584129048,0.13177620786065392,0.0,0.0,-0.22568888630786782,0.22568888630786782,1,0,1,0,ad4b715165e84dd399d377549dc111fb1309cda1260e23e9ee621d07fad63984,6ba3dffa4798388fb8057a608cfa40a0e24aeba9257d245b2d5103a1844d1115
4,4.4742669360020955,1.303803147002327,APPROACH,,KFB_TIMING,kfb_timing,0.001087790599197197,-0.0006756652455100676,0.015654165580697543,1,-28.28571428571429,0,0.3121994368130591,-0.004651375979723933,0.42003265164336273,0.30699517945704635,-0.0011345124563790143,0.4378029205968804,0.3238797508851431,0.3570826060433259,-1.0372680846801654,-0.4181344611135507,0.11810831311772949,0.16953944479574137,1.143823045784694,200.0,13.0,1.2,0.5,0.3,3.0,IDLE,0.08,nan,0,0.05,20.0,0,unknown,unknown,nan,0,0.0,0,0.005103761002828833,1,0.00017578600090928376,1.3738997949985787e-05,0.00016740600040066056,9.140021575149149e-07,4.015000740764663e-06,1.2499731383286417e-07,2.20949987124186e-05,9.57999873207882e-07,0.00043431800077087246,0.004565681999229128,0.004661304999899585,0,0,0,200.0,0.0,0,0.0,1.0197723584129048,0.021500645261663974,1.7697723584129048,,,,,unknown,unknown,nan,,nan,,1.0,0.0,0.0,nan,nan,0.0,0,,3305701250,F04_M01_05,MDCEB22F,measured,approach,0.5,,0,0,1.0197723584129048,0.021500645261663974,1.7697723584129048,1.4697723584129048,0.12405068737178926,0.0,0.0,-0.2186340423400827,0.2186340423400827,1,0,1,0,ad4b715165e84dd399d377549dc111fb1309cda1260e23e9ee621d07fad63984,6ba3dffa4798388fb8057a608cfa40a0e24aeba9257d245b2d5103a1844d1115
4,4.479436794001231,1.3089730050014623,APPROACH,,KFB_TIMING,kfb_timing,0.0011285193932380755,-0.0006757155235969241,0.015576066659082946,1,-28.28571428571429,0,0.31212772037183234,-0.004651287448611094,0.4198951327981883,0.30695376835742094,-0.0011346455829067794,0.43770164344557766,0.3315322320671187,0.36000957333074374,-1.0476153070370708,-0.42022957392527593,0.12686817948185083,0.17083531080605913,1.156295094397432,200.0,13.0,1.2,0.5,0.3,3.0,IDLE,0.08,nan,0,0.05,20.0,0,unknown,unknown,nan,0,0.0,0,0.0051698579991352744,1,0.00043083899799967185,3.3942000300157815e-05,0.0002755459972831886,2.8649992600549012e-06,7.103997631929815e-06,1.5800105757080019e-07,4.3818999984068796e-05,4.559999069897458e-06,0.0008953979995567352,0.004104602000443265,0.004271269001037581,0,0,0,200.0,0.0,0,0.0,1.0197723584129048,0.021500645261663974,1.7697723584129048,,,,,unknown,unknown,nan,,nan,,1.0,0.0,0.0,nan,nan,0.0,0,,3310663934,F04_M01_05,MDCEB22F,measured,approach,0.5,,0,0,1.0197723584129048,0.021500645261663974,1.7697723584129048,1.4697723584129048,0.13652273598452713,0.0,0.0,-0.22380765351853543,0.22380765351853543,1,0,1,0,ad4b715165e84dd399d377549dc111fb1309cda1260e23e9ee621d07fad63984,6ba3dffa4798388fb8057a608cfa40a0e24aeba9257d245b2d5103a1844d1115
4,4.484630771999946,1.3141669830001774,APPROACH,,KFB_TIMING,kfb_timing,0.0011615705269851506,-0.0006639984768688707,0.015509758606692535,1,-28.28571428571429,0,0.31205906231993163,-0.004675627600102842,0.4197573892116204,0.3069055590307024,-0.0011309671097212573,0.43757574504131325,0.3214455029789179,0.36008929810938045,-1.0495350107938857,-0.4202850958852108,0.12123135968888121,0.17151988454157507,1.1552122111890946,200.0,13.0,1.2,0.5,0.3,3.0,IDLE,0.08,nan,0,0.05,20.0,0,unknown,unknown,nan,0,0.0,0,0.005193977998715127,1,0.000390868000977207,1.7403002857463434e-05,0.0001560059972689487,1.1260017345193774e-06,4.397999873617664e-06,1.1700103641487658e-07,2.563399903010577e-05,1.1310003174003214e-06,0.0006672429990430828,0.004332757000956917,0.004522195999015821,0,0,0,200.0,0.0,0,0.0,1.0197723584129048,0.021500645261663974,1.7697723584129048,,,,,unknown,unknown,nan,,nan,,1.0,0.0,0.0,nan,nan,0.0,0,,3316111838,F04_M01_05,MDCEB22F,measured,approach,0.5,,0,0,1.0197723584129048,0.021500645261663974,1.7697723584129048,1.4697723584129048,0.13543985277618975,0.0,0.0,-0.22476750539694285,0.22476750539694285,1,0,1,0,ad4b715165e84dd399d377549dc111fb1309cda1260e23e9ee621d07fad63984,6ba3dffa4798388fb8057a608cfa40a0e24aeba9257d245b2d5103a1844d1115
4,4.489751912999054,1.3192881239992857,APPROACH,,KFB_TIMING,kfb_timing,0.00119015673283146,-0.0006581048531881121,0.015426991071545871,1,-28.28571428571429,0,0.31200902059255736,-0.004685944712876206,0.4196125000839231,0.306864113888735,-0.001128107287415375,0.43747082277586413,0.2961141153515144,0.3618543913765006,-1.018469637992513,-0.4213154374187428,0.09589515111631283,0.17262717349163326,1.1206705909327095,200.0,13.0,1.2,0.5,0.3,3.0,IDLE,0.08,nan,0,0.05,20.0,0,unknown,unknown,nan,0,0.0,0,0.00512114099910832,1,0.00027580999812926166,2.119299824698828e-05,0.0004853160025959369,3.597000613808632e-06,6.643000233452767e-06,1.2999953469261527e-07,4.67610007035546e-05,1.944998075487092e-06,0.0009421210015716497,0.00405787899842835,0.004176966998784337,0,0,0,200.0,0.0,0,0.0,1.0197723584129048,0.021500645261663974,1.7697723584129048,,,,,unknown,unknown,nan,,nan,,1.0,0.0,0.0,nan,nan,0.0,0,,3320915891,F04_M01_05,MDCEB22F,measured,approach,0.5,,0,0,1.0197723584129048,0.021500645261663974,1.7697723584129048,1.4697723584129048,0.10089823251980468,0.0,0.0,-0.20923481899625657,0.20923481899625657,1,0,1,0,ad4b715165e84dd399d377549dc111fb1309cda1260e23e9ee621d07fad63984,6ba3dffa4798388fb8057a608cfa40a0e24aeba9257d245b2d5103a1844d1115
4,4.494905218001804,1.3244414290020359,APPROACH,,KFB_TIMING,kfb_timing,0.0012203587114629766,-0.0006522430641262582,0.015357107793447818,1,-28.28571428571429,0,0.3119478699470972,-0.004697813212919101,0.41947100579261504,0.3068220332027408,-0.0011257920606013976,0.437363174689748,0.2647377542783787,0.36554426469644696,-0.9861730918726836,-0.4233839063215863,0.06600875310462181,0.174195320936273,1.0845487795053543,200.0,13.0,1.2,0.5,0.3,3.0,IDLE,0.08,nan,0,0.05,20.0,0,unknown,unknown,nan,0,0.0,0,0.00515330500275013,1,0.0003389689991308842,1.9666997104650363e-05,0.00016147700080182403,9.610012057237327e-07,3.9429978642147034e-06,1.2400050763972104e-07,2.213400148320943e-05,9.200011845678091e-07,0.0006004040005791467,0.0043995959994208534,0.0045439830028044526,0,0,0,200.0,0.0,0,0.0,1.0197723584129048,0.021500645261663974,1.7697723584129048,,,,,unknown,unknown,nan,,nan,,1.0,0.0,0.0,nan,nan,0.0,0,,3326324756,F04_M01_05,MDCEB22F,measured,approach,0.5,,0,0,1.0197723584129048,0.021500645261663974,1.7697723584129048,1.4697723584129048,0.06477642109244952,0.0,0.0,-0.19308654593634184,0.19308654593634184,1,0,1,0,ad4b715165e84dd399d377549dc111fb1309cda1260e23e9ee621d07fad63984,6ba3dffa4798388fb8057a608cfa40a0e24aeba9257d245b2d5103a1844d1115
4,4.499967142000969,1.3295033530012006,APPROACH,,KFB_TIMING,kfb_timing,0.0012516386015583025,-0.0006404927522487747,0.01527773636642507,1,-28.28571428571429,0,0.3118927120470882,-0.004718533315375924,0.4193310449033039,0.30677785262153795,-0.001123677188517462,0.43725540609471514,0.24915306058863468,0.36699422585016833,-0.9528428522723797,-0.4238792936941368,0.045384165359973326,0.17501342513007082,1.0510335439626142,200.0,13.0,1.2,0.5,0.3,3.0,IDLE,0.08,nan,0,0.05,20.0,0,unknown,unknown,nan,0,0.0,0,0.005061923999164719,1,0.00025029300013557076,2.6132998755201697e-05,0.00045055499867885374,1.7410020518582314e-06,6.8829976953566074e-06,1.3799945008940995e-07,3.4077998861903325e-05,1.3980024959892035e-06,0.0008678220001456793,0.004132177999854321,0.0041915520014299545,0,0,0,200.0,0.0,0,0.0,1.0197723584129048,0.021500645261663974,1.7697723584129048,,,,,unknown,unknown,nan,,nan,,1.0,0.0,0.0,nan,nan,0.0,0,,3331424097,F04_M01_05,MDCEB22F,measured,approach,0.5,,0,0,1.0197723584129048,0.021500645261663974,1.7697723584129048,1.4697723584129048,0.03126118554970936,0.0,0.0,-0.17642142613618989,0.17642142613618989,1,0,1,0,ad4b715165e84dd399d377549dc111fb1309cda1260e23e9ee621d07fad63984,6ba3dffa4798388fb8057a608cfa40a0e24aeba9257d245b2d5103a1844d1115
4,4.505064348002634,1.3346005590028653,APPROACH,,KFB_TIMING,kfb_timing,0.001268583927196032,-0.0006345783046611652,0.01521267754586266,1,-28.28571428571429,0,0.3118543174688743,-0.004731934221640517,0.4191836351675463,0.3067351778115482,-0.0011192666286355662,0.43714749146690784,0.2472558328253581,0.36507019050114076,-0.9350281331622199,-0.4222798840521639,0.03764328310276721,0.17458141383185877,1.0337742987052476,200.0,13.0,1.2,0.5,0.3,3.0,IDLE,0.08,nan,0,0.05,20.0,0,unknown,unknown,nan,0,0.0,0,0.005097206001664745,1,0.0004326760026742704,1.6571000742260367e-05,0.0003598059993237257,9.379982657264918e-07,4.23600067733787e-06,1.180014805868268e-07,3.296499926364049e-05,9.030009096022695e-07,0.000904176999029005,0.004095823000970995,0.004189561997918645,0,0,0,200.0,0.0,0,0.0,1.0197723584129048,0.021500645261663974,1.7697723584129048,,,,,unknown,unknown,nan,,nan,,1.0,0.0,0.0,nan,nan,0.0,0,,3336497093,F04_M01_05,MDCEB22F,measured,approach,0.5,,0,0,1.0197723584129048,0.021500645261663974,1.7697723584129048,1.4697723584129048,0.014001940292342807,0.0,0.0,-0.16751406658110995,0.16751406658110995,1,0,1,0,ad4b715165e84dd399d377549dc111fb1309cda1260e23e9ee621d07fad63984,6ba3dffa4798388fb8057a608cfa40a0e24aeba9257d245b2d5103a1844d1115
4,4.510149524001463,1.3396857350016944,APPROACH,,KFB_TIMING,kfb_timing,0.0012882297845878687,-0.0006345587396187017,0.015151095383498327,1,-28.28571428571429,0,0.3118079517246403,-0.004731980396655264,0.4190382964972804,0.30669393762926916,-0.0011184888762795003,0.4370424044817586,0.23779245698338913,0.3676084774038675,-0.9263231452081345,-0.4236665892290632,0.027233149955238928,0.17514045340055923,1.024575919395765,200.0,13.0,1.2,0.5,0.3,3.0,IDLE,0.08,nan,0,0.05,20.0,0,unknown,unknown,nan,0,0.0,0,0.005085175998829072,1,0.00032018599813454784,2.0461000531213358e-05,0.000409628999477718,1.376996806357056e-06,6.0109996411483735e-06,1.3899989426136017e-07,3.167400063830428e-05,1.429998519597575e-06,0.0008789099993009586,0.0041210900006990415,0.00420371599830105,0,0,0,200.0,0.0,0,0.0,1.0197723584129048,0.021500645261663974,1.7697723584129048,,,,,unknown,unknown,nan,,nan,,1.0,0.0,0.0,nan,nan,0.0,0,,3341165027,F04_M01_05,MDCEB22F,measured,approach,0.5,,0,0,1.0197723584129048,0.021500645261663974,1.7697723584129048,1.4697723584129048,0.004803560982860278,0.0,0.0,-0.16316157260406727,0.16316157260406727,1,0,1,0,ad4b715165e84dd399d377549dc111fb1309cda1260e23e9ee621d07fad63984,6ba3dffa4798388fb8057a608cfa40a0e24aeba9257d245b2d5103a1844d1115
4,4.515317175999371,1.3448533869996027,APPROACH,,KFB_TIMING,kfb_timing,0.0013040181247608584,-0.0006345321019314564,0.01509544388308246,1,-28.28571428571429,0,0.31176563962894166,-0.0047320517845503545,0.4188891527883427,0.3066515135780831,-0.0011167433615116035,0.4369365018407948,0.23272940420961147,0.36906296215807066,-0.9142293937450477,-0.42463505944200697,0.01859756441841999,0.175220084012441,1.0130083069788163,200.0,13.0,1.2,0.5,0.3,3.0,IDLE,0.08,nan,0,0.05,20.0,0,unknown,unknown,nan,0,0.0,0,0.005167651997908251,1,0.00018678199921851046,1.37979986902792e-05,0.0001716009974188637,9.00003215065226e-07,3.918998118024319e-06,1.269982021767646e-07,2.2021002223482355e-05,3.987999662058428e-06,0.00045726600001216866,0.0045427339999878314,0.004706722000264563,0,0,0,200.0,0.0,0,0.0,1.0197723584129048,0.021500645261663974,1.7697723584129048,,,,,unknown,unknown,nan,,nan,,1.0,0.0,0.0,nan,nan,0.0,0,,3346800082,F04_M01_05,MDCEB22F,measured,approach,0.5,,0,0,1.0197723584129048,0.021500645261663974,1.7697723584129048,1.4697723584129048,0.0,0.0,0.0,-0.15711469687252388,0.15711469687252388,1,0,1,0,ad4b715165e84dd399d377549dc111fb1309cda1260e23e9ee621d07fad63984,6ba3dffa4798388fb8057a608cfa40a0e24aeba9257d245b2d5103a1844d1115
4,4.520428415999049,1.3499646269992809,APPROACH,,KFB_TIMING,kfb_timing,0.001319784441888766,-0.0006345054103804896,0.015039773798465854,1,-28.28571428571429,0,0.3117238563807327,-0.004732122521406024,0.4187416182091205,0.30661014044502904,-0.0011153237038192664,0.43683125457163363,0.23356023460281877,0.3687566253070195,-0.9107917447548709,-0.42466586576664894,0.016272462798127312,0.17490371755340142,1.0099868485327754,200.0,13.0,1.2,0.5,0.3,3.0,IDLE,0.08,nan,0,0.05,20.0,0,unknown,unknown,nan,0,0.0,0,0.005111239999678219,1,0.00033314499887637794,1.965100091183558e-05,0.00043539800026337616,2.921999112004414e-06,6.580998160643503e-06,1.4699980965815485e-07,4.527400233200751e-05,1.9569997675716877e-06,0.0009428270022908691,0.004057172997709131,0.0041617770002631005,0,0,0,200.0,0.0,0,0.0,1.0197723584129048,0.021500645261663974,1.7697723584129048,,,,,unknown,unknown,nan,,nan,,1.0,0.0,0.0,nan,nan,0.0,0,,3351414619,F04_M01_05,MDCEB22F,measured,approach,0.5,,0,0,1.0197723584129048,0.021500645261663974,1.7697723584129048,1.4697723584129048,0.0,0.0,0.0,-0.15539587237743546,0.15539587237743546,1,0,1,0,ad4b715165e84dd399d377549dc111fb1309cda1260e23e9ee621d07fad63984,6ba3dffa4798388fb8057a608cfa40a0e24aeba9257d245b2d5103a1844d1115
4,4.525636410002335,1.3551726210025663,APPROACH,,KFB_TIMING,kfb_timing,0.0013316471805755459,-0.0006462210562609444,0.014990059549187338,1,-28.28571428571429,0,0.31168850952245886,-0.004697213948819487,0.4185934869411364,0.3065602035211717,-0.00111233281104634,0.43670674326472186,0.21910197179443514,0.36742331103963904,-0.9049706532001407,-0.42413748491628206,0.0035383588284015454,0.17445696932895716,1.0009882350422656,200.0,13.0,1.2,0.5,0.3,3.0,IDLE,0.08,nan,0,0.05,20.0,0,unknown,unknown,nan,0,0.0,0,0.005207994003285421,1,0.0001390189972880762,1.251600042451173e-05,0.00018745400302577764,7.970011211000383e-07,3.7150020943954587e-06,1.2400050763972104e-07,2.0338000467745587e-05,8.700008038431406e-07,0.00042073700024047866,0.0045792629997595214,0.004778588998306077,0,0,0,200.0,0.0,0,0.0,1.0197723584129048,0.021500645261663974,1.7697723584129048,,,,,unknown,unknown,nan,,nan,,1.0,0.0,0.0,nan,nan,0.0,0,,3356940873,F04_M01_05,MDCEB22F,measured,approach,0.5,,0,0,1.0197723584129048,0.021500645261663974,1.7697723584129048,1.4697723584129048,0.0,0.0,0.0,-0.15248532660007036,0.15248532660007036,1,0,1,0,ad4b715165e84dd399d377549dc111fb1309cda1260e23e9ee621d07fad63984,6ba3dffa4798388fb8057a608cfa40a0e24aeba9257d245b2d5103a1844d1115
4,4.530727076999028,1.3602632879992598,APPROACH,,KFB_TIMING,kfb_timing,0.0013396665237653815,-0.0006579281700315874,0.014946295477683304,1,-28.28571428571429,0,0.31166445149288935,-0.004662092607507558,0.4184621947266243,0.3065187508697692,-0.001110309248722921,0.43660482854122995,0.22274488612900406,0.3664864023978268,-0.9211135627392795,-0.423666907995493,0.00920288443289609,0.17467314858513497,1.016059920920697,200.0,13.0,1.2,0.5,0.3,3.0,IDLE,0.08,nan,0,0.05,20.0,0,unknown,unknown,nan,0,0.0,0,0.0050906669966934714,1,0.00029019699650234543,3.273900074418634e-05,0.0002939590012829285,2.092998329317197e-06,6.190999556565657e-06,1.410007826052606e-07,3.401600042707287e-05,1.6189987945836037e-06,0.0007529419999627862,0.004247058000037214,0.004334749999543419,0,0,0,200.0,0.0,0,0.0,1.0197723584129048,0.021500645261663974,1.7697723584129048,,,,,unknown,unknown,nan,,nan,,1.0,0.0,0.0,nan,nan,0.0,0,,3361928041,F04_M01_05,MDCEB22F,measured,approach,0.5,,0,0,1.0197723584129048,0.021500645261663974,1.7697723584129048,1.4697723584129048,0.0,0.0,0.0,-0.16055678136963975,0.16055678136963975,1,0,0,0,ad4b715165e84dd399d377549dc111fb1309cda1260e23e9ee621d07fad63984,6ba3dffa4798388fb8057a608cfa40a0e24aeba9257d245b2d5103a1844d1115
4,4.535840619002556,1.3653768300027878,APPROACH,,KFB_TIMING,kfb_timing,0.0013504646295173228,-0.0006637796047975452,0.014906007667169447,1,-28.28571428571429,0,0.3116320571756335,-0.004644538303209684,0.4183413312950828,0.30647823190580264,-0.0011100311142614007,0.4365010799651252,0.2295856764194858,0.3621103934265939,-0.930879006254373,-0.42087162693748736,0.015474800798169302,0.17423503151168154,1.0248752334453617,200.0,13.0,1.2,0.5,0.3,3.0,IDLE,0.08,nan,0,0.05,20.0,0,unknown,unknown,nan,0,0.0,0,0.005113542003527982,1,0.00032995999936247244,1.7017999198287725e-05,0.00019840999812004156,1.1020019883289933e-06,4.804001946467906e-06,1.399967004545033e-07,2.5883000489557162e-05,1.1629999789875e-06,0.0006412750008166768,0.004358724999183323,0.004467451999516925,0,0,0,200.0,0.0,0,0.0,1.0197723584129048,0.021500645261663974,1.7697723584129048,,,,,unknown,unknown,nan,,nan,,1.0,0.0,0.0,nan,nan,0.0,0,,3367326688,F04_M01_05,MDCEB22F,measured,approach,0.5,,0,0,1.0197723584129048,0.021500645261663974,1.7697723584129048,1.4697723584129048,0.005102875032456877,0.0,0.0,-0.16543950312718653,0.16543950312718653,1,0,0,0,ad4b715165e84dd399d377549dc111fb1309cda1260e23e9ee621d07fad63984,6ba3dffa4798388fb8057a608cfa40a0e24aeba9257d245b2d5103a1844d1115
4,4.5409031900017,1.3704394010019314,APPROACH,,KFB_TIMING,kfb_timing,0.0013574293204188792,-0.0006696232489578982,0.01487167735957537,1,-28.28571428571429,0,0.31161116310292886,-0.004627007370728626,0.41823834037230057,0.3064361629370015,-0.0011073716387510774,0.4363967777446927,0.24528934214657927,0.3587125849258797,-0.9388948329348891,-0.418671128383283,0.027246497327957177,0.1744005909539213,1.0345844998194886,200.0,13.0,1.2,0.5,0.3,3.0,IDLE,0.08,nan,0,0.05,20.0,0,unknown,unknown,nan,0,0.0,0,0.005062570999143645,1,0.00031436700010090135,2.0449999283300713e-05,0.00046942499830038287,1.5739969967398793e-06,5.95299934502691e-06,1.3500175555236638e-07,3.211700095562264e-05,1.519998477306217e-06,0.0009326619983767159,0.004067338001623284,0.004127722000703216,0,0,0,200.0,0.0,0,0.0,1.0197723584129048,0.021500645261663974,1.7697723584129048,,,,,unknown,unknown,nan,,nan,,1.0,0.0,0.0,nan,nan,0.0,0,,3371916856,F04_M01_05,MDCEB22F,measured,approach,0.5,,0,0,1.0197723584129048,0.021500645261663974,1.7697723584129048,1.4697723584129048,0.014812141406583823,0.0,0.0,-0.16944741646744454,0.16944741646744454,1,0,0,0,ad4b715165e84dd399d377549dc111fb1309cda1260e23e9ee621d07fad63984,6ba3dffa4798388fb8057a608cfa40a0e24aeba9257d245b2d5103a1844d1115
4,4.546062517001701,1.3755987280019326,APPROACH,,KFB_TIMING,kfb_timing,0.0013682054062639504,-0.0006754737548473864,0.014831373046120677,1,-28.28571428571429,0,0.3115788348453936,-0.004609455853060161,0.4181174274319365,0.3063968140910699,-0.0011061036966573453,0.4362967413351034,0.26811170890677605,0.35621874591072855,-0.9511852100500956,-0.417028637724211,0.04508076664604832,0.17480667835638164,1.0504898796319593,200.0,13.0,1.2,0.5,0.3,3.0,IDLE,0.08,nan,0,0.05,20.0,0,unknown,unknown,nan,0,0.0,0,0.005159327000001213,1,0.0001670400015427731,1.5623998478986323e-05,0.00018858299881685525,9.749965101946145e-07,3.979999746661633e-06,1.3500175555236638e-07,2.195699926232919e-05,9.780014806892723e-07,0.0004499749993556179,0.004550025000644382,0.00470537499859347,0,0,0,200.0,0.0,0,0.0,1.0197723584129048,0.021500645261663974,1.7697723584129048,,,,,unknown,unknown,nan,,nan,,1.0,0.0,0.0,nan,nan,0.0,0,,3377578063,F04_M01_05,MDCEB22F,measured,approach,0.5,,0,0,1.0197723584129048,0.021500645261663974,1.7697723584129048,1.4697723584129048,0.030717521219054467,0.0,0.0,-0.1755926050250478,0.1755926050250478,1,0,0,0,ad4b715165e84dd399d377549dc111fb1309cda1260e23e9ee621d07fad63984,6ba3dffa4798388fb8057a608cfa40a0e24aeba9257d245b2d5103a1844d1115
4,4.55114539799979,1.3806816090000211,APPROACH,,KFB_TIMING,kfb_timing,0.0013817669007052114,-0.0006754705350254703,0.014794542885268852,1,-28.28571428571429,0,0.31153815036206983,-0.004609465512525909,0.418006936949381,0.30635702740758897,-0.0011034266844182402,0.43619873548837435,0.2876116139879805,0.3520261522047091,-0.9816910902433873,-0.41428688131350705,0.0664209762692557,0.17420011245407957,1.081831894981875,200.0,13.0,1.2,0.5,0.3,3.0,IDLE,0.08,nan,0,0.05,20.0,0,unknown,unknown,nan,0,0.0,0,0.005082880998088513,1,0.0003393019978830125,2.2229000023799017e-05,0.0004707730004156474,1.5879995771683753e-06,5.735000740969554e-06,1.489970600232482e-07,3.1789000786375254e-05,3.625002136686817e-06,0.000964036000368651,0.004035963999631349,0.004117158998269588,0,0,0,200.0,0.0,0,0.0,1.0197723584129048,0.021500645261663974,1.7697723584129048,,,,,unknown,unknown,nan,,nan,,1.0,0.0,0.0,nan,nan,0.0,0,,3382165172,F04_M01_05,MDCEB22F,measured,approach,0.5,,0,0,1.0197723584129048,0.021500645261663974,1.7697723584129048,1.4697723584129048,0.06205953656897023,0.0,0.0,-0.19084554512169366,0.19084554512169366,1,0,0,0,ad4b715165e84dd399d377549dc111fb1309cda1260e23e9ee621d07fad63984,6ba3dffa4798388fb8057a608cfa40a0e24aeba9257d245b2d5103a1844d1115
4,4.556313962999411,1.3858501739996427,APPROACH,,KFB_TIMING,kfb_timing,0.0013942994958092148,-0.0006696063328707129,0.014767158758380057,1,-28.28571428571429,0,0.3115005525767578,-0.004627058118990181,0.4179247845687146,0.3063190830187349,-0.001100652346901953,0.4360999353052237,0.29647613649293897,0.3479702393725216,-0.9757061683507042,-0.41166520155584424,0.07073585330483721,0.17297983527042746,1.0774896351967207,200.0,13.0,1.2,0.5,0.3,3.0,IDLE,0.08,nan,0,0.05,20.0,0,unknown,unknown,nan,0,0.0,0,0.005168564999621594,1,0.00018800200268742628,1.3781002053292468e-05,0.0001796120013750624,9.899995347950608e-07,3.812998329522088e-06,1.2899909052066505e-07,2.1136002033017576e-05,6.974001735216007e-06,0.00046125100197969005,0.00453874899802031,0.0046991010021883994,0,0,0,200.0,0.0,0,0.0,1.0197723584129048,0.021500645261663974,1.7697723584129048,,,,,unknown,unknown,nan,,nan,,1.0,0.0,0.0,nan,nan,0.0,0,,3387775961,F04_M01_05,MDCEB22F,measured,approach,0.5,,0,0,1.0197723584129048,0.021500645261663974,1.7697723584129048,1.4697723584129048,0.057717276783815885,0.0,0.0,-0.18785308417535213,0.18785308417535213,1,0,0,0,ad4b715165e84dd399d377549dc111fb1309cda1260e23e9ee621d07fad63984,6ba3dffa4798388fb8057a608cfa40a0e24aeba9257d245b2d5103a1844d1115
4,4.561424186002114,1.3909603970023454,APPROACH,,KFB_TIMING,kfb_timing,0.0014095675671543795,-0.0006696356720457982,0.014743265486122897,1,-28.28571428571429,0,0.3114547483627223,-0.004626970101464925,0.41785310475194315,0.30628340094729367,-0.0010985739614241784,0.43600729499411117,0.27766143435422386,0.34853822220782216,-0.9441673368149766,-0.4120950727687138,0.05016746803725019,0.17249373705216364,1.0440434494673676,200.0,13.0,1.2,0.5,0.3,3.0,IDLE,0.08,nan,0,0.05,20.0,0,unknown,unknown,nan,0,0.0,0,0.005110223002702696,1,0.0003624519995355513,3.0576000426663086e-05,0.00036992799869040027,1.967000571312383e-06,6.849000783404335e-06,1.320004230365157e-07,4.0189999708672985e-05,1.5529985830653459e-06,0.0009165340015897527,0.004083465998410247,0.004191179999907035,0,0,0,200.0,0.0,0,0.0,1.0197723584129048,0.021500645261663974,1.7697723584129048,,,,,unknown,unknown,nan,,nan,,1.0,0.0,0.0,nan,nan,0.0,0,,3392415515,F04_M01_05,MDCEB22F,measured,approach,0.5,,0,0,1.0197723584129048,0.021500645261663974,1.7697723584129048,1.4697723584129048,0.02427109105446279,0.0,0.0,-0.1720836684074883,0.1720836684074883,1,0,0,0,ad4b715165e84dd399d377549dc111fb1309cda1260e23e9ee621d07fad63984,6ba3dffa4798388fb8057a608cfa40a0e24aeba9257d245b2d5103a1844d1115
4,4.566624817001866,1.3961610280020977,APPROACH,,KFB_TIMING,kfb_timing,0.0014182748598798034,-0.0006637637404806542,0.014721843696436447,1,-28.28571428571429,0,0.31142862648454606,-0.004644585896160357,0.4177888393828838,0.3062381949723848,-0.0010969665233323813,0.4358939719030712,0.26869816736927954,0.3494449103829794,-0.9458929276055292,-0.4125857314912618,0.04576122262932144,0.17211291829931863,1.0435630699839549,200.0,13.0,1.2,0.5,0.3,3.0,IDLE,0.08,nan,0,0.05,20.0,0,unknown,unknown,nan,0,0.0,0,0.00520063099975232,1,0.00014995899982750416,1.567499930388294e-05,0.0001729379982862156,1.0870026017073542e-06,3.9000005926936865e-06,1.270018401555717e-07,2.125899845850654e-05,8.729984983801842e-07,0.000426712998887524,0.004573287001112476,0.004769619998114649,0,0,0,200.0,0.0,0,0.0,1.0197723584129048,0.021500645261663974,1.7697723584129048,,,,,unknown,unknown,nan,,nan,,1.0,0.0,0.0,nan,nan,0.0,0,,3398082880,F04_M01_05,MDCEB22F,measured,approach,0.5,,0,0,1.0197723584129048,0.021500645261663974,1.7697723584129048,1.4697723584129048,0.02379071157105006,0.0,0.0,-0.17294646380276463,0.17294646380276463,1,0,0,0,ad4b715165e84dd399d377549dc111fb1309cda1260e23e9ee621d07fad63984,6ba3dffa4798388fb8057a608cfa40a0e24aeba9257d245b2d5103a1844d1115
4,4.571685990002152,1.4012222010023834,APPROACH,,KFB_TIMING,kfb_timing,0.0014297209145353595,-0.0006637855244440627,0.014703915481996871,1,-28.28571428571429,0,0.31139428832057936,-0.004644520544270132,0.41773505473956507,0.306202437768313,-0.0010956848315705195,0.43580325736792386,0.26165130442644324,0.348101811367398,-0.9559022225795935,-0.41158961564803276,0.04491839671788395,0.17116140719067943,1.0504215036440987,200.0,13.0,1.2,0.5,0.3,3.0,IDLE,0.08,nan,0,0.05,20.0,0,unknown,unknown,nan,0,0.0,0,0.005061173000285635,1,0.00030201599656720646,2.015200152527541e-05,0.0004375850003270898,3.760000254260376e-06,6.803998985560611e-06,1.500011421740055e-07,4.844199793296866e-05,2.1170017134863883e-06,0.0009207959992636461,0.004079204000736354,0.004137707997870166,0,0,0,200.0,0.0,0,0.0,1.0197723584129048,0.021500645261663974,1.7697723584129048,,,,,unknown,unknown,nan,,nan,,1.0,0.0,0.0,nan,nan,0.0,0,,3403208522,F04_M01_05,MDCEB22F,measured,approach,0.5,,0,0,1.0197723584129048,0.021500645261663974,1.7697723584129048,1.4697723584129048,0.030649145231193886,0.0,0.0,-0.17795111128979674,0.17795111128979674,1,0,0,0,ad4b715165e84dd399d377549dc111fb1309cda1260e23e9ee621d07fad63984,6ba3dffa4798388fb8057a608cfa40a0e24aeba9257d245b2d5103a1844d1115
4,4.576744834001147,1.4062810450013785,APPROACH,,KFB_TIMING,kfb_timing,0.001437350461910708,-0.0006638000398187217,0.014691961211734371,1,-28.28571428571429,0,0.3113713996784533,-0.004644476998146155,0.4176991919287776,0.30616726861371907,-0.0010944270415022377,0.43571322496684817,0.2650116299007333,0.3474321164403768,-0.9712903832672075,-0.41093064142544644,0.05229706773602563,0.17075469766554147,1.0650564530315947,200.0,13.0,1.2,0.5,0.3,3.0,IDLE,0.08,nan,0,0.05,20.0,0,unknown,unknown,nan,0,0.0,0,0.005058843998995144,1,0.0005264680003165267,2.0416999177541584e-05,0.0002946659988083411,1.3159988156985492e-06,5.426001735031605e-06,1.410007826052606e-07,3.1755000236444175e-05,1.4220022421795875e-06,0.0009686339981271885,0.004031366001872812,0.0040886450005928054,0,0,0,200.0,0.0,0,0.0,1.0197723584129048,0.021500645261663974,1.7697723584129048,,,,,unknown,unknown,nan,,nan,,1.0,0.0,0.0,nan,nan,0.0,0,,3407913777,F04_M01_05,MDCEB22F,measured,approach,0.5,,0,0,1.0197723584129048,0.021500645261663974,1.7697723584129048,1.4697723584129048,0.045284094618689874,0.0,0.0,-0.18564519163360377,0.18564519163360377,1,0,0,0,ad4b715165e84dd399d377549dc111fb1309cda1260e23e9ee621d07fad63984,6ba3dffa4798388fb8057a608cfa40a0e24aeba9257d245b2d5103a1844d1115
4,4.581910101001995,1.4114463120022265,APPROACH,,KFB_TIMING,kfb_timing,0.001447778674658451,-0.000657959742879188,0.01468348851804554,1,-28.28571428571429,0,0.3113401150402101,-0.004661997888964756,0.4176737738477111,0.30613433004471685,-0.0010924681374754929,0.43562934046615787,0.24220222861666152,0.34858696356123575,-0.9645069395369548,-0.4115483776216421,0.03641929142560827,0.17093500175584025,1.0537781678923999,200.0,13.0,1.2,0.5,0.3,3.0,IDLE,0.08,nan,0,0.05,20.0,0,unknown,unknown,nan,0,0.0,0,0.005165267000847962,1,0.00034305900044273585,1.576000067871064e-05,0.00017016800120472908,1.0330004442948848e-06,3.8710022636223584e-06,1.1600059224292636e-07,2.030700125033036e-05,8.280003385152668e-07,0.0006034979996911716,0.0043965020003088285,0.004558085001917789,0,0,0,200.0,0.0,0,0.0,1.0197723584129048,0.021500645261663974,1.7697723584129048,,,,,unknown,unknown,nan,,nan,,1.0,0.0,0.0,nan,nan,0.0,0,,3413324401,F04_M01_05,MDCEB22F,measured,approach,0.5,,0,0,1.0197723584129048,0.021500645261663974,1.7697723584129048,1.4697723584129048,0.03400580947949505,0.0,0.0,-0.1822534697684774,0.1822534697684774,1,0,0,0,ad4b715165e84dd399d377549dc111fb1309cda1260e23e9ee621d07fad63984,6ba3dffa4798388fb8057a608cfa40a0e24aeba9257d245b2d5103a1844d1115
4,4.5869690910003555,1.416505302000587,APPROACH,,KFB_TIMING,kfb_timing,0.001454335623185421,-0.0006638613640895819,0.014681007184905904,1,-28.28571428571429,0,0.3113204441946292,-0.0046442930253335745,0.41766632984829216,0.3061019118929626,-0.0010918136710710178,0.4355436994966734,0.2378921699730055,0.347700710370805,-0.9522240459663509,-0.4108823187311551,0.03084009465240865,0.17096375586463108,1.0412584224117254,200.0,13.0,1.2,0.5,0.3,3.0,IDLE,0.08,nan,0,0.05,20.0,0,unknown,unknown,nan,0,0.0,0,0.00505898999836063,1,0.0002647440014698077,1.9114999304292724e-05,0.0004504059979808517,1.4639990695286542e-06,5.848000000696629e-06,1.6400008462369442e-07,3.200799983460456e-05,3.2329990062862635e-06,0.0008623789981356822,0.004137621001864318,0.004195141002128366,0,0,0,200.0,0.0,0,0.0,1.0197723584129048,0.021500645261663974,1.7697723584129048,,,,,unknown,unknown,nan,,nan,,1.0,0.0,0.0,nan,nan,0.0,0,,3418168899,F04_M01_05,MDCEB22F,measured,approach,0.5,,0,0,1.0197723584129048,0.021500645261663974,1.7697723584129048,1.4697723584129048,0.02148606399882058,0.0,0.0,-0.17611202298317546,0.17611202298317546,1,0,0,0,ad4b715165e84dd399d377549dc111fb1309cda1260e23e9ee621d07fad63984,6ba3dffa4798388fb8057a608cfa40a0e24aeba9257d245b2d5103a1844d1115
4,4.59214473999964,1.4216809509998711,APPROACH,,KFB_TIMING,kfb_timing,0.0014619635209288107,-0.0006638758636821393,0.014669048607484877,1,-28.28571428571429,0,0.311297560501399,-0.004644249526555903,0.41763045411602906,0.30607076789756804,-0.0010894236073973147,0.435463142272956,0.2398633567826337,0.34469203744529653,-0.9559629976320372,-0.408740555198673,0.03395593913933445,0.17059040143984305,1.044132311274224,200.0,13.0,1.2,0.5,0.3,3.0,IDLE,0.08,nan,0,0.05,20.0,0,unknown,unknown,nan,0,0.0,0,0.0051756489992840216,1,0.0004074300013598986,1.2647000403376296e-05,0.00014039600137039088,9.38998709898442e-07,4.16199691244401e-06,1.2500095181167126e-07,2.813099854392931e-05,9.699979273136705e-07,0.0006423439990612678,0.004357656000938732,0.004525557000306435,0,0,0,200.0,0.0,0,0.0,1.0197723584129048,0.021500645261663974,1.7697723584129048,,,,,unknown,unknown,nan,,nan,,1.0,0.0,0.0,nan,nan,0.0,0,,3423529055,F04_M01_05,MDCEB22F,measured,approach,0.5,,0,0,1.0197723584129048,0.021500645261663974,1.7697723584129048,1.4697723584129048,0.0243599528613192,0.0,0.0,-0.1779814988160186,0.1779814988160186,1,0,0,0,ad4b715165e84dd399d377549dc111fb1309cda1260e23e9ee621d07fad63984,6ba3dffa4798388fb8057a608cfa40a0e24aeba9257d245b2d5103a1844d1115
4,4.597229088001768,1.4267652990019997,APPROACH,,KFB_TIMING,kfb_timing,0.0014657771224880767,-0.000663883111295813,0.014663068680676062,1,-28.28571428571429,0,0.3112861196967212,-0.004644227783714882,0.4176125143356026,0.30603919546981423,-0.0010873229908230928,0.4353806429277972,0.24655731502320827,0.34187618139474074,-0.9598752549823215,-0.40668106257270664,0.040230184039729805,0.170228390331986,1.0483464780900826,200.0,13.0,1.2,0.5,0.3,3.0,IDLE,0.08,nan,0,0.05,20.0,0,unknown,unknown,nan,0,0.0,0,0.005084348002128536,1,0.0002638320002006367,3.261099845985882e-05,0.00038224799936870113,2.6760026230476797e-06,7.661998097319156e-06,1.400003384333104e-07,3.781600025831722e-05,1.6859994502738118e-06,0.0008362900007341523,0.004163709999265848,0.00424553199991351,0,0,0,200.0,0.0,0,0.0,1.0197723584129048,0.021500645261663974,1.7697723584129048,,,,,unknown,unknown,nan,,nan,,1.0,0.0,0.0,nan,nan,0.0,0,,3428421853,F04_M01_05,MDCEB22F,measured,approach,0.5,,0,0,1.0197723584129048,0.021500645261663974,1.7697723584129048,1.4697723584129048,0.028574119677177823,0.0,0.0,-0.17993762749116077,0.17993762749116077,1,0,0,0,ad4b715165e84dd399d377549dc111fb1309cda1260e23e9ee621d07fad63984,6ba3dffa4798388fb8057a608cfa40a0e24aeba9257d245b2d5103a1844d1115
4,4.602378976000182,1.4319151870004134,APPROACH,,KFB_TIMING,kfb_timing,0.0014751340131694823,-0.0006639299163687278,0.014664069185996935,1,-28.28571428571429,0,0.311258049024677,-0.004644087368496138,0.4176155158515652,0.3060095978606833,-0.0010857522595116107,0.4353052953450582,0.25661220632132137,0.35505153414039015,-0.9737719402050564,-0.41360842691966104,0.05156308268631178,0.17537773329222475,1.0677748863216727,200.0,13.0,1.2,0.5,0.3,3.0,IDLE,0.08,nan,0,0.05,20.0,0,unknown,unknown,nan,0,0.0,0,0.00514988799841376,1,0.0003415419996599667,1.4258999726735055e-05,0.00018893099695560522,9.870018402580172e-07,3.778000973397866e-06,1.1500014807097614e-07,2.0439001673366874e-05,8.05001036496833e-07,0.0006273990002227947,0.004372600999777205,0.004518126999755623,0,0,0,200.0,0.0,0,0.0,1.0197723584129048,0.021500645261663974,1.7697723584129048,,,,,unknown,unknown,nan,,nan,,1.0,0.0,0.0,nan,nan,0.0,0,,3433814294,F04_M01_05,MDCEB22F,measured,approach,0.5,,0,0,1.0197723584129048,0.021500645261663974,1.7697723584129048,1.4697723584129048,0.04800252790876791,0.0,0.0,-0.18688597010252822,0.18688597010252822,1,0,0,0,ad4b715165e84dd399d377549dc111fb1309cda1260e23e9ee621d07fad63984,6ba3dffa4798388fb8057a608cfa40a0e24aeba9257d245b2d5103a1844d1115
4,4.60748691399931,1.4370231249995413,APPROACH,,KFB_TIMING,kfb_timing,0.0014827607219013716,-0.0006639444030781701,0.014652107152581261,1,-28.28571428571429,0,0.31123516889848135,-0.004644043908367811,0.4175796297513182,0.305980295151474,-0.0010854554348395107,0.435227658281003,0.26643910446540797,0.3653902500265692,-1.0070727490571116,-0.41887635871920453,0.06848569759084433,0.17916845081805147,1.1039453578398957,200.0,13.0,1.2,0.5,0.3,3.0,IDLE,0.08,nan,0,0.05,20.0,0,unknown,unknown,nan,0,0.0,0,0.005107937999127898,1,0.0002863200024876278,2.0422001398401335e-05,0.0004470450003282167,1.606000296305865e-06,6.218000635271892e-06,1.4800025383010507e-07,3.2515999919269234e-05,1.4139986888039857e-06,0.0008820650000416208,0.004117934999958379,0.004220283000904601,0,0,0,200.0,0.0,0,0.0,1.0197723584129048,0.021500645261663974,1.7697723584129048,,,,,unknown,unknown,nan,,nan,,1.0,0.0,0.0,nan,nan,0.0,0,,3438661804,F04_M01_05,MDCEB22F,measured,approach,0.5,,0,0,1.0197723584129048,0.021500645261663974,1.7697723584129048,1.4697723584129048,0.08417299942699086,0.0,0.0,-0.20353637452855583,0.20353637452855583,1,0,0,0,ad4b715165e84dd399d377549dc111fb1309cda1260e23e9ee621d07fad63984,6ba3dffa4798388fb8057a608cfa40a0e24aeba9257d245b2d5103a1844d1115
4,4.612672534000012,1.4422087450002437,APPROACH,,KFB_TIMING,kfb_timing,0.0014931872170686755,-0.000658102796708593,0.014643626963663333,1,-28.28571428571429,0,0.31120388941297944,-0.004661568727476542,0.4175541891845644,0.30594798285457037,-0.0010833509272361415,0.4351420160307221,0.2881186369000941,0.36306612893336854,-1.0447871808983824,-0.41675157658936823,0.09467674935686778,0.1784500778001232,1.142982771645058,200.0,13.0,1.2,0.5,0.3,3.0,IDLE,0.08,nan,0,0.05,20.0,0,unknown,unknown,nan,0,0.0,0,0.005185620000702329,1,0.0003304899983049836,1.3532000593841076e-05,0.00019004199930350296,9.399991540703923e-07,3.944998752558604e-06,1.1700103641487658e-07,2.0352999854367226e-05,8.560018613934517e-07,0.0006094680029491428,0.004390531997050857,0.004572278998239199,0,0,0,200.0,0.0,0,0.0,1.0197723584129048,0.021500645261663974,1.7697723584129048,,,,,unknown,unknown,nan,,nan,,1.0,0.0,0.0,nan,nan,0.0,0,,3443980440,F04_M01_05,MDCEB22F,measured,approach,0.5,,0,0,1.0197723584129048,0.021500645261663974,1.7697723584129048,1.4697723584129048,0.1232104132321532,0.0,0.0,-0.22239359044919121,0.22239359044919121,1,0,0,0,ad4b715165e84dd399d377549dc111fb1309cda1260e23e9ee621d07fad63984,6ba3dffa4798388fb8057a608cfa40a0e24aeba9257d245b2d5103a1844d1115
4,4.6177318379995995,1.447268048999831,APPROACH,,KFB_TIMING,kfb_timing,0.0015074255176214524,-0.000652267682163105,0.01462916179352253,1,-28.28571428571429,0,0.3111611745113211,-0.004679074071113006,0.41751079367414196,0.30592486687779746,-0.0010822559486291586,0.43507594530792415,0.323392032882606,0.35466389692096184,-1.0677741461889043,-0.41099182798590406,0.12554812275710836,0.17594521205255953,1.1706880515237825,200.0,13.0,1.2,0.5,0.3,3.0,IDLE,0.08,nan,0,0.05,20.0,0,unknown,unknown,nan,0,0.0,0,0.005059303999587428,1,0.0002437410003039986,1.9117000192636624e-05,0.0003574640031729359,2.5510016712360084e-06,5.616999260382727e-06,1.320004230365157e-07,4.004100264864974e-05,1.6619997040834278e-06,0.0007618820018251427,0.0042381179981748575,0.004295753002224956,0,0,0,200.0,0.0,0,0.0,1.0197723584129048,0.021500645261663974,1.7697723584129048,,,,,unknown,unknown,nan,,nan,,1.0,0.0,0.0,nan,nan,0.0,0,,3448919165,F04_M01_05,MDCEB22F,measured,approach,0.5,,0,0,1.0197723584129048,0.021500645261663974,1.7697723584129048,1.4697723584129048,0.1509156931108777,0.0,0.0,-0.23388707309445217,0.23388707309445217,1,0,0,0,ad4b715165e84dd399d377549dc111fb1309cda1260e23e9ee621d07fad63984,6ba3dffa4798388fb8057a608cfa40a0e24aeba9257d245b2d5103a1844d1115
4,4.622848242001055,1.4523844530012866,APPROACH,,KFB_TIMING,kfb_timing,0.0015216623833689547,-0.0006464318172217347,0.014614692871853676,1,-28.28571428571429,0,0.3111184639140786,-0.004696581665937117,0.4174673869091354,0.30590265177734205,-0.0010800905055676682,0.4350127117217315,0.36201956346131675,0.3444681285908655,-1.0942261874554093,-0.40419267856166724,0.15979736283327572,0.1730778102033771,1.2029328348901347,200.0,13.0,1.2,0.5,0.3,3.0,IDLE,0.08,nan,0,0.05,20.0,0,unknown,unknown,nan,0,0.0,0,0.005116404001455521,1,0.0003342400013934821,1.3365999620873481e-05,0.00020390699864947237,8.930001058615744e-07,3.6849996831733733e-06,1.1400334187783301e-07,2.026100264629349e-05,3.2269999792333692e-06,0.0006242800009204075,0.004375719999079593,0.004483489999984158,0,0,0,200.0,0.0,0,0.0,1.0197723584129048,0.021500645261663974,1.7697723584129048,,,,,unknown,unknown,nan,,nan,,1.0,0.0,0.0,nan,nan,0.0,0,,3454267228,F04_M01_05,MDCEB22F,measured,approach,0.5,,0,0,1.0197723584129048,0.021500645261663974,1.7697723584129048,1.4697723584129048,0.18316047647722988,0.0,0.0,-0.24711309372770468,0.24711309372770468,1,0,0,0,ad4b715165e84dd399d377549dc111fb1309cda1260e23e9ee621d07fad63984,6ba3dffa4798388fb8057a608cfa40a0e24aeba9257d245b2d5103a1844d1115
4,4.6279253989996505,1.457461609999882,APPROACH,,KFB_TIMING,kfb_timing,0.0015397089319466872,-0.0006406021704770422,0.014594233809585294,1,-28.28571428571429,0,0.3110643242683454,-0.004714070606171195,0.4174060097223302,0.3058808232654483,-0.0010810523090358376,0.4349489101474763,0.40100629567885315,0.33863798589702654,-1.1709112507736956,-0.3998875929275627,0.20900339314606525,0.17202856152558763,1.2831659642676354,200.0,13.0,1.2,0.5,0.3,3.0,IDLE,0.08,nan,0,0.05,20.0,0,unknown,unknown,nan,0,0.0,0,0.005077156998595456,1,0.0002564470014476683,4.230400008964352e-05,0.0004273810009181034,2.7170026442036033e-06,6.524001946672797e-06,1.4300167094916105e-07,3.283900150563568e-05,1.787000655895099e-06,0.0008665800014568958,0.004133419998543104,0.004193321998172905,0,0,0,200.0,0.0,0,0.0,1.0197723584129048,0.021500645261663974,1.7697723584129048,,,,,unknown,unknown,nan,,nan,,1.0,0.0,0.0,nan,nan,0.0,0,,3459173851,F04_M01_05,MDCEB22F,measured,approach,0.5,,0,0,1.0197723584129048,0.021500645261663974,1.7697723584129048,1.4697723584129048,0.2633936058547306,0.0,0.0,-0.2854556253868478,0.2854556253868478,1,0,0,0,ad4b715165e84dd399d377549dc111fb1309cda1260e23e9ee621d07fad63984,6ba3dffa4798388fb8057a608cfa40a0e24aeba9257d245b2d5103a1844d1115
4,4.633067163002124,1.4626033740023558,APPROACH,,KFB_TIMING,kfb_timing,0.0015549510840003888,-0.000640630029145581,0.01457028399961875,1,-28.28571428571429,0,0.3110185978121843,-0.004713987030165579,0.4173341602924306,0.3058609976178374,-0.0010811243192660244,0.43489081113961287,0.41958038985493074,0.33760381915263615,-1.2129891036701559,-0.3986136619939419,0.2352199621280776,0.17268677935741752,1.3271648759215224,200.0,13.0,1.2,0.5,0.3,3.0,IDLE,0.08,nan,0,0.05,20.0,0,unknown,unknown,nan,0,0.0,0,0.005141764002473792,1,0.0004247510005370714,1.655699816183187e-05,0.000159610000991961,9.450013749301434e-07,3.829998604487628e-06,1.1600059224292636e-07,3.5311000829096884e-05,9.750001481734216e-07,0.0006982529994274955,0.004301747000572505,0.0044238020018383395,0,0,0,200.0,0.0,0,0.0,1.0197723584129048,0.021500645261663974,1.7697723584129048,,,,,unknown,unknown,nan,,nan,,1.0,0.0,0.0,nan,nan,0.0,0,,3464510912,F04_M01_05,MDCEB22F,measured,approach,0.5,,0,0,1.0197723584129048,0.021500645261663974,1.7697723584129048,1.4697723584129048,0.3073925175086176,0.0,0.0,-0.30649455183507796,0.30649455183507796,1,0,0,0,ad4b715165e84dd399d377549dc111fb1309cda1260e23e9ee621d07fad63984,6ba3dffa4798388fb8057a608cfa40a0e24aeba9257d245b2d5103a1844d1115
4,4.638175145002606,1.4677113560028374,APPROACH,,KFB_TIMING,kfb_timing,0.0015740531581977246,-0.0006289095987085847,0.014540323742373164,1,-28.28571428571429,0,0.3109612915895923,-0.0047491483214765675,0.4172442795206938,0.30584373716317254,-0.0010770492569998303,0.4348340316508467,0.40734402351695254,0.34931794360764234,-1.2355574800089537,-0.40474236242061457,0.23617574723620094,0.17769616261217097,1.3470539950675056,200.0,13.0,1.2,0.5,0.3,3.0,IDLE,0.08,nan,0,0.05,20.0,0,unknown,unknown,nan,0,0.0,0,0.00510798200048157,1,0.00030093600071268156,3.176199970766902e-05,0.00042132000089623034,1.6230005712714046e-06,5.966998287476599e-06,1.2800228432752192e-07,3.2709001970943063e-05,1.5019977581687272e-06,0.0008908759991754778,0.004109124000824522,0.004206366000289563,0,0,0,200.0,0.0,0,0.0,1.0197723584129048,0.021500645261663974,1.7697723584129048,,,,,unknown,unknown,nan,,nan,,1.0,0.0,0.0,nan,nan,0.0,0,,3469176268,F04_M01_05,MDCEB22F,measured,approach,0.5,,0,0,1.0197723584129048,0.021500645261663974,1.7697723584129048,1.4697723584129048,0.32728163665460075,0.0,0.0,-0.31777874000447687,0.31777874000447687,1,0,0,0,ad4b715165e84dd399d377549dc111fb1309cda1260e23e9ee621d07fad63984,6ba3dffa4798388fb8057a608cfa40a0e24aeba9257d245b2d5103a1844d1115
4,4.643344751002587,1.4728809620028187,APPROACH,,KFB_TIMING,kfb_timing,0.001593148407157352,-0.0006171878522749917,0.01451035308856253,1,-28.28571428571429,0,0.3109040058427134,-0.0047843135607773465,0.41715436755926194,0.30582660067814876,-0.0010794571626694133,0.43478053496714164,0.356857163681498,0.3611000718094698,-1.2562269778621777,-0.41082896249763207,0.21220513010241082,0.18246352349105127,1.3549341375285915,200.0,13.0,1.2,0.5,0.3,3.0,IDLE,0.08,nan,0,0.05,20.0,0,unknown,unknown,nan,0,0.0,0,0.005169605999981286,1,0.0001634840009501204,1.3316999684320763e-05,0.00017427800048608333,1.1379997886251658e-06,4.252000508131459e-06,1.2899909052066505e-07,2.9260001610964537e-05,1.0049989214166999e-06,0.00044479099960881285,0.004555209000391187,0.004721003999293316,0,0,0,200.0,0.0,0,0.0,1.0197723584129048,0.021500645261663974,1.7697723584129048,,,,,unknown,unknown,nan,,nan,,1.0,0.0,0.0,nan,nan,0.0,0,,3474796122,F04_M01_05,MDCEB22F,measured,approach,0.5,,0,0,1.0197723584129048,0.021500645261663974,1.7697723584129048,1.4697723584129048,0.3351617791156867,0.0,0.0,-0.3281134889310889,0.3281134889310889,1,0,0,0,ad4b715165e84dd399d377549dc111fb1309cda1260e23e9ee621d07fad63984,6ba3dffa4798388fb8057a608cfa40a0e24aeba9257d245b2d5103a1844d1115
4,4.648458932002541,1.4779951430027722,APPROACH,,KFB_TIMING,kfb_timing,0.001610489215699229,-0.0006054353122568836,0.014467396396538445,1,-28.28571428571429,0,0.31085198341708775,-0.004819571180831671,0.4170254974831897,0.30581229880602573,-0.0010774131450357457,0.43472902972382893,0.27738428179815383,0.36234340329215314,-1.2705792195028889,-0.4109318770107049,0.16797451897801116,0.18320402072129516,1.3500393826591088,200.0,13.0,1.2,0.5,0.3,3.0,IDLE,0.08,nan,0,0.05,20.0,0,unknown,unknown,nan,0,0.0,0,0.005114180999953533,1,0.0003143760004604701,1.9172999600414187e-05,0.00043849400026374497,1.486001565353945e-06,5.907997547183186e-06,1.270018401555717e-07,3.141299748676829e-05,1.3570024748332798e-06,0.0008971359966380987,0.004102864003361901,0.0042066629976034164,0,0,0,200.0,0.0,0,0.0,1.0197723584129048,0.021500645261663974,1.7697723584129048,,,,,unknown,unknown,nan,,nan,,1.0,0.0,0.0,nan,nan,0.0,0,,3479666903,F04_M01_05,MDCEB22F,measured,approach,0.5,,0,0,1.0197723584129048,0.021500645261663974,1.7697723584129048,1.4697723584129048,0.330267024246204,0.0,0.0,-0.33528960975144445,0.33528960975144445,1,0,0,0,ad4b715165e84dd399d377549dc111fb1309cda1260e23e9ee621d07fad63984,6ba3dffa4798388fb8057a608cfa40a0e24aeba9257d245b2d5103a1844d1115
4,4.65365599299912,1.4831922039993515,APPROACH,,KFB_TIMING,kfb_timing,0.0016267642790544212,-0.0005995719547234796,0.014433919123912156,1,-28.28571428571429,0,0.3108031582270222,-0.004837161253431883,0.4169250656653108,0.30579812691772623,-0.0010752782326830471,0.43467636953089717,0.21102169974355175,0.35621356672663756,-1.2755585038257746,-0.40674557746818046,0.12998093988510612,0.18145424147810424,1.3410696326309903,200.0,13.0,1.2,0.5,0.3,3.0,IDLE,0.08,nan,0,0.05,20.0,0,unknown,unknown,nan,0,0.0,0,0.005197060996579239,1,0.00036125200131209567,1.1432999599492177e-05,0.00018618399917613715,8.229981176555157e-07,3.6870005715172738e-06,1.2500095181167126e-07,1.945799886016175e-05,8.48001945996657e-07,0.0006417459990188945,0.004358254000981106,0.0045514269986597355,0,0,0,200.0,0.0,0,0.0,1.0197723584129048,0.021500645261663974,1.7697723584129048,,,,,unknown,unknown,nan,,nan,,1.0,0.0,0.0,nan,nan,0.0,0,,3485007808,F04_M01_05,MDCEB22F,measured,approach,0.5,,0,0,1.0197723584129048,0.021500645261663974,1.7697723584129048,1.4697723584129048,0.3212972742180855,0.0,0.0,-0.3377792519128873,0.3377792519128873,1,0,0,0,ad4b715165e84dd399d377549dc111fb1309cda1260e23e9ee621d07fad63984,6ba3dffa4798388fb8057a608cfa40a0e24aeba9257d245b2d5103a1844d1115
4,4.658724583001458,1.4882607940016896,APPROACH,,KFB_TIMING,kfb_timing,0.0016364745797455282,-0.0005878061739570772,0.014402934437876696,1,-28.28571428571429,0,0.31077402732494885,-0.00487245859573109,0.4168321116072044,0.3057867468491923,-0.0010732813883799633,0.4346350221082576,0.21343297538098382,0.3487942112246098,-1.2882172930103206,-0.401794857364854,0.13867446678380072,0.179825396914548,1.3515601469319134,200.0,13.0,1.2,0.5,0.3,3.0,IDLE,0.08,nan,0,0.05,20.0,0,unknown,unknown,nan,0,0.0,0,0.005068590002338169,1,0.0002604040018923115,1.893599983304739e-05,0.0003993070022261236,2.450000465614721e-06,5.647998477797955e-06,1.269982021767646e-07,4.370500028016977e-05,3.6380006349645555e-06,0.0008112960022117477,0.004188703997788252,0.004251026999554597,0,0,0,200.0,0.0,0,0.0,1.0197723584129048,0.021500645261663974,1.7697723584129048,,,,,unknown,unknown,nan,,nan,,1.0,0.0,0.0,nan,nan,0.0,0,,3490393003,F04_M01_05,MDCEB22F,measured,approach,0.5,,0,0,1.0197723584129048,0.021500645261663974,1.7697723584129048,1.4697723584129048,0.3317877885190086,0.0,0.0,-0.3441086465051603,0.3441086465051603,1,0,0,0,ad4b715165e84dd399d377549dc111fb1309cda1260e23e9ee621d07fad63984,6ba3dffa4798388fb8057a608cfa40a0e24aeba9257d245b2d5103a1844d1115
4,4.663783856001828,1.4933200670020597,APPROACH,,KFB_TIMING,kfb_timing,0.001644419044504991,-0.0005760126945417081,0.014358964049168716,1,-28.28571428571429,0,0.3107501939306705,-0.004907839033977198,0.41670020044108047,0.3057764849073682,-0.0010751584970968555,0.43459681990837157,0.24904636543545755,0.3430110988183841,-1.316479877916759,-0.3977898335657634,0.17340109424935915,0.17881325420006425,1.3830401205348062,200.0,13.0,1.2,0.5,0.3,3.0,IDLE,0.08,nan,0,0.05,20.0,0,unknown,unknown,nan,0,0.0,0,0.005059273000370013,1,0.0003839779965346679,3.167899922118522e-05,0.0005350400024326518,2.5619992811698467e-06,7.437996828230098e-06,1.400003384333104e-07,3.3628999517532066e-05,1.6310004866681993e-06,0.0011164299976371694,0.0038835700023628307,0.003941202001442434,0,0,0,200.0,0.0,0,0.0,1.0197723584129048,0.021500645261663974,1.7697723584129048,,,,,unknown,unknown,nan,,nan,,1.0,0.0,0.0,nan,nan,0.0,0,,3494923055,F04_M01_05,MDCEB22F,measured,approach,0.5,,0,0,1.0197723584129048,0.021500645261663974,1.7697723584129048,1.4697723584129048,0.36326776212190137,0.0,0.0,-0.3582399389583795,0.3582399389583795,1,0,0,0,ad4b715165e84dd399d377549dc111fb1309cda1260e23e9ee621d07fad63984,6ba3dffa4798388fb8057a608cfa40a0e24aeba9257d245b2d5103a1844d1115
4,4.668944187000307,1.4984803980005381,APPROACH,,KFB_TIMING,kfb_timing,0.0016513053312460224,-0.0005701087861915286,0.01432448320901198,1,-28.28571428571429,0,0.3107295350704474,-0.004925550759027736,0.41659675792061024,0.3057675945462378,-0.0010738459698494372,0.434559661418433,0.300059434715377,0.34043873708757955,-1.34931583106163,-0.3958340131808736,0.21928557527897913,0.17855178100501268,1.4235825968397602,200.0,13.0,1.2,0.5,0.3,3.0,IDLE,0.08,nan,0,0.05,20.0,0,unknown,unknown,nan,0,0.0,0,0.005160330998478457,1,0.0002968910011986736,1.5709996660007164e-05,0.0001877469985629432,8.759998308960348e-07,3.7610006984323263e-06,1.2500095181167126e-07,2.0535997464321554e-05,8.850001904647797e-07,0.0005740230008086655,0.004425976999191335,0.004580503999022767,0,0,0,200.0,0.0,0,0.0,1.0197723584129048,0.021500645261663974,1.7697723584129048,,,,,unknown,unknown,nan,,nan,,1.0,0.0,0.0,nan,nan,0.0,0,,3500544011,F04_M01_05,MDCEB22F,measured,approach,0.5,,0,0,1.0197723584129048,0.021500645261663974,1.7697723584129048,1.4697723584129048,0.4038102384268554,0.0,0.0,-0.374657915530815,0.374657915530815,1,0,0,0,ad4b715165e84dd399d377549dc111fb1309cda1260e23e9ee621d07fad63984,6ba3dffa4798388fb8057a608cfa40a0e24aeba9257d245b2d5103a1844d1115
4,4.674035866999475,1.5035720779997064,APPROACH,,KFB_TIMING,kfb_timing,0.0016488200172329326,-0.0005641657323393117,0.014289023669757506,1,-28.28571428571429,0,0.3107369910124867,-0.004943379920584387,0.4164903793028468,0.3057582052541052,-0.001073749560496393,0.4345255183539142,0.35014972466055927,0.3422576103813094,-1.3914368509611248,-0.39661131301725505,0.2671510183400226,0.17929116204342704,1.4750734258864544,200.0,13.0,1.2,0.5,0.3,3.0,IDLE,0.08,nan,0,0.05,20.0,0,unknown,unknown,nan,0,0.0,0,0.005091679999168264,1,0.0005345760000636801,2.169900108128786e-05,0.0003585900012694765,1.7420024960301816e-06,5.8200021157972515e-06,1.5999830793589354e-07,3.5393997677601874e-05,1.5410005289595574e-06,0.0010495130009076092,0.003950486999092391,0.004038840997964144,0,0,0,200.0,0.0,0,0.0,1.0197723584129048,0.021500645261663974,1.7697723584129048,,,,,unknown,unknown,nan,,nan,,1.0,0.0,0.0,nan,nan,0.0,0,,3505184671,F04_M01_05,MDCEB22F,measured,approach,0.5,,0,0,1.0197723584129048,0.021500645261663974,1.7697723584129048,1.4697723584129048,0.4553010674735496,0.0,0.0,-0.3957184254805624,0.3957184254805624,1,0,0,0,ad4b715165e84dd399d377549dc111fb1309cda1260e23e9ee621d07fad63984,6ba3dffa4798388fb8057a608cfa40a0e24aeba9257d245b2d5103a1844d1115
4,4.679181897001399,1.5087181080016308,APPROACH,,KFB_TIMING,kfb_timing,0.001646324964519691,-0.000558224038571557,0.01425356324317196,1,-28.28571428571429,0,0.3107444761706264,-0.004961205001887651,0.4163839980230902,0.30575206177401687,-0.0010739823062216871,0.4344934943847644,0.4218442498697742,0.34244732815352413,-1.4299410419933238,-0.3962363601595741,0.32785906432927225,0.1794319961382804,1.5296908600382735,200.0,13.0,1.2,0.5,0.3,3.0,IDLE,0.08,nan,0,0.05,20.0,0,unknown,unknown,nan,0,0.0,0,0.005146030001924373,1,0.00030046199753996916,1.9209001038689166e-05,0.00016845299978740513,1.1560005077626556e-06,5.058998794993386e-06,1.6600097296759486e-07,5.150500146555714e-05,1.505002728663385e-06,0.000615029002801748,0.004384970997198252,0.004526763001194922,0,0,0,200.0,0.0,0,0.0,1.0197723584129048,0.021500645261663974,1.7697723584129048,,,,,unknown,unknown,nan,,nan,,1.0,0.0,0.0,nan,nan,0.0,0,,3510455899,F04_M01_05,MDCEB22F,measured,approach,0.5,,0,0,1.0197723584129048,0.021500645261663974,1.7697723584129048,1.4697723584129048,0.5099185016253687,0.0,0.0,-0.41497052099666193,0.41497052099666193,1,0,0,0,ad4b715165e84dd399d377549dc111fb1309cda1260e23e9ee621d07fad63984,6ba3dffa4798388fb8057a608cfa40a0e24aeba9257d245b2d5103a1844d1115
4,4.68426665700099,1.5138028680012212,APPROACH,,KFB_TIMING,kfb_timing,0.0016410122397181037,-0.0005581424102694031,0.014214620445412,1,-28.28571428571429,0,0.31076041434503116,-0.0049614498867941136,0.4162671696298103,0.305745340193758,-0.0010734480879560412,0.4344633643466491,0.47280783302009566,0.3445017295702108,-1.483814393146403,-0.39697670112815564,0.3800176209076137,0.1798083022723565,1.594971423552928,200.0,13.0,1.2,0.5,0.3,3.0,IDLE,0.08,nan,0,0.05,20.0,0,unknown,unknown,nan,0,0.0,0,0.00508475999959046,1,0.00044876199899590574,2.0217001292621717e-05,0.00012401200001477264,1.5570003597531468e-06,5.761001375503838e-06,1.4599936548620462e-07,3.2343999919248745e-05,1.4509969332721084e-06,0.0007207310009107459,0.004279268999089254,0.004362326002592454,0,0,0,200.0,0.0,0,0.0,1.0197723584129048,0.021500645261663974,1.7697723584129048,,,,,unknown,unknown,nan,,nan,,1.0,0.0,0.0,nan,nan,0.0,0,,3515427898,F04_M01_05,MDCEB22F,measured,approach,0.5,,0,0,1.0197723584129048,0.021500645261663974,1.7697723584129048,1.4697723584129048,0.5751990651400232,0.0,0.0,-0.4419071965732015,0.4419071965732015,1,0,0,0,ad4b715165e84dd399d377549dc111fb1309cda1260e23e9ee621d07fad63984,6ba3dffa4798388fb8057a608cfa40a0e24aeba9257d245b2d5103a1844d1115
4,4.689358581999841,1.5188947930000722,APPROACH,,KFB_TIMING,kfb_timing,0.0016329266446701851,-0.0005521700458517677,0.014172185323328224,1,-28.28571428571429,0,0.31078467113017494,-0.00497936698004702,0.416139864263559,0.3057387675328858,-0.0010725595854279481,0.4344316488461454,0.5054644830545639,0.3493442767942468,-1.5393951706863411,-0.3994282882797334,0.42127588941106286,0.1808575891613964,1.657490047901025,200.0,13.0,1.2,0.5,0.3,3.0,IDLE,0.08,nan,0,0.05,20.0,0,unknown,unknown,nan,0,0.0,0,0.005091924998851027,1,0.0003078199988522101,1.3635999493999407e-05,0.00019581000015023164,8.120005077216774e-07,3.6849996831733733e-06,1.3500175555236638e-07,2.10899997910019e-05,9.309987945016474e-07,0.0005966469980194233,0.004403353001980577,0.004484766999667045,0,0,0,200.0,0.0,0,0.0,1.0197723584129048,0.021500645261663974,1.7697723584129048,,,,,unknown,unknown,nan,,nan,,1.0,0.0,0.0,nan,nan,0.0,0,,3520689545,F04_M01_05,MDCEB22F,measured,approach,0.5,,0,0,1.0197723584129048,0.021500645261663974,1.7697723584129048,1.4697723584129048,0.6377176894881202,0.0,0.0,-0.4696975853431706,0.4696975853431706,1,0,0,0,ad4b715165e84dd399d377549dc111fb1309cda1260e23e9ee621d07fad63984,6ba3dffa4798388fb8057a608cfa40a0e24aeba9257d245b2d5103a1844d1115
4,4.694455100001505,1.523991311001737,APPROACH,,KFB_TIMING,kfb_timing,0.0016220169414096486,-0.0005520563782978033,0.01412627189849372,1,-28.28571428571429,0,0.3108174002399565,-0.004979707982708913,0.41600212398905545,0.3057298271204073,-0.001073445556693856,0.43439523848478256,0.49107819922766616,0.3530515351705209,-1.5531401951828334,-0.4012226548968188,0.42083350614206827,0.18134650133748698,1.666747626407645,200.0,13.0,1.2,0.5,0.3,3.0,IDLE,0.08,nan,0,0.05,20.0,0,unknown,unknown,nan,0,0.0,0,0.005096518001664663,1,0.0003097849985351786,5.267300002742559e-05,0.00025813399770413525,2.697001036722213e-06,6.963000487303361e-06,1.5200203051790595e-07,4.186799924355e-05,5.0720009312499315e-06,0.0007902659999672323,0.004209734000032768,0.0042967589979525656,0,0,0,200.0,0.0,0,0.0,1.0197723584129048,0.021500645261663974,1.7697723584129048,,,,,unknown,unknown,nan,,nan,,1.0,0.0,0.0,nan,nan,0.0,0,,3525988534,F04_M01_05,MDCEB22F,measured,approach,0.5,,0,0,1.0197723584129048,0.021500645261663974,1.7697723584129048,1.4697723584129048,0.6469752679947403,0.0,0.0,-0.4765700975914167,0.4765700975914167,1,0,0,0,ad4b715165e84dd399d377549dc111fb1309cda1260e23e9ee621d07fad63984,6ba3dffa4798388fb8057a608cfa40a0e24aeba9257d245b2d5103a1844d1115
4,4.699562932000845,1.5290991430010763,APPROACH,,KFB_TIMING,kfb_timing,0.0016110910682380075,-0.0005519427024541729,0.014080361669778304,1,-28.28571428571429,0,0.31085017785947144,-0.004980049010239805,0.4158643933029092,0.3057242433520798,-0.0010729453846049213,0.4343673409255158,0.5005471664455973,0.3593515315148844,-1.560993230633978,-0.40464443698848795,0.43403743948249385,0.18330959855099213,1.6782076317082797,200.0,13.0,1.2,0.5,0.3,3.0,IDLE,0.08,nan,0,0.05,20.0,0,unknown,unknown,nan,0,0.0,0,0.005107831999339396,1,0.0004567809992295224,4.2791998566826805e-05,0.00029000499853282236,3.121000190731138e-06,1.0391002433607355e-05,1.6400008462369442e-07,5.2588002290576696e-05,2.353001036681235e-06,0.001000534997729119,0.003999465002270881,0.004093054001714336,0,0,0,200.0,0.0,0,0.0,1.0197723584129048,0.021500645261663974,1.7697723584129048,,,,,unknown,unknown,nan,,nan,,1.0,0.0,0.0,nan,nan,0.0,0,,3530957587,F04_M01_05,MDCEB22F,measured,approach,0.5,,0,0,1.0197723584129048,0.021500645261663974,1.7697723584129048,1.4697723584129048,0.6584352732953749,0.0,0.0,-0.480496615316989,0.480496615316989,1,0,0,0,ad4b715165e84dd399d377549dc111fb1309cda1260e23e9ee621d07fad63984,6ba3dffa4798388fb8057a608cfa40a0e24aeba9257d245b2d5103a1844d1115
4,4.7046567590005,1.5341929700007313,APPROACH,,KFB_TIMING,kfb_timing,0.0015973360980333917,-0.0005576828846807233,0.014030976516053147,1,-28.28571428571429,0,0.31089092519450606,-0.004963044456622779,0.4157180961190811,0.3057194369286497,-0.0010723248023596556,0.4343455675133654,0.5303853546702231,0.36195554662128937,-1.5744044372133923,-0.4057382232008857,0.46169276692035655,0.18474076261189953,1.700314610328275,200.0,13.0,1.2,0.5,0.3,3.0,IDLE,0.08,nan,0,0.05,20.0,0,unknown,unknown,nan,0,0.0,0,0.005093826999654993,1,0.0003686579984787386,3.648900019470602e-05,0.000285707999864826,2.745000529102981e-06,6.8929984990973026e-06,1.3699900591745973e-07,4.085700129508041e-05,1.600998075446114e-06,0.0008492429988109507,0.0041507570011890494,0.004238998997607268,0,0,0,200.0,0.0,0,0.0,1.0197723584129048,0.021500645261663974,1.7697723584129048,,,,,unknown,unknown,nan,,nan,,1.0,0.0,0.0,nan,nan,0.0,0,,3535973528,F04_M01_05,MDCEB22F,measured,approach,0.5,,0,0,1.0197723584129048,0.021500645261663974,1.7697723584129048,1.4697723584129048,0.6805422519153701,0.0,0.0,-0.48720221860669616,0.48720221860669616,1,0,1,0,ad4b715165e84dd399d377549dc111fb1309cda1260e23e9ee621d07fad63984,6ba3dffa4798388fb8057a608cfa40a0e24aeba9257d245b2d5103a1844d1115
4,4.709718054000405,1.5392542650006362,APPROACH,,KFB_TIMING,kfb_timing,0.001587347055592131,-0.0005634263645973577,0.01397558419390812,1,-28.28571428571429,0,0.3109177328382755,-0.004947630650493957,0.4155694394637151,0.3057123696601288,-0.0010728898744588261,0.4343110666148456,0.4898566120181465,0.36625596832094376,-1.557806163906991,-0.40810318279109936,0.4357554511503289,0.18643829024107184,1.6735778974924422,200.0,13.0,1.2,0.5,0.3,3.0,IDLE,0.08,nan,0,0.05,20.0,0,unknown,unknown,nan,0,0.0,0,0.005061294999904931,1,0.0002130679968104232,3.573499998310581e-05,0.0003564530015864875,2.4820001272019e-06,6.876998668303713e-06,1.5500336303375661e-07,4.120299854548648e-05,1.971999154193327e-06,0.0007724600000074133,0.004227539999992587,0.004285728002287215,0,0,0,200.0,0.0,0,0.0,1.0197723584129048,0.021500645261663974,1.7697723584129048,,,,,unknown,unknown,nan,,nan,,1.0,0.0,0.0,nan,nan,0.0,0,,3540942888,F04_M01_05,MDCEB22F,measured,approach,0.5,,0,0,1.0197723584129048,0.021500645261663974,1.7697723584129048,1.4697723584129048,0.6538055390795374,0.0,0.0,-0.47890308195349546,0.47890308195349546,1,0,1,0,ad4b715165e84dd399d377549dc111fb1309cda1260e23e9ee621d07fad63984,6ba3dffa4798388fb8057a608cfa40a0e24aeba9257d245b2d5103a1844d1115
4,4.714777234999929,1.5443134460001602,APPROACH,,KFB_TIMING,kfb_timing,0.0015707352666806673,-0.0005750115061594341,0.01392273209141699,1,-28.28571428571429,0,0.31096227842807456,-0.004916564341709343,0.4154277131216495,0.3057096550288913,-0.0010704147605398538,0.4342900836250865,0.46217082830435285,0.3681658191483127,-1.5218309829324632,-0.40907680313346306,0.41218955495833554,0.1877137337223519,1.6325187550340323,200.0,13.0,1.2,0.5,0.3,3.0,IDLE,0.08,nan,0,0.05,20.0,0,unknown,unknown,nan,0,0.0,0,0.00505918099952396,1,0.00035366600059205666,1.6268000763375312e-05,0.00019156599955749698,3.62699938705191e-06,5.951002094661817e-06,1.1500014807097614e-07,4.327199712861329e-05,1.6399972082581371e-06,0.0006819869995524641,0.004318013000447536,0.004375194999738596,0,0,0,200.0,0.0,0,0.0,1.0197723584129048,0.021500645261663974,1.7697723584129048,,,,,unknown,unknown,nan,,nan,,1.0,0.0,0.0,nan,nan,0.0,0,,3545932987,F04_M01_05,MDCEB22F,measured,approach,0.5,,0,0,1.0197723584129048,0.021500645261663974,1.7697723584129048,1.4697723584129048,0.6127463966211275,0.0,0.0,-0.4609154914662316,0.4609154914662316,1,0,1,0,ad4b715165e84dd399d377549dc111fb1309cda1260e23e9ee621d07fad63984,6ba3dffa4798388fb8057a608cfa40a0e24aeba9257d245b2d5103a1844d1115
4,4.719835464999051,1.5493716759992822,APPROACH,,KFB_TIMING,kfb_timing,0.0015606996507614157,-0.0005807481130709222,0.013867347099525296,1,-28.28571428571429,0,0.3109891945762839,-0.004901178403956174,0.4152791671168677,0.3057035641111551,-0.0010692829127312582,0.43426393700288857,0.4967718975363435,0.3640706239281912,-1.5107309373349411,-0.4060418623556597,0.4354702219490758,0.18785091821313446,1.6314526356625347,200.0,13.0,1.2,0.5,0.3,3.0,IDLE,0.08,nan,0,0.05,20.0,0,unknown,unknown,nan,0,0.0,0,0.005058229999121977,1,0.0003067090001422912,1.7348000255879015e-05,0.00018365299911238253,1.0299991117790341e-06,4.281999281374738e-06,1.3800308806821704e-07,2.4297001800732687e-05,1.028998667607084e-06,0.0005944730000919662,0.004405526999908034,0.004461253000044962,0,0,0,200.0,0.0,0,0.0,1.0197723584129048,0.021500645261663974,1.7697723584129048,,,,,unknown,unknown,nan,,nan,,1.0,0.0,0.0,nan,nan,0.0,0,,3550947247,F04_M01_05,MDCEB22F,measured,approach,0.5,,0,0,1.0197723584129048,0.021500645261663974,1.7697723584129048,1.4697723584129048,0.6116802772496299,0.0,0.0,-0.4553654686674706,0.4553654686674706,1,0,1,0,ad4b715165e84dd399d377549dc111fb1309cda1260e23e9ee621d07fad63984,6ba3dffa4798388fb8057a608cfa40a0e24aeba9257d245b2d5103a1844d1115
4,4.724907431002066,1.5544436420022976,APPROACH,,KFB_TIMING,kfb_timing,0.0015440424213266912,-0.0005923227840551787,0.013814507260449693,1,-28.28571428571429,0,0.31103397508428643,-0.0048700616057714185,0.4151371149919419,0.3056998970413828,-0.0010706118461315667,0.43424072083571125,0.5151880671985951,0.3649330986292341,-1.4946537882641624,-0.40619409307791904,0.4465331554344418,0.18905567848366295,1.6225242241123459,200.0,13.0,1.2,0.5,0.3,3.0,IDLE,0.08,nan,0,0.05,20.0,0,unknown,unknown,nan,0,0.0,0,0.005071966003015405,1,0.00023021599918138236,1.4002998796058819e-05,0.0002079820005747024,2.663000486791134e-06,4.482000804273412e-06,1.2300006346777081e-07,3.586100137908943e-05,1.258002157555893e-06,0.0005613940011244267,0.004438605998875573,0.004506940000283066,0,0,0,200.0,0.0,0,0.0,1.0197723584129048,0.021500645261663974,1.7697723584129048,,,,,unknown,unknown,nan,,nan,,1.0,0.0,0.0,nan,nan,0.0,0,,3555940049,F04_M01_05,MDCEB22F,measured,approach,0.5,,0,0,1.0197723584129048,0.021500645261663974,1.7697723584129048,1.4697723584129048,0.6027518656994411,0.0,0.0,-0.4473268941320812,0.4473268941320812,1,0,1,0,ad4b715165e84dd399d377549dc111fb1309cda1260e23e9ee621d07fad63984,6ba3dffa4798388fb8057a608cfa40a0e24aeba9257d245b2d5103a1844d1115
4,4.729969374002394,1.5595055850026256,APPROACH,,KFB_TIMING,kfb_timing,0.0015339084133715597,-0.0006097789476329174,0.013759142591478075,1,-28.28571428571429,0,0.3110600899903384,-0.004825077817138263,0.41499444260257795,0.30569710160244157,-0.0010717540189840342,0.4342171297690464,0.4762585889284626,0.3702403874417556,-1.4776805070372507,-0.4092846772070585,0.4201470496922631,0.19064061592179082,1.5960701328259412,200.0,13.0,1.2,0.5,0.3,3.0,IDLE,0.08,nan,0,0.05,20.0,0,unknown,unknown,nan,0,0.0,0,0.005061943000328029,1,0.00020390899953781627,2.714500078582205e-05,0.00013151900202501565,2.1030027710366994e-06,5.3299991122912616e-06,1.1899828677996993e-07,3.152499994030222e-05,3.736997314263135e-06,0.00048080299893626943,0.004519197001063731,0.00457742299840902,0,0,0,200.0,0.0,0,0.0,1.0197723584129048,0.021500645261663974,1.7697723584129048,,,,,unknown,unknown,nan,,nan,,1.0,0.0,0.0,nan,nan,0.0,0,,3561445646,F04_M01_05,MDCEB22F,measured,approach,0.5,,0,0,1.0197723584129048,0.021500645261663974,1.7697723584129048,1.4697723584129048,0.5762977744130364,0.0,0.0,-0.4388402535186254,0.4388402535186254,1,0,1,0,ad4b715165e84dd399d377549dc111fb1309cda1260e23e9ee621d07fad63984,6ba3dffa4798388fb8057a608cfa40a0e24aeba9257d245b2d5103a1844d1115
4,4.735027197002637,1.5645634080028685,APPROACH,,KFB_TIMING,kfb_timing,0.001523748833156674,-0.0006272271548635691,0.013703780869659215,1,-28.28571428571429,0,0.31108624980649896,-0.0047801505776430275,0.4148518921787926,0.3056943930683252,-0.001072017033188084,0.43419595225969587,0.47931324144602194,0.3772391432788468,-1.5154532142837795,-0.4132436502644591,0.43617369507905557,0.19291072823328506,1.6336000120379193,200.0,13.0,1.2,0.5,0.3,3.0,IDLE,0.08,nan,0,0.05,20.0,0,unknown,unknown,nan,0,0.0,0,0.005057823000242934,1,0.00041053500171983615,2.9375001759035513e-05,0.0003704170012497343,1.3669996405951679e-06,4.39500217908062e-06,1.400003384333104e-07,5.8605000958777964e-05,1.1559968697838485e-06,0.0009494529986113776,0.0040505470013886226,0.004106614996999269,0,0,0,200.0,0.0,0,0.0,1.0197723584129048,0.021500645261663974,1.7697723584129048,,,,,unknown,unknown,nan,,nan,,1.0,0.0,0.0,nan,nan,0.0,0,,3566176333,F04_M01_05,MDCEB22F,measured,approach,0.5,,0,0,1.0197723584129048,0.021500645261663974,1.7697723584129048,1.4697723584129048,0.6138276536250145,0.0,0.0,-0.4577266071418898,0.4577266071418898,1,0,1,0,ad4b715165e84dd399d377549dc111fb1309cda1260e23e9ee621d07fad63984,6ba3dffa4798388fb8057a608cfa40a0e24aeba9257d245b2d5103a1844d1115
4,4.740085465000448,1.5696216760006791,APPROACH,,KFB_TIMING,kfb_timing,0.0015097932584645368,-0.0006446604555385599,0.013654442884463299,1,-28.28571428571429,0,0.3111253537980693,-0.004731301880425104,0.41471364547811845,0.3056921458706988,-0.00107053589091288,0.43417448335600667,0.4743691779801512,0.3828378684884078,-1.513409057118233,-0.4165982407448157,0.4349683969699008,0.19428454465931283,1.631563031186295,200.0,13.0,1.2,0.5,0.3,3.0,IDLE,0.08,nan,0,0.05,20.0,0,unknown,unknown,nan,0,0.0,0,0.005058267997810617,1,0.0003027319980901666,1.1725998774636537e-05,0.00019470799816190265,8.889983291737735e-07,3.7329991755541414e-06,1.1999873095192015e-07,2.8171998565085232e-05,8.470015018247068e-07,0.0005914239991398063,0.004408576000860194,0.004464631001610542,0,0,0,200.0,0.0,0,0.0,1.0197723584129048,0.021500645261663974,1.7697723584129048,,,,,unknown,unknown,nan,,nan,,1.0,0.0,0.0,nan,nan,0.0,0,,3571185503,F04_M01_05,MDCEB22F,measured,approach,0.5,,0,0,1.0197723584129048,0.021500645261663974,1.7697723584129048,1.4697723584129048,0.6117906727733902,0.0,0.0,-0.45670452855911653,0.45670452855911653,1,0,1,0,ad4b715165e84dd399d377549dc111fb1309cda1260e23e9ee621d07fad63984,6ba3dffa4798388fb8057a608cfa40a0e24aeba9257d245b2d5103a1844d1115
4,4.745156679000502,1.5746928900007333,APPROACH,,KFB_TIMING,kfb_timing,0.001499585001697168,-0.0006620925588929446,0.013599088677501725,1,-28.28571428571429,0,0.3111517100698469,-0.004686294660864294,0.41457072876315376,0.3056900678307588,-0.001070760214420984,0.4341489040858125,0.5004614661191398,0.3827003252449741,-1.4783337976441424,-0.4162778974631265,0.44379551899150527,0.19410265118154302,1.6069822759662535,200.0,13.0,1.2,0.5,0.3,3.0,IDLE,0.08,nan,0,0.05,20.0,0,unknown,unknown,nan,0,0.0,0,0.0050712140000541694,1,0.0002578149978944566,1.546099883853458e-05,0.0001728710012685042,1.4799989003222436e-06,3.989000106230378e-06,1.2400050763972104e-07,4.130299930693582e-05,9.62998456088826e-07,0.0005549689994950313,0.004445031000504969,0.004511290997470496,0,0,0,200.0,0.0,0,0.0,1.0197723584129048,0.021500645261663974,1.7697723584129048,,,,,unknown,unknown,nan,,nan,,1.0,0.0,0.0,nan,nan,0.0,0,,3576590559,F04_M01_05,MDCEB22F,measured,approach,0.5,,0,0,1.0197723584129048,0.021500645261663974,1.7697723584129048,1.4697723584129048,0.5872099175533487,0.0,0.0,-0.4391668988220712,0.4391668988220712,1,0,1,0,ad4b715165e84dd399d377549dc111fb1309cda1260e23e9ee621d07fad63984,6ba3dffa4798388fb8057a608cfa40a0e24aeba9257d245b2d5103a1844d1115
4,4.750265349000983,1.579801560001215,APPROACH,,KFB_TIMING,kfb_timing,0.0014865194606671073,-0.0006853540763868696,0.013540269641911528,1,-28.28571428571429,0,0.31118271359903993,-0.004631096859637472,0.4144311556920629,0.30568988193112034,-0.0010708672770143703,0.43412739529485134,0.4973618100215481,0.3843300458702824,-1.463906794098516,-0.41691049672234837,0.43959738943140403,0.19421733012961856,1.593142007491598,200.0,13.0,1.2,0.5,0.3,3.0,IDLE,0.08,nan,0,0.05,20.0,0,unknown,unknown,nan,0,0.0,0,0.005108670000481652,1,0.0002213199986726977,3.7691999750677496e-05,0.0004127259999222588,2.3649990907870233e-06,1.1816999176517129e-05,3.3199830795638263e-07,6.245999975362793e-05,2.9389993869699538e-06,0.0009114470012718812,0.004088552998728119,0.004193322998617077,0,0,0,200.0,0.0,0,0.0,1.0197723584129048,0.021500645261663974,1.7697723584129048,,,,,unknown,unknown,nan,,nan,,1.0,0.0,0.0,nan,nan,0.0,0,,3581444172,F04_M01_05,MDCEB22F,measured,approach,0.5,,0,0,1.0197723584129048,0.021500645261663974,1.7697723584129048,1.4697723584129048,0.5733696490786933,0.0,0.0,-0.431953397049258,0.431953397049258,1,0,1,0,ad4b715165e84dd399d377549dc111fb1309cda1260e23e9ee621d07fad63984,6ba3dffa4798388fb8057a608cfa40a0e24aeba9257d245b2d5103a1844d1115
4,4.755324282999936,1.5848604940001678,APPROACH,,KFB_TIMING,kfb_timing,0.0014762578753280409,-0.0007027684042605003,0.013484922615870204,1,-28.28571428571429,0,0.3112091446305588,-0.004586242323647253,0.4142885969215185,0.3056907650634555,-0.0010702255005633756,0.4341074403170899,0.43645196612159187,0.38886204496194837,-1.4755260228039435,-0.4194740255910318,0.4056558314609836,0.19472404012984224,1.5870983122399869,200.0,13.0,1.2,0.5,0.3,3.0,IDLE,0.08,nan,0,0.05,20.0,0,unknown,unknown,nan,0,0.0,0,0.0050589339989528526,1,0.0003246199994464405,2.3197997506940737e-05,0.0001734469988150522,1.1689990060403943e-06,4.716999683296308e-06,1.2300006346777081e-07,3.878599818563089e-05,1.2550008250400424e-06,0.0006321469991235062,0.004367853000876494,0.004424636998010101,0,0,0,200.0,0.0,0,0.0,1.0197723584129048,0.021500645261663974,1.7697723584129048,,,,,unknown,unknown,nan,,nan,,1.0,0.0,0.0,nan,nan,0.0,0,,3586444308,F04_M01_05,MDCEB22F,measured,approach,0.5,,0,0,1.0197723584129048,0.021500645261663974,1.7697723584129048,1.4697723584129048,0.5673259538270821,0.0,0.0,-0.43776301140197177,0.43776301140197177,1,0,1,0,ad4b715165e84dd399d377549dc111fb1309cda1260e23e9ee621d07fad63984,6ba3dffa4798388fb8057a608cfa40a0e24aeba9257d245b2d5103a1844d1115
4,4.760435852000228,1.5899720630004595,APPROACH,,KFB_TIMING,kfb_timing,0.0014641196934527811,-0.0007201394798558703,0.013416605522325467,1,-28.28571428571429,0,0.31123516721853556,-0.004549001133197421,0.4141421344944966,0.3056903994010317,-0.0010710111697550808,0.4340841525785547,0.3734084897371118,0.3945552638920079,-1.4750008319469574,-0.42282617241933995,0.36662418772503763,0.1958977690578187,1.5718572488355484,200.0,13.0,1.2,0.5,0.3,3.0,IDLE,0.08,nan,0,0.05,20.0,0,unknown,unknown,nan,0,0.0,0,0.005111569000291638,1,0.00026483200053917244,2.8708996978821233e-05,0.00015337500008172356,1.2870004866272211e-06,5.526002496480942e-06,1.4200122677721083e-07,3.572099740267731e-05,1.6379999578930438e-06,0.0005707540003641043,0.004429245999635896,0.004534502000751672,0,0,0,200.0,0.0,0,0.0,1.0197723584129048,0.021500645261663974,1.7697723584129048,,,,,unknown,unknown,nan,,nan,,1.0,0.0,0.0,nan,nan,0.0,0,,3592007478,F04_M01_05,MDCEB22F,measured,approach,0.5,,0,0,1.0197723584129048,0.021500645261663974,1.7697723584129048,1.4697723584129048,0.5520848904226436,0.0,0.0,-0.4375004159734787,0.4375004159734787,1,0,1,0,ad4b715165e84dd399d377549dc111fb1309cda1260e23e9ee621d07fad63984,6ba3dffa4798388fb8057a608cfa40a0e24aeba9257d245b2d5103a1844d1115
4,4.765500859000895,1.5950370700011263,APPROACH,,KFB_TIMING,kfb_timing,0.0014491043119078673,-0.0007433317511001713,0.01334482854389347,1,-28.28571428571429,0,0.3112648326115044,-0.004503180929545354,0.4140003270908732,0.3056915623582722,-0.0010715902533548153,0.43406389096038733,0.3674109753016251,0.39502791648033325,-1.4824116980471436,-0.42279455750950184,0.3661884544187656,0.19634522365350984,1.577524111409363,200.0,13.0,1.2,0.5,0.3,3.0,IDLE,0.08,nan,0,0.05,20.0,0,unknown,unknown,nan,0,0.0,0,0.00506500700066681,1,0.00044495699694380164,3.750399991986342e-05,0.0004162069999438245,1.7940001271199435e-06,5.603000317933038e-06,1.3499811757355928e-07,3.186400135746226e-05,4.202000127406791e-06,0.0010208280000369996,0.0039791719999630005,0.004039852999994764,0,0,0,200.0,0.0,0,0.0,1.0197723584129048,0.021500645261663974,1.7697723584129048,,,,,unknown,unknown,nan,,nan,,1.0,0.0,0.0,nan,nan,0.0,0,,3596694433,F04_M01_05,MDCEB22F,measured,approach,0.5,,0,0,1.0197723584129048,0.021500645261663974,1.7697723584129048,1.4697723584129048,0.5577517529964582,0.0,0.0,-0.4412058490235718,0.4412058490235718,1,0,1,0,ad4b715165e84dd399d377549dc111fb1309cda1260e23e9ee621d07fad63984,6ba3dffa4798388fb8057a608cfa40a0e24aeba9257d245b2d5103a1844d1115
4,4.770640726001147,1.600176937001379,APPROACH,,KFB_TIMING,kfb_timing,0.001436888170744749,-0.0007606812902252541,0.013276520586274081,1,-28.28571428571429,0,0.3112911675719982,-0.004465779640435775,0.41385307213193806,0.30569251098530564,-0.0010714727904872724,0.4340466041537006,0.4560853610279608,0.39376780742462114,-1.5140198460073515,-0.42134453433507557,0.4330491008845653,0.19741482165136748,1.629516197161637,200.0,13.0,1.2,0.5,0.3,3.0,IDLE,0.08,nan,0,0.05,20.0,0,unknown,unknown,nan,0,0.0,0,0.005139867000252707,1,0.0003409710006962996,1.978399814106524e-05,0.00016574200344621204,1.5190016711130738e-06,4.8820002120919526e-06,1.3799945008940995e-07,2.9022998205618933e-05,1.1359989002812654e-06,0.000636958000541199,0.004363041999458801,0.004500402999838116,0,0,0,200.0,0.0,0,0.0,1.0197723584129048,0.021500645261663974,1.7697723584129048,,,,,unknown,unknown,nan,,nan,,1.0,0.0,0.0,nan,nan,0.0,0,,3601697102,F04_M01_05,MDCEB22F,measured,approach,0.5,,0,0,1.0197723584129048,0.021500645261663974,1.7697723584129048,1.4697723584129048,0.6097438387487322,0.0,0.0,-0.45700992300367577,0.45700992300367577,1,0,1,0,ad4b715165e84dd399d377549dc111fb1309cda1260e23e9ee621d07fad63984,6ba3dffa4798388fb8057a608cfa40a0e24aeba9257d245b2d5103a1844d1115
4,4.775700426002004,1.6052366370022355,APPROACH,,KFB_TIMING,kfb_timing,0.0014321355238347266,-0.0007780378703381841,0.013196149624038596,1,-28.28571428571429,0,0.3112999266843436,-0.004433791521389893,0.41370494871758495,0.30569576892000394,-0.0010674964557161768,0.4340209468475074,0.49757861724012714,0.39050900394781507,-1.5373034878049165,-0.418832893171445,0.46674728185632597,0.19732212449099001,1.6623428575706254,200.0,13.0,1.2,0.5,0.3,3.0,IDLE,0.08,nan,0,0.05,20.0,0,unknown,unknown,nan,0,0.0,0,0.005059700000856537,1,0.00021915500110480934,2.4548997316742316e-05,0.0001599909992364701,1.1970005289185792e-06,4.489000275498256e-06,1.7400088836438954e-07,2.459299867041409e-05,1.0440016922075301e-06,0.0004952800009050407,0.0045047199990949595,0.004561598001600942,0,0,0,200.0,0.0,0,0.0,1.0197723584129048,0.021500645261663974,1.7697723584129048,,,,,unknown,unknown,nan,,nan,,1.0,0.0,0.0,nan,nan,0.0,0,,3606939682,F04_M01_05,MDCEB22F,measured,approach,0.5,,0,0,1.0197723584129048,0.021500645261663974,1.7697723584129048,1.4697723584129048,0.6425704991577206,0.0,0.0,-0.4686517439024583,0.4686517439024583,1,0,1,0,ad4b715165e84dd399d377549dc111fb1309cda1260e23e9ee621d07fad63984,6ba3dffa4798388fb8057a608cfa40a0e24aeba9257d245b2d5103a1844d1115
4,4.780759789999138,1.6102960009993694,APPROACH,,KFB_TIMING,kfb_timing,0.0014273321896172697,-0.0007953854749624637,0.013115773122514905,1,-28.28571428571429,0,0.3113087779316476,-0.004401824572660091,0.4135568365396251,0.30569705898436267,-0.001068510331547614,0.4340013910666556,0.48356400626137513,0.38817306994346434,-1.5603087218634193,-0.41707652365276426,0.46440744809324114,0.1968181590952813,1.679010359677373,200.0,13.0,1.2,0.5,0.3,3.0,IDLE,0.08,nan,0,0.05,20.0,0,unknown,unknown,nan,0,0.0,0,0.005059363997133914,1,0.0003750690011656843,1.6130001313285902e-05,0.00019415100177866407,1.334003172814846e-06,4.399997123982757e-06,1.2999953469261527e-07,3.427999763516709e-05,1.134001649916172e-06,0.0006878120002511423,0.004312187999748858,0.004369017002318287,0,0,0,200.0,0.0,0,0.0,1.0197723584129048,0.021500645261663974,1.7697723584129048,,,,,unknown,unknown,nan,,nan,,1.0,0.0,0.0,nan,nan,0.0,0,,3611932549,F04_M01_05,MDCEB22F,measured,approach,0.5,,0,0,1.0197723584129048,0.021500645261663974,1.7697723584129048,1.4697723584129048,0.6592380012644683,0.0,0.0,-0.48015436093170966,0.48015436093170966,1,0,1,0,ad4b715165e84dd399d377549dc111fb1309cda1260e23e9ee621d07fad63984,6ba3dffa4798388fb8057a608cfa40a0e24aeba9257d245b2d5103a1844d1115
4,4.785817474999931,1.6153536860001623,APPROACH,,KFB_TIMING,kfb_timing,0.0014299643722211208,-0.0008127415568674769,0.013023311306664303,1,-28.28571428571429,0,0.31130453430508304,-0.004373842953861695,0.4134077688353645,0.30569897461009715,-0.0010688530331676108,0.4339791765793711,0.43817753702370377,0.3887441606096675,-1.5798879980173675,-0.417219630655576,0.44068965924420633,0.19672118993399199,1.6849829858605694,200.0,13.0,1.2,0.5,0.3,3.0,IDLE,0.08,nan,0,0.05,20.0,0,unknown,unknown,nan,0,0.0,0,0.005057685000792844,1,0.0003311990003567189,1.4109999028733e-05,0.00018527800057199784,1.0309995559509844e-06,3.834000381175429e-06,1.1399970389902592e-07,2.212999970652163e-05,8.800016075838357e-07,0.0006090970018703956,0.0043909029981296045,0.004446535000170115,0,0,0,200.0,0.0,0,0.0,1.0197723584129048,0.021500645261663974,1.7697723584129048,,,,,unknown,unknown,nan,,nan,,1.0,0.0,0.0,nan,nan,0.0,0,,3616936805,F04_M01_05,MDCEB22F,measured,approach,0.5,,0,0,1.0197723584129048,0.021500645261663974,1.7697723584129048,1.4697723584129048,0.6652106274476646,0.0,0.0,-0.48994399900868374,0.48994399900868374,1,0,1,0,ad4b715165e84dd399d377549dc111fb1309cda1260e23e9ee621d07fad63984,6ba3dffa4798388fb8057a608cfa40a0e24aeba9257d245b2d5103a1844d1115
4,4.790885706999688,1.62042191799992,APPROACH,,KFB_TIMING,kfb_timing,0.0014353853192754784,-0.0008242684184291281,0.012934287762756557,1,-28.28571428571429,0,0.31129536899432736,-0.004354354243274623,0.41325725483175874,0.30570118113397654,-0.0010689166955049206,0.43395593265455423,0.3878019898481506,0.38827985154487454,-1.5903629558161008,-0.41677365580444165,0.4111661734963243,0.19586856392661484,1.6823810381949804,200.0,13.0,1.2,0.5,0.3,3.0,IDLE,0.08,nan,0,0.05,20.0,0,unknown,unknown,nan,0,0.0,0,0.0050682319997577,1,0.0002837979991454631,1.3423999916994944e-05,0.00017713499983074144,1.2220007192809135e-06,3.947003278881311e-06,1.539992808829993e-07,2.3650001821806654e-05,8.940005500335246e-07,0.0005572139998548664,0.004442786000145134,0.004504143998929067,0,0,0,200.0,0.0,0,0.0,1.0197723584129048,0.021500645261663974,1.7697723584129048,,,,,unknown,unknown,nan,,nan,,1.0,0.0,0.0,nan,nan,0.0,0,,3621945611,F04_M01_05,MDCEB22F,measured,approach,0.5,,0,0,1.0197723584129048,0.021500645261663974,1.7697723584129048,1.4697723584129048,0.6626086797820756,0.0,0.0,-0.4951814779080504,0.4951814779080504,1,0,1,0,ad4b715165e84dd399d377549dc111fb1309cda1260e23e9ee621d07fad63984,6ba3dffa4798388fb8057a608cfa40a0e24aeba9257d245b2d5103a1844d1115
4,4.795944815999974,1.6254810270002054,APPROACH,,KFB_TIMING,kfb_timing,0.0014388385604352516,-0.0008357493406456784,0.012832266686463385,1,-28.28571428571429,0,0.311290266834506,-0.004337391193972447,0.4131065188094793,0.30570361268138907,-0.0010677261652231864,0.43393499881098896,0.38542032873143456,0.3874510000225725,-1.6188175629655817,-0.41585638323506524,0.4178850700445722,0.19513460954968384,1.7085775982915625,200.0,13.0,1.2,0.5,0.3,3.0,IDLE,0.08,nan,0,0.05,20.0,0,unknown,unknown,nan,0,0.0,0,0.005059109000285389,1,0.000250817000051029,2.5631001335568726e-05,0.00011801000073319301,1.8469982023816556e-06,5.395999323809519e-06,1.2000236893072724e-07,3.187200127285905e-05,1.1640004231594503e-06,0.000505486001202371,0.004494513998797629,0.004551944999548141,0,0,0,200.0,0.0,0,0.0,1.0197723584129048,0.021500645261663974,1.7697723584129048,,,,,unknown,unknown,nan,,nan,,1.0,0.0,0.0,nan,nan,0.0,0,,3626941263,F04_M01_05,MDCEB22F,measured,approach,0.5,,0,0,1.0197723584129048,0.021500645261663974,1.7697723584129048,1.4697723584129048,0.6888052398786577,0.0,0.0,-0.5094087814827908,0.5094087814827908,1,0,1,0,ad4b715165e84dd399d377549dc111fb1309cda1260e23e9ee621d07fad63984,6ba3dffa4798388fb8057a608cfa40a0e24aeba9257d245b2d5103a1844d1115
4,4.801003164000576,1.630539375000808,APPROACH,,KFB_TIMING,kfb_timing,0.0014487320204134568,-0.0008531017396368483,0.012727641818599358,1,-28.28571428571429,0,0.31127617169998567,-0.004312669367779227,0.4129574605841504,0.30570627396129907,-0.0010692411027097282,0.4339116176128505,0.43981719462987967,0.3840059417456897,-1.6544367687868584,-0.4131269221593451,0.46334677029338844,0.19416581959845408,1.7544402953369467,200.0,13.0,1.2,0.5,0.3,3.0,IDLE,0.08,nan,0,0.05,20.0,0,unknown,unknown,nan,0,0.0,0,0.005058348000602564,1,0.00016020900147850625,1.87639998330269e-05,0.00015984600031515583,1.6379999578930438e-06,4.541001544566825e-06,1.219996192958206e-07,2.7115998818771914e-05,3.735000063898042e-06,0.0004406059997563716,0.0045593940002436285,0.0046157159995345864,0,0,0,200.0,0.0,0,0.0,1.0197723584129048,0.021500645261663974,1.7697723584129048,,,,,unknown,unknown,nan,,nan,,1.0,0.0,0.0,nan,nan,0.0,0,,3632201836,F04_M01_05,MDCEB22F,measured,approach,0.5,,0,0,1.0197723584129048,0.021500645261663974,1.7697723584129048,1.4697723584129048,0.7346679369240419,0.0,0.0,-0.5272183843934293,0.5272183843934293,1,0,1,0,ad4b715165e84dd399d377549dc111fb1309cda1260e23e9ee621d07fad63984,6ba3dffa4798388fb8057a608cfa40a0e24aeba9257d245b2d5103a1844d1115
4,4.806086625001626,1.6356228360018576,APPROACH,contact_candidate,KFB_TIMING,kfb_timing,0.00145582595574123,-0.0008528954883907792,0.012619492896483375,1,-28.28571428571429,0,0.3112661898117601,-0.0043129595842514,0.41280528405555245,0.3057083116582265,-0.0010677550928253942,0.4338893286785873,0.5386232711598896,0.37885125868312963,-1.6849070552063585,-0.40908878475137533,0.5359050377955021,0.19344857186764386,1.8090204778069636,200.0,13.0,1.2,0.5,0.3,3.0,IDLE,0.08,nan,0,0.05,20.0,0,unknown,unknown,nan,0,0.0,0,0.005083461001049727,1,0.0003442659981374163,1.5224002709146589e-05,0.00017526300143799745,1.0319003195036203e-05,4.351997631601989e-06,1.1200245353393257e-07,4.232300125295296e-05,9.440009307581931e-07,0.0006547550001414493,0.004345244999858551,0.004423327998665627,0,0,0,200.0,0.0,0,0.0,1.0197723584129048,0.021500645261663974,1.7697723584129048,,,,,unknown,unknown,nan,,nan,,1.0,0.0,0.0,nan,nan,0.0,0,,3637184686,F04_M01_05,MDCEB22F,measured,approach,0.5,,1,0,1.0197723584129048,0.021500645261663974,1.7697723584129048,1.4697723584129048,0.7892481193940588,0.0,0.0,-0.5424535276031792,0.5424535276031792,1,0,1,0,ad4b715165e84dd399d377549dc111fb1309cda1260e23e9ee621d07fad63984,6ba3dffa4798388fb8057a608cfa40a0e24aeba9257d245b2d5103a1844d1115
4,4.8111892090018955,1.640725420002127,APPROACH,,KFB_TIMING,kfb_timing,0.0014591125514439862,-0.0008526799858774532,0.012517372960910008,1,-28.28571428571429,0,0.31126126577371127,-0.004313282454075134,0.4126522860923758,0.30571041904350293,-0.0010689074652577126,0.43387186340173656,0.6174328526464183,0.3743035727167772,-1.6955129040770647,-0.4054304477801901,0.5897583693057218,0.19296725388478975,1.8428484745001361,200.0,13.0,1.2,0.5,0.3,3.0,IDLE,0.08,nan,0,0.05,20.0,0,unknown,unknown,nan,0,0.0,0,0.005102584000269417,1,0.000248913998802891,1.5162000636337325e-05,0.0001833909991546534,1.014999725157395e-06,3.965000360039994e-06,1.2500095181167126e-07,3.4739998227451e-05,1.0825999197550118e-05,0.0005570350003836211,0.004442964999616379,0.004540654997981619,0,0,0,200.0,0.0,0,0.0,1.0197723584129048,0.021500645261663974,1.7697723584129048,,,,,unknown,unknown,nan,,nan,,1.0,0.0,0.0,nan,nan,0.0,0,,3642196443,F04_M01_05,MDCEB22F,measured,approach,0.5,,1,0,1.0197723584129048,0.021500645261663974,1.7697723584129048,1.4697723584129048,0.8230761160872313,0.008716426323209181,0.0,-0.5477564520385323,0.5478257997189333,1,0,1,0,ad4b715165e84dd399d377549dc111fb1309cda1260e23e9ee621d07fad63984,6ba3dffa4798388fb8057a608cfa40a0e24aeba9257d245b2d5103a1844d1115
4,4.816274925000471,1.6458111360007024,APPROACH,,KFB_TIMING,kfb_timing,0.001458347145223804,-0.0008640566150013051,0.012389283128168688,1,-28.28571428571429,0,0.31126217388011096,-0.0042997847982656845,0.4125003155520505,0.3057129462635551,-0.001067010624679796,0.43384147281304364,0.5898844497473817,0.3712423290784705,-1.6832945556769279,-0.4028875838498466,0.5683514803553319,0.19200546617875555,1.8218850381198493,200.0,13.0,1.2,0.5,0.3,3.0,IDLE,0.08,nan,0,0.05,20.0,0,unknown,unknown,nan,0,0.0,0,0.005085715998575324,1,0.0001455470010114368,1.294599860557355e-05,0.00019780400180025026,1.0879994079004973e-06,4.132998583372682e-06,1.2799864634871483e-07,3.5223998565925285e-05,9.840005077421665e-07,0.0004567119976854883,0.004543288002314512,0.004624440996849444,0,0,0,200.0,0.0,0,0.0,1.0197723584129048,0.021500645261663974,1.7697723584129048,,,,,unknown,unknown,nan,,nan,,1.0,0.0,0.0,nan,nan,0.0,0,,3647746552,F04_M01_05,MDCEB22F,measured,approach,0.5,,1,0,1.0197723584129048,0.021500645261663974,1.7697723584129048,1.4697723584129048,0.8021126797069444,0.0,0.0,-0.541647277838464,0.541647277838464,1,0,1,0,ad4b715165e84dd399d377549dc111fb1309cda1260e23e9ee621d07fad63984,6ba3dffa4798388fb8057a608cfa40a0e24aeba9257d245b2d5103a1844d1115
4,4.821384666000085,1.650920877000317,APPROACH,,KFB_TIMING,kfb_timing,0.001466007076874748,-0.0008696669496775269,0.012271525511230065,1,-28.28571428571429,0,0.3112522347381839,-0.0042925051102546035,0.4123475191928824,0.3057169272467651,-0.001068608435307863,0.43381540937209484,0.516141595928612,0.37028817398143654,-1.667695948853316,-0.4017215791842176,0.5160169417028667,0.19141652638604922,1.7845798543802973,200.0,13.0,1.2,0.5,0.3,3.0,IDLE,0.08,nan,0,0.05,20.0,0,unknown,unknown,nan,0,0.0,0,0.005109740999614587,1,0.00037086399970576167,3.611699867178686e-05,0.0003136020022793673,3.1620002118870616e-06,1.1438998626545072e-05,3.57002136297524e-07,6.24269996478688e-05,2.643999323481694e-06,0.0009488659998169169,0.004051134000183083,0.00415704799888772,0,0,0,200.0,0.0,0,0.0,1.0197723584129048,0.021500645261663974,1.7697723584129048,,,,,unknown,unknown,nan,,nan,,1.0,0.0,0.0,nan,nan,0.0,0,,3652456127,F04_M01_05,MDCEB22F,measured,approach,0.5,,1,0,1.0197723584129048,0.021500645261663974,1.7697723584129048,1.4697723584129048,0.7648074959673925,0.0,0.0,-0.533847974426658,0.533847974426658,1,0,1,0,ad4b715165e84dd399d377549dc111fb1309cda1260e23e9ee621d07fad63984,6ba3dffa4798388fb8057a608cfa40a0e24aeba9257d245b2d5103a1844d1115
4,4.826505632001499,1.6560418430017307,APPROACH,,KFB_TIMING,kfb_timing,0.0014780967597597672,-0.0008811013772888906,0.012138132114494372,1,-28.28571428571429,0,0.31123841815964093,-0.004279437383938791,0.41219507182427545,0.30572021170426716,-0.001069837169671961,0.43378580125878685,0.46730756829779063,0.3678885217270973,-1.6615195251561032,-0.39965699729653775,0.4822965691374004,0.19080428953041015,1.76475648753076,200.0,13.0,1.2,0.5,0.3,3.0,IDLE,0.08,nan,0,0.05,20.0,0,unknown,unknown,nan,0,0.0,0,0.005120966001413763,1,0.00022896000155014917,1.5366000297944993e-05,0.0001598290000401903,9.929972293321043e-07,4.386998625705019e-06,1.2899909052066505e-07,2.3289001546800137e-05,1.0879994079004973e-06,0.0005091170023661107,0.004490882997633889,0.004603277000569506,0,0,0,200.0,0.0,0,0.0,1.0197723584129048,0.021500645261663974,1.7697723584129048,,,,,unknown,unknown,nan,,nan,,1.0,0.0,0.0,nan,nan,0.0,0,,3658006768,F04_M01_05,MDCEB22F,measured,approach,0.5,,1,0,1.0197723584129048,0.021500645261663974,1.7697723584129048,1.4697723584129048,0.7449841291178552,0.0,0.0,-0.5307597625780516,0.5307597625780516,1,0,1,0,ad4b715165e84dd399d377549dc111fb1309cda1260e23e9ee621d07fad63984,6ba3dffa4798388fb8057a608cfa40a0e24aeba9257d245b2d5103a1844d1115
4,4.831627475999994,1.6611636870002258,APPROACH,,KFB_TIMING,kfb_timing,0.0014827319626641855,-0.0008808436804739013,0.012016826807525176,1,-28.28571428571429,0,0.31123255112368825,-0.004279763565232168,0.41204152890244145,0.30572333228389753,-0.0010679563861321264,0.43376741219235426,0.44377095243111986,0.36638027432716513,-1.6705470980726576,-0.3981202611445787,0.4693292052043155,0.19077117948502192,1.7668884431442324,200.0,13.0,1.2,0.5,0.3,3.0,IDLE,0.08,nan,0,0.05,20.0,0,unknown,unknown,nan,0,0.0,0,0.005121843998495024,1,0.00039062599898898043,3.0868999601807445e-05,0.0004033839977637399,2.6650013751350343e-06,5.362002411857247e-06,1.1300289770588279e-07,3.0590999813284725e-05,1.6020021575968713e-06,0.0009461169975111261,0.004053883002488874,0.0041718030006450135,0,0,0,200.0,0.0,0,0.0,1.0197723584129048,0.021500645261663974,1.7697723584129048,,,,,unknown,unknown,nan,,nan,,1.0,0.0,0.0,nan,nan,0.0,0,,3662695565,F04_M01_05,MDCEB22F,measured,approach,0.5,,1,0,1.0197723584129048,0.021500645261663974,1.7697723584129048,1.4697723584129048,0.7471160847313276,0.0,0.0,-0.5352735490363287,0.5352735490363287,1,0,1,0,ad4b715165e84dd399d377549dc111fb1309cda1260e23e9ee621d07fad63984,6ba3dffa4798388fb8057a608cfa40a0e24aeba9257d245b2d5103a1844d1115
4,4.836696140002459,1.6662323510026908,APPROACH,,KFB_TIMING,kfb_timing,0.001490876612863734,-0.0008922584161218572,0.011889419731642016,1,-28.28571428571429,0,0.3112228888561375,-0.004266221887302627,0.4118903816800471,0.3057246263146202,-0.0010689322741593895,0.4337353809922856,0.43010003549207954,0.36405323801154577,-1.6928024779325586,-0.39610310006944693,0.46658066810475474,0.19049227853257794,1.7841247237599702,200.0,13.0,1.2,0.5,0.3,3.0,IDLE,0.08,nan,0,0.05,20.0,0,unknown,unknown,nan,0,0.0,0,0.005068664002465084,1,0.00021889599884161726,2.296299862791784e-05,0.00012763300037477165,1.4600009308196604e-06,4.099998477613553e-06,1.3299722922965884e-07,2.3511001927545294e-05,4.260000423528254e-06,0.0005090920021757483,0.004490907997824252,0.004554889001155971,0,0,0,200.0,0.0,0,0.0,1.0197723584129048,0.021500645261663974,1.7697723584129048,,,,,unknown,unknown,nan,,nan,,1.0,0.0,0.0,nan,nan,0.0,0,,3668306988,F04_M01_05,MDCEB22F,measured,approach,0.5,,1,0,1.0197723584129048,0.021500645261663974,1.7697723584129048,1.4697723584129048,0.7643523653470654,0.0,0.0,-0.5464012389662793,0.5464012389662793,1,0,1,0,ad4b715165e84dd399d377549dc111fb1309cda1260e23e9ee621d07fad63984,6ba3dffa4798388fb8057a608cfa40a0e24aeba9257d245b2d5103a1844d1115
4,4.841764233002323,1.6713004440025543,APPROACH,,KFB_TIMING,kfb_timing,0.0014989005872899086,-0.0009036663168106517,0.011761968053389726,1,-28.28571428571429,0,0.3112133735038419,-0.004252693654503972,0.4117392411660286,0.3057270294450287,-0.0010691573889664652,0.4337119170679659,0.4750527367764724,0.363993299962854,-1.7078949501709846,-0.39539773772637743,0.4993223747460865,0.19129098021630594,1.8097158301667735,200.0,13.0,1.2,0.5,0.3,3.0,IDLE,0.08,nan,0,0.05,20.0,0,unknown,unknown,nan,0,0.0,0,0.005068092999863438,1,0.0004375300013634842,3.583799843909219e-05,0.0003542830017977394,3.117002052022144e-06,1.1354997695889324e-05,3.720015229191631e-07,6.192300133989193e-05,2.4840010155458003e-06,0.0010876489977817982,0.003912351002218202,0.003977860000304645,0,0,0,200.0,0.0,0,0.0,1.0197723584129048,0.021500645261663974,1.7697723584129048,,,,,unknown,unknown,nan,,nan,,1.0,0.0,0.0,nan,nan,0.0,0,,3672933818,F04_M01_05,MDCEB22F,measured,approach,0.5,,1,0,1.0197723584129048,0.021500645261663974,1.7697723584129048,1.4697723584129048,0.7899434717538687,0.0,0.0,-0.5539474750854922,0.5539474750854922,1,0,1,0,ad4b715165e84dd399d377549dc111fb1309cda1260e23e9ee621d07fad63984,6ba3dffa4798388fb8057a608cfa40a0e24aeba9257d245b2d5103a1844d1115
4,4.846822985000472,1.6763591960007034,APPROACH,,KFB_TIMING,kfb_timing,0.0015031207519334011,-0.0009150577379116027,0.011640568701457913,1,-28.28571428571429,0,0.3112081240500121,-0.0042385238900097995,0.41158823277020384,0.30572830129699713,-0.001066957990117543,0.43368549750031876,0.5214631523641148,0.36033411864252446,-1.6817008013424453,-0.3925695712297166,0.5208369416620455,0.1906453396914182,1.7971872694761744,200.0,13.0,1.2,0.5,0.3,3.0,IDLE,0.08,nan,0,0.05,20.0,0,unknown,unknown,nan,0,0.0,0,0.005058751998149091,1,0.00032096799986902624,1.2912001693621278e-05,0.00019011100084753707,1.1789998097810894e-06,3.779001417569816e-06,1.2799864634871483e-07,2.7099998987978324e-05,9.119976311922073e-07,0.0006105489992478397,0.00438945100075216,0.00444605499797035,0,0,0,200.0,0.0,0,0.0,1.0197723584129048,0.021500645261663974,1.7697723584129048,,,,,unknown,unknown,nan,,nan,,1.0,0.0,0.0,nan,nan,0.0,0,,3677934051,F04_M01_05,MDCEB22F,measured,approach,0.5,,1,0,1.0197723584129048,0.021500645261663974,1.7697723584129048,1.4697723584129048,0.7774149110632695,0.0,0.0,-0.5408504006712227,0.5408504006712227,1,0,1,0,ad4b715165e84dd399d377549dc111fb1309cda1260e23e9ee621d07fad63984,6ba3dffa4798388fb8057a608cfa40a0e24aeba9257d245b2d5103a1844d1115
4,4.8518821239995304,1.681418334999762,APPROACH,,KFB_TIMING,kfb_timing,0.0015100483726496472,-0.0009322966506072452,0.011522592118347004,1,-28.28571428571429,0,0.3111993203205201,-0.004216616408303666,0.4114383062706684,0.3057304785782385,-0.001069313224422149,0.4336574081209884,0.5539865586537007,0.360550769848157,-1.6710550330726193,-0.39227905627123927,0.5378353766044165,0.19060874844305617,1.7970316881915025,200.0,13.0,1.2,0.5,0.3,3.0,IDLE,0.08,nan,0,0.05,20.0,0,unknown,unknown,nan,0,0.0,0,0.005059138999058632,1,0.0002663289997144602,1.5338999219238758e-05,0.0001800379977794364,1.0410003596916795e-06,4.244000592734665e-06,1.4599936548620462e-07,2.275199949508533e-05,1.053002051776275e-06,0.000548193998838542,0.004451806001161458,0.004508171001361916,0,0,0,200.0,0.0,0,0.0,1.0197723584129048,0.021500645261663974,1.7697723584129048,,,,,unknown,unknown,nan,,nan,,1.0,0.0,0.0,nan,nan,0.0,0,,3682937215,F04_M01_05,MDCEB22F,measured,approach,0.5,,1,0,1.0197723584129048,0.021500645261663974,1.7697723584129048,1.4697723584129048,0.7772593297785977,0.0,0.0,-0.5355275165363096,0.5355275165363096,1,0,1,0,ad4b715165e84dd399d377549dc111fb1309cda1260e23e9ee621d07fad63984,6ba3dffa4798388fb8057a608cfa40a0e24aeba9257d245b2d5103a1844d1115
4,4.856950303001213,1.6864865140014444,APPROACH,contact_confirmed,KFB_TIMING,kfb_timing,0.0015287403276197653,-0.0009437121681532275,0.01137669442787472,1,-28.28571428571429,0,0.3111800565978732,-0.00420485170181744,0.4112879457199084,0.30573334576542077,-0.0010686895921720096,0.4336301839318269,0.5824249342584099,0.3633179480536217,-1.6822093497773758,-0.3937406441351097,0.5585483341537114,0.19087295652422887,1.8168783756493523,200.0,13.0,1.2,0.5,0.3,3.0,IDLE,0.08,nan,0,0.05,20.0,0,unknown,unknown,nan,0,0.0,0,0.005068179001682438,1,0.0002260530018247664,1.3074000889901072e-05,0.00017062900224118493,1.3450007827486843e-06,3.811001079156995e-06,1.1500014807097614e-07,2.240599860670045e-05,9.76997398538515e-07,0.0004917400001431815,0.004508259999856819,0.004569927998090861,0,0,0,200.0,0.0,0,0.0,1.0197723584129048,0.021500645261663974,1.7697723584129048,,,,,unknown,unknown,nan,,nan,,1.0,0.0,0.0,nan,nan,0.0,0,,3688453115,F04_M01_05,MDCEB22F,measured,hold_baseline,0.5,,1,1,1.0197723584129048,0.021500645261663974,1.7697723584129048,1.4697723584129048,0.7971060172364475,0.0,0.0,-0.5411046748886879,0.5411046748886879,1,0,1,0,ad4b715165e84dd399d377549dc111fb1309cda1260e23e9ee621d07fad63984,6ba3dffa4798388fb8057a608cfa40a0e24aeba9257d245b2d5103a1844d1115
4,4.862012900000991,1.6915491110012226,APPROACH,,KFB_TIMING,kfb_timing,0.0015428494947921645,-0.0009493062220819366,0.011246378324575576,1,-28.28571428571429,0,0.3111637233656316,-0.004198375842479107,0.4111370875470628,0.3057351295018095,-0.0010680623541470006,0.4336054244454248,0.6256333410888217,0.36465286600590674,-1.7023652844204147,-0.39438547963992254,0.5914277007816492,0.19068394693891932,1.8499827976951795,200.0,13.0,1.2,0.5,0.3,3.0,IDLE,0.08,nan,0,0.05,20.0,0,unknown,unknown,nan,0,0.0,0,0.0050625969997781795,1,0.00043385999742895365,2.6784997317008674e-05,0.0003279840020695701,2.0330007828306407e-06,5.617002898361534e-06,1.450025592930615e-07,4.8472000344190747e-05,1.2790005712304264e-06,0.000965560000622645,0.004034439999377355,0.004092695999133866,0,0,0,200.0,0.0,0,0.0,1.0197723584129048,0.021500645261663974,1.7697723584129048,,,,,unknown,unknown,nan,,nan,,1.0,0.0,0.0,nan,nan,0.0,0,,3693455649,F04_M01_05,MDCEB22F,measured,hold_baseline,0.5,,1,1,1.0197723584129048,0.021500645261663974,1.7697723584129048,1.4697723584129048,0.8302104392822747,0.01281667054441088,0.0,-0.5511826422102073,0.5513316353318295,1,0,1,0,ad4b715165e84dd399d377549dc111fb1309cda1260e23e9ee621d07fad63984,6ba3dffa4798388fb8057a608cfa40a0e24aeba9257d245b2d5103a1844d1115
4,4.8670722040005785,1.69660841500081,APPROACH,,KFB_TIMING,kfb_timing,0.0015633216167314778,-0.0009607584249574463,0.011113336860362586,1,-28.28571428571429,0,0.31114072272236165,-0.004185509172684186,0.41098761406954326,0.3057363959200418,-0.0010679881448786106,0.43357925860659335,0.7273942632906758,0.3660114949879551,-1.7485742780514701,-0.3948862004625689,0.6694889589159012,0.1912783342608516,1.9288802022403368,200.0,13.0,1.2,0.5,0.3,3.0,IDLE,0.08,nan,0,0.05,20.0,0,unknown,unknown,nan,0,0.0,0,0.005059303999587428,1,0.00038618100006715395,2.608399881864898e-05,0.0003653369967651088,1.5240002539940178e-06,4.237997927702963e-06,1.1600059224292636e-07,5.941099880146794e-05,1.2370001059025526e-06,0.0009166489980998449,0.004083351001900155,0.004140560002269922,0,0,0,200.0,0.0,0,0.0,1.0197723584129048,0.021500645261663974,1.7697723584129048,,,,,unknown,unknown,nan,,nan,,1.0,0.0,0.0,nan,nan,0.0,0,,3698200755,F04_M01_05,MDCEB22F,measured,hold_baseline,0.5,,1,1,1.0197723584129048,0.021500645261663974,1.7697723584129048,1.4697723584129048,0.909107843827432,0.06369713164533791,0.0,-0.5742871390257351,0.5778088287921945,1,0,1,0,ad4b715165e84dd399d377549dc111fb1309cda1260e23e9ee621d07fad63984,6ba3dffa4798388fb8057a608cfa40a0e24aeba9257d245b2d5103a1844d1115
4,4.872161449999112,1.7016976609993435,APPROACH,,KFB_TIMING,kfb_timing,0.0015799257040652326,-0.000983838213741248,0.0109863698012246,1,-28.28571428571429,0,0.3111212389084931,-0.004158426545391853,0.4108386265041349,0.30573621481376745,-0.0010662527941563494,0.4335495884764726,0.8250955832217133,0.3679658662826472,-1.8211600764902587,-0.39573663256026587,0.7525143862738017,0.19234309707969088,2.0329303048562988,200.0,13.0,1.2,0.5,0.3,3.0,IDLE,0.08,nan,0,0.05,20.0,0,unknown,unknown,nan,0,0.0,0,0.005089245998533443,1,0.00028965599994990043,1.5008998161647469e-05,0.00016963000234682113,9.970026439987123e-07,4.365996574051678e-06,1.5800105757080019e-07,2.508300167392008e-05,4.003999492852017e-06,0.0005707429991161916,0.0044292570008838085,0.004510679002123652,0,0,0,200.0,0.0,0,0.0,1.0197723584129048,0.021500645261663974,1.7697723584129048,,,,,unknown,unknown,nan,,nan,,1.0,0.0,0.0,nan,nan,0.0,0,,3703460196,F04_M01_05,MDCEB22F,measured,hold_baseline,0.5,,1,1,1.0197723584129048,0.021500645261663974,1.7697723584129048,1.4697723584129048,1.013157946443394,0.11254779161085665,0.0,-0.6105800382451294,0.6208663209579857,1,0,1,0,ad4b715165e84dd399d377549dc111fb1309cda1260e23e9ee621d07fad63984,6ba3dffa4798388fb8057a608cfa40a0e24aeba9257d245b2d5103a1844d1115
4,4.877281487999426,1.7068176989996573,APPROACH,,KFB_TIMING,kfb_timing,0.0016094566546643319,-0.0010069890211486625,0.010853957525198752,1,-28.28571428571429,0,0.3110882802241986,-0.0041325885639851186,0.4106908447932956,0.3057351745063815,-0.001069544644315341,0.43351696456930927,0.8557787074422921,0.3693155523976296,-1.8583608286307727,-0.39657945485154755,0.7820732878879306,0.19286612333595637,2.079003641830292,200.0,13.0,1.2,0.5,0.3,3.0,IDLE,0.08,nan,0,0.05,20.0,0,unknown,unknown,nan,0,0.0,0,0.005120038000313798,1,0.00022467099915957078,2.881299951695837e-05,0.0003663950010377448,2.3789980332367122e-06,6.2870021793060005e-06,1.1899828677996993e-07,6.520600072690286e-05,1.706001057755202e-06,0.0007787590002408251,0.004221240999759175,0.004337595000833971,0,0,0,200.0,0.0,0,0.0,1.0197723584129048,0.021500645261663974,1.7697723584129048,,,,,unknown,unknown,nan,,nan,,1.0,0.0,0.0,nan,nan,0.0,0,,3708460946,F04_M01_05,MDCEB22F,measured,hold_baseline,0.5,,1,1,1.0197723584129048,0.021500645261663974,1.7697723584129048,1.4697723584129048,1.0592312834173874,0.12788935372114607,0.0,-0.6291804143153863,0.6420464784992544,1,0,1,0,ad4b715165e84dd399d377549dc111fb1309cda1260e23e9ee621d07fad63984,6ba3dffa4798388fb8057a608cfa40a0e24aeba9257d245b2d5103a1844d1115
4,4.882389605001663,1.7119258160018944,APPROACH,,KFB_TIMING,kfb_timing,0.0016446142292373678,-0.0010301949250855881,0.010728330724288936,1,-28.28571428571429,0,0.3110476190400766,-0.004105749979578907,0.410545552219946,0.3057345565100106,-0.0010665480927830777,0.433484849349404,0.8697464669259103,0.3702286166015083,-1.8711304249932599,-0.39722264521785244,0.7935915957886641,0.19347018031803845,2.0963437725278333,200.0,13.0,1.2,0.5,0.3,3.0,IDLE,0.08,nan,0,0.05,20.0,0,unknown,unknown,nan,0,0.0,0,0.0051081170022371225,1,0.0003260589983256068,4.147100116824731e-05,0.00013137700079823844,1.8529972294345498e-06,5.466998118208721e-06,1.500011421740055e-07,4.6094002755125985e-05,1.3289973139762878e-06,0.0006398950026778039,0.004360104997322196,0.004458053997950628,0,0,0,200.0,0.0,0,0.0,1.0197723584129048,0.021500645261663974,1.7697723584129048,,,,,unknown,unknown,nan,,nan,,1.0,0.0,0.0,nan,nan,0.0,0,,3713462494,F04_M01_05,MDCEB22F,measured,hold_baseline,0.5,,1,1,1.0197723584129048,0.021500645261663974,1.7697723584129048,1.4697723584129048,1.0765714141149285,0.13487323346295516,0.0,-0.63556521249663,0.6497183454702808,1,0,1,0,ad4b715165e84dd399d377549dc111fb1309cda1260e23e9ee621d07fad63984,6ba3dffa4798388fb8057a608cfa40a0e24aeba9257d245b2d5103a1844d1115
4,4.887503521000326,1.7170397320005577,APPROACH,,KFB_TIMING,kfb_timing,0.0016824917556993446,-0.001059248349483582,0.010606057540501711,1,-28.28571428571429,0,0.3110033480113034,-0.004071792509077924,0.41040264004633653,0.3057331000429225,-0.0010678922514406018,0.43345404065548826,0.879865113029626,0.36926961975694506,-1.8981017780169178,-0.3965512193514641,0.8066738953579538,0.19360677705063642,2.1244559371549836,200.0,13.0,1.2,0.5,0.3,3.0,IDLE,0.08,nan,0,0.05,20.0,0,unknown,unknown,nan,0,0.0,0,0.005113915998663288,1,0.00023207999765872955,3.0069000786170363e-05,0.0001390329998685047,2.9279981390573084e-06,5.203000910114497e-06,1.129992597270757e-07,6.32070004940033e-05,1.1479969543870538e-06,0.0005496869998751208,0.004450313000124879,0.004560392000712454,0,0,0,200.0,0.0,0,0.0,1.0197723584129048,0.021500645261663974,1.7697723584129048,,,,,unknown,unknown,nan,,nan,,1.0,0.0,0.0,nan,nan,0.0,0,,3718680520,F04_M01_05,MDCEB22F,measured,hold_baseline,0.5,,1,1,1.0197723584129048,0.021500645261663974,1.7697723584129048,1.4697723584129048,1.1046835787420788,0.139932556514813,0.0,-0.649050889008459,0.6639639876495127,1,0,1,0,ad4b715165e84dd399d377549dc111fb1309cda1260e23e9ee621d07fad63984,6ba3dffa4798388fb8057a608cfa40a0e24aeba9257d245b2d5103a1844d1115
4,4.892570120002347,1.7221063310025784,APPROACH,,KFB_TIMING,kfb_timing,0.001712989402915699,-0.0010882761853767294,0.010495990408765447,1,-28.28571428571429,0,0.31096401183308336,-0.0040343521085796814,0.4102606743307707,0.3057305492308542,-0.0010664234426179192,0.43341684782373213,0.8664565185218219,0.37231961617449094,-1.9190162311115357,-0.39826893416132403,0.8031281113700965,0.19460299252328672,2.1382217121586806,200.0,13.0,1.2,0.5,0.3,3.0,IDLE,0.08,nan,0,0.05,20.0,0,unknown,unknown,nan,0,0.0,0,0.005066599002020666,1,0.0003543479979271069,1.982500180019997e-05,0.00013378999938140623,1.076998159987852e-06,4.595000064000487e-06,1.309999788645655e-07,2.6183999580098316e-05,1.229000190505758e-06,0.0006177130017022137,0.0043822869982977864,0.004444008998689242,0,0,0,200.0,0.0,0,0.0,1.0197723584129048,0.021500645261663974,1.7697723584129048,,,,,unknown,unknown,nan,,nan,,1.0,0.0,0.0,nan,nan,0.0,0,,3723696691,F04_M01_05,MDCEB22F,measured,hold_baseline,0.5,,1,1,1.0197723584129048,0.021500645261663974,1.7697723584129048,1.4697723584129048,1.1184493537457758,0.13322825926091098,0.0,-0.6595081155557678,0.6728303824513371,1,0,1,0,ad4b715165e84dd399d377549dc111fb1309cda1260e23e9ee621d07fad63984,6ba3dffa4798388fb8057a608cfa40a0e24aeba9257d245b2d5103a1844d1115
4,4.897644962002232,1.7271811730024638,APPROACH,,KFB_TIMING,kfb_timing,0.0017426044515174988,-0.0011231410129148864,0.010395455520577171,1,-28.28571428571429,0,0.3109231913058402,-0.0039862954377469775,0.4101220999459245,0.30572838291090904,-0.0010676062423013782,0.4333743124123459,0.8396051800184406,0.37835301769858576,-1.9005543718655122,-0.40184325551798517,0.7799994547358636,0.19580328380300316,2.1119173243127998,200.0,13.0,1.2,0.5,0.3,3.0,IDLE,0.08,nan,0,0.05,20.0,0,unknown,unknown,nan,0,0.0,0,0.005074841999885393,1,0.00028972899963264354,2.411000241409056e-05,0.00013930299974163063,1.8319988157600164e-06,5.808997229905799e-06,1.1000156519003212e-07,3.315399953862652e-05,1.209999027196318e-06,0.0005735749982704874,0.004426425001729513,0.0044964799999434035,0,0,0,200.0,0.0,0,0.0,1.0197723584129048,0.021500645261663974,1.7697723584129048,,,,,unknown,unknown,nan,,nan,,1.0,0.0,0.0,nan,nan,0.0,0,,3728692383,F04_M01_05,MDCEB22F,measured,hold_baseline,0.5,,1,1,1.0197723584129048,0.021500645261663974,1.7697723584129048,1.4697723584129048,1.092144965899895,0.11980259000922033,0.0,-0.6502771859327561,0.6612209003937651,1,0,1,0,ad4b715165e84dd399d377549dc111fb1309cda1260e23e9ee621d07fad63984,6ba3dffa4798388fb8057a608cfa40a0e24aeba9257d245b2d5103a1844d1115
4,4.902705950000382,1.7322421610006131,APPROACH,,KFB_TIMING,kfb_timing,0.0017678261408739515,-0.0011521941677629507,0.010310602491992057,1,-28.28571428571429,0,0.31088208916238824,-0.0039389494046791875,0.4099838204950937,0.30572384284082865,-0.0010659815528807869,0.4333401010726794,0.8052693507246904,0.3853710865805361,-1.8517033918310513,-0.40612525626870255,0.7434367766095977,0.1968894857995666,2.0556690037327137,200.0,13.0,1.2,0.5,0.3,3.0,IDLE,0.08,nan,0,0.05,20.0,0,unknown,unknown,nan,0,0.0,0,0.005060987998149358,1,0.00023598199913976714,1.7507001757621765e-05,0.00013540700092562474,1.1209995136596262e-06,4.6100030886009336e-06,1.2899909052066505e-07,2.639499871293083e-05,1.1539996194187552e-06,0.0004882219982391689,0.004511778001760831,0.0045694990003539715,0,0,0,200.0,0.0,0,0.0,1.0197723584129048,0.021500645261663974,1.7697723584129048,,,,,unknown,unknown,nan,,nan,,1.0,0.0,0.0,nan,nan,0.0,0,,3733702118,F04_M01_05,MDCEB22F,measured,hold_baseline,0.5,,1,1,1.0197723584129048,0.021500645261663974,1.7697723584129048,1.4697723584129048,1.0358966453198089,0.10263467536234522,0.0,-0.6258516959155256,0.6342114961643895,1,0,1,0,ad4b715165e84dd399d377549dc111fb1309cda1260e23e9ee621d07fad63984,6ba3dffa4798388fb8057a608cfa40a0e24aeba9257d245b2d5103a1844d1115
4,4.907773749000626,1.7373099600008572,APPROACH,,KFB_TIMING,kfb_timing,0.0017922088990920126,-0.001187087076161302,0.010235317204663604,1,-28.28571428571429,0,0.3108392268766245,-0.0038776113969967636,0.4098514769976756,0.30572137402358013,-0.0010658192331658885,0.4333032717754833,0.7579976154969607,0.3883973417264023,-1.8136396377262056,-0.4078483735182886,0.7017508813902703,0.19672415177152608,2.003672032966188,200.0,13.0,1.2,0.5,0.3,3.0,IDLE,0.08,nan,0,0.05,20.0,0,unknown,unknown,nan,0,0.0,0,0.005067799000244122,1,0.00019546800103853457,1.6777001292211935e-05,0.00012307799988775514,1.248001353815198e-06,4.386998625705019e-06,1.1199881555512547e-07,2.60560009337496e-05,4.288001946406439e-06,0.0004397670018079225,0.004560232998192078,0.004621553001925349,0,0,0,200.0,0.0,0,0.0,1.0197723584129048,0.021500645261663974,1.7697723584129048,,,,,unknown,unknown,nan,,nan,,1.0,0.0,0.0,nan,nan,0.0,0,,3738962435,F04_M01_05,MDCEB22F,measured,hold_baseline,0.5,,1,1,1.0197723584129048,0.021500645261663974,1.7697723584129048,1.4697723584129048,0.9838996745532831,0.07899880774848034,0.0,-0.6068198188631029,0.6119404417022382,1,0,1,0,ad4b715165e84dd399d377549dc111fb1309cda1260e23e9ee621d07fad63984,6ba3dffa4798388fb8057a608cfa40a0e24aeba9257d245b2d5103a1844d1115
4,4.912837063002371,1.7423732740026026,APPROACH,,KFB_TIMING,kfb_timing,0.0018165424912682249,-0.0012219784132616346,0.010159995652655207,1,-28.28571428571429,0,0.3107964973209471,-0.003816342541971481,0.40971921307104503,0.30571702299092124,-0.001067669848998299,0.43326395622096314,0.7628183231727339,0.39110092395192464,-1.8086531065471738,-0.40908755497674626,0.7029307520243336,0.1974663107938025,2.0015188699352433,200.0,13.0,1.2,0.5,0.3,3.0,IDLE,0.08,nan,0,0.05,20.0,0,unknown,unknown,nan,0,0.0,0,0.0050633140017453115,1,0.00034365700048510917,3.400200148462318e-05,0.00013025299995206296,2.6460002118255943e-06,6.239002686925232e-06,1.2600139598362148e-07,4.176600123173557e-05,1.5689984138589352e-06,0.0006447810010286048,0.004355218998971395,0.004414038001414156,0,0,0,200.0,0.0,0,0.0,1.0197723584129048,0.021500645261663974,1.7697723584129048,,,,,unknown,unknown,nan,,nan,,1.0,0.0,0.0,nan,nan,0.0,0,,3743960903,F04_M01_05,MDCEB22F,measured,hold_baseline,0.5,,1,1,1.0197723584129048,0.021500645261663974,1.7697723584129048,1.4697723584129048,0.9817465115223385,0.08140916158636696,0.0,-0.6043265532735869,0.6097852364412644,1,0,1,0,ad4b715165e84dd399d377549dc111fb1309cda1260e23e9ee621d07fad63984,6ba3dffa4798388fb8057a608cfa40a0e24aeba9257d245b2d5103a1844d1115
4,4.91793083200173,1.7474670430019614,APPROACH,,KFB_TIMING,kfb_timing,0.001837210421320512,-0.001256855368519319,0.010090810731905663,1,-28.28571428571429,0,0.3107571107663274,-0.0037498780677957307,0.40958736843768945,0.30571328217087335,-0.0010646114707285352,0.433226901559313,0.772019128248414,0.393464699955587,-1.8200547679160175,-0.4100301442080484,0.711474311106377,0.19851243841169997,2.015794474321827,200.0,13.0,1.2,0.5,0.3,3.0,IDLE,0.08,nan,0,0.05,20.0,0,unknown,unknown,nan,0,0.0,0,0.005093768999358872,1,0.0002667180015123449,1.817099837353453e-05,0.00016594300177530386,2.964003215311095e-06,5.230001988820732e-06,1.410007826052606e-07,4.210999759379774e-05,1.4260003808885813e-06,0.0005797509984404314,0.004420249001559569,0.004476594996958738,0,0,0,200.0,0.0,0,0.0,1.0197723584129048,0.021500645261663974,1.7697723584129048,,,,,unknown,unknown,nan,,nan,,1.0,0.0,0.0,nan,nan,0.0,0,,3748940299,F04_M01_05,MDCEB22F,measured,hold_baseline,0.5,,1,1,1.0197723584129048,0.021500645261663974,1.7697723584129048,1.4697723584129048,0.996022115908922,0.08600956412420702,0.0,-0.6100273839580088,0.6160609176854899,1,0,1,0,ad4b715165e84dd399d377549dc111fb1309cda1260e23e9ee621d07fad63984,6ba3dffa4798388fb8057a608cfa40a0e24aeba9257d245b2d5103a1844d1115
4,4.922991152001487,1.7525273630017182,APPROACH,,KFB_TIMING,kfb_timing,0.0018672432274011996,-0.00129182064960032,0.010022284971129912,1,-28.28571428571429,0,0.3107019039420748,-0.003685604282575809,0.4094614031974865,0.3057083097612383,-0.0010652798553701043,0.4331878618733269,0.8032400612668107,0.3915369746454655,-1.857920542631097,-0.4081848188819672,0.7416867584549216,0.19870420546602394,2.0616412251575356,200.0,13.0,1.2,0.5,0.3,3.0,IDLE,0.08,nan,0,0.05,20.0,0,unknown,unknown,nan,0,0.0,0,0.005060319999756757,1,0.00018284299949300475,1.3018998288316652e-05,0.0001689849996182602,1.0519979696255177e-06,3.913999535143375e-06,1.2400050763972104e-07,2.3177999537438154e-05,9.510004019830376e-07,0.00044690199865726754,0.0045530980013427326,0.00461046000054921,0,0,0,200.0,0.0,0,0.0,1.0197723584129048,0.021500645261663974,1.7697723584129048,,,,,unknown,unknown,nan,,nan,,1.0,0.0,0.0,nan,nan,0.0,0,,3754210844,F04_M01_05,MDCEB22F,measured,hold_baseline,0.5,,1,1,1.0197723584129048,0.021500645261663974,1.7697723584129048,1.4697723584129048,1.0418688667446308,0.10162003063340536,0.0,-0.6289602713155484,0.6371166718264893,1,0,1,0,ad4b715165e84dd399d377549dc111fb1309cda1260e23e9ee621d07fad63984,6ba3dffa4798388fb8057a608cfa40a0e24aeba9257d245b2d5103a1844d1115
4,4.928050776001328,1.7575869870015595,APPROACH,,KFB_TIMING,kfb_timing,0.0019009575824475988,-0.0013151636934331454,0.009947509997057557,1,-28.28571428571429,0,0.31064189693388106,-0.003644056810568259,0.4093283138212943,0.30570181966700016,-0.0010635670691540866,0.4331470676973471,0.8013560273738171,0.39326714865425005,-1.8916812130879563,-0.40879641202805594,0.7492941709447952,0.19985547227259806,2.091718992782948,200.0,13.0,1.2,0.5,0.3,3.0,IDLE,0.08,nan,0,0.05,20.0,0,unknown,unknown,nan,0,0.0,0,0.005059623999841278,1,0.0003786039997066837,1.499700010754168e-05,0.00016426699949079193,1.3420030882116407e-06,4.248999175615609e-06,1.2300006346777081e-07,4.727900159195997e-05,1.0799994925037026e-06,0.0006808969992562197,0.00431910300074378,0.004376427001261618,0,0,0,200.0,0.0,0,0.0,1.0197723584129048,0.021500645261663974,1.7697723584129048,,,,,unknown,unknown,nan,,nan,,1.0,0.0,0.0,nan,nan,0.0,0,,3759197278,F04_M01_05,MDCEB22F,measured,hold_baseline,0.5,,1,1,1.0197723584129048,0.021500645261663974,1.7697723584129048,1.4697723584129048,1.0719466343700432,0.10067801368690854,0.0,-0.6458406065439781,0.6536406899061861,1,0,1,0,ad4b715165e84dd399d377549dc111fb1309cda1260e23e9ee621d07fad63984,6ba3dffa4798388fb8057a608cfa40a0e24aeba9257d245b2d5103a1844d1115
4,4.9331089750012325,1.762645186001464,APPROACH,,KFB_TIMING,kfb_timing,0.0019272993011190398,-0.001350120236052506,0.009885088218436798,1,-28.28571428571429,0,0.3105894661502953,-0.003574479007242582,0.4092040689758184,0.30569487911179977,-0.0010656629519596702,0.43310379919499126,0.8086067030755386,0.3954865391399558,-1.9188835514195897,-0.40967811964641,0.7605870133758916,0.20135630448761416,2.1195208153750813,200.0,13.0,1.2,0.5,0.3,3.0,IDLE,0.08,nan,0,0.05,20.0,0,unknown,unknown,nan,0,0.0,0,0.005058198999904562,1,0.00028881999969598837,1.3652002962771803e-05,0.00019306800095364451,1.0229996405541897e-06,1.0600000678095967e-05,1.4699980965815485e-07,2.28749995585531e-05,9.049981599673629e-07,0.0005834769981447607,0.004416523001855239,0.0044726109990733676,0,0,0,200.0,0.0,0,0.0,1.0197723584129048,0.021500645261663974,1.7697723584129048,,,,,unknown,unknown,nan,,nan,,1.0,0.0,0.0,nan,nan,0.0,0,,3764222010,F04_M01_05,MDCEB22F,measured,hold_baseline,0.5,,1,1,1.0197723584129048,0.021500645261663974,1.7697723584129048,1.4697723584129048,1.0997484569621765,0.10430335153776932,0.0,-0.6594417757097948,0.6676396068937932,1,0,1,0,ad4b715165e84dd399d377549dc111fb1309cda1260e23e9ee621d07fad63984,6ba3dffa4798388fb8057a608cfa40a0e24aeba9257d245b2d5103a1844d1115
4,4.93816751200211,1.7677037230023416,APPROACH,,KFB_TIMING,kfb_timing,0.0019601713053652714,-0.0013793144293554323,0.009819862525235808,1,-28.28571428571429,0,0.31052604659906935,-0.003518155011181783,0.40907822985264775,0.305687973817034,-0.0010642698928235456,0.4330585535767058,0.7958332354712785,0.3956225154003912,-1.9240090692725926,-0.4092990564068162,0.752367937111388,0.20196454646239667,2.1193580660227296,200.0,13.0,1.2,0.5,0.3,3.0,IDLE,0.08,nan,0,0.05,20.0,0,unknown,unknown,nan,0,0.0,0,0.00505853700087755,1,0.00025365799956489354,1.6170000890269876e-05,0.000160146999405697,2.0750012481585145e-06,4.6530003601219505e-06,1.2300006346777081e-07,2.7452002541394904e-05,1.0420008038636297e-06,0.000554676000319887,0.004445323999680113,0.004502176998357754,0,0,0,200.0,0.0,0,0.0,1.0197723584129048,0.021500645261663974,1.7697723584129048,,,,,unknown,unknown,nan,,nan,,1.0,0.0,0.0,nan,nan,0.0,0,,3769222021,F04_M01_05,MDCEB22F,measured,hold_baseline,0.5,,1,1,1.0197723584129048,0.021500645261663974,1.7697723584129048,1.4697723584129048,1.0995857076098248,0.09791661773563926,0.0,-0.6620045346362964,0.6692067452647251,1,0,1,0,ad4b715165e84dd399d377549dc111fb1309cda1260e23e9ee621d07fad63984,6ba3dffa4798388fb8057a608cfa40a0e24aeba9257d245b2d5103a1844d1115
4,4.943256950002251,1.7727931610024825,APPROACH,,KFB_TIMING,kfb_timing,0.0019871990905006576,-0.0014084279480131793,0.009747735853779171,1,-28.28571428571429,0,0.3104759307228172,-0.0034641716939766538,0.40894449002442684,0.3056805460709581,-0.0010608418566427523,0.4330159061667586,0.7366562260420926,0.3938148577365563,-1.9111460380447391,-0.40772714457494863,0.7091191021998308,0.20136915095685762,2.0857209104467325,200.0,13.0,1.2,0.5,0.3,3.0,IDLE,0.08,nan,0,0.05,20.0,0,unknown,unknown,nan,0,0.0,0,0.0050894380001409445,1,0.00019050599803449586,1.1739000910893083e-05,0.0001994300000660587,1.0940020729321986e-06,4.407000233186409e-06,1.270018401555717e-07,4.512500163400546e-05,3.0199989851098508e-06,0.0005159329994057771,0.004484067000594223,0.004550370002107229,0,0,0,200.0,0.0,0,0.0,1.0197723584129048,0.021500645261663974,1.7697723584129048,,,,,unknown,unknown,nan,,nan,,1.0,0.0,0.0,nan,nan,0.0,0,,3774702345,F04_M01_05,MDCEB22F,measured,hold_baseline,0.5,,1,1,1.0197723584129048,0.021500645261663974,1.7697723584129048,1.4697723584129048,1.0659485520338277,0.0683281130210463,0.0,-0.6555730190223696,0.659124202483205,1,0,1,0,ad4b715165e84dd399d377549dc111fb1309cda1260e23e9ee621d07fad63984,6ba3dffa4798388fb8057a608cfa40a0e24aeba9257d245b2d5103a1844d1115
4,4.94836005000252,1.777896261002752,APPROACH,,KFB_TIMING,kfb_timing,0.0020248563628567917,-0.0014492248718404907,0.009657009643127056,1,-28.28571428571429,0,0.3104217304118592,-0.003405452466076733,0.4088139073103397,0.30567256793789493,-0.0010624185177978895,0.4329724469957267,0.7025105933850506,0.39324862869392957,-1.923899836595796,-0.40663487227183426,0.6893859821961965,0.2011715462769829,2.085558965611187,200.0,13.0,1.2,0.5,0.3,3.0,IDLE,0.08,nan,0,0.05,20.0,0,unknown,unknown,nan,0,0.0,0,0.005103100000269478,1,0.0004089319991180673,2.9650997021235526e-05,0.0003367870012880303,1.9229992176406085e-06,5.344998498912901e-06,1.2000236893072724e-07,3.007900158991106e-05,1.124000846175477e-06,0.0008897459993022494,0.004110254000697751,0.004211425002722535,0,0,0,200.0,0.0,0,0.0,1.0197723584129048,0.021500645261663974,1.7697723584129048,,,,,unknown,unknown,nan,,nan,,1.0,0.0,0.0,nan,nan,0.0,0,,3779442458,F04_M01_05,MDCEB22F,measured,hold_baseline,0.5,,1,1,1.0197723584129048,0.021500645261663974,1.7697723584129048,1.4697723584129048,1.065786607198282,0.05125529669252532,0.0,-0.6619499182978981,0.6639313215789964,1,0,1,0,ad4b715165e84dd399d377549dc111fb1309cda1260e23e9ee621d07fad63984,6ba3dffa4798388fb8057a608cfa40a0e24aeba9257d245b2d5103a1844d1115
4,4.953456686002028,1.7829928970022593,APPROACH,,KFB_TIMING,kfb_timing,0.002055381341281942,-0.0014783545494355824,0.009578592336043955,1,-28.28571428571429,0,0.31036931790067673,-0.003355435737762316,0.4086792619085593,0.30566272852218435,-0.001061427518070839,0.4329268895125653,0.7109002892699889,0.39378811624773224,-1.961195774481947,-0.40586024740108906,0.7042028715320314,0.2015666286178565,2.122907715287675,200.0,13.0,1.2,0.5,0.3,3.0,IDLE,0.08,nan,0,0.05,20.0,0,unknown,unknown,nan,0,0.0,0,0.005096635999507271,1,0.0002555230021243915,1.511799928266555e-05,0.0001515139992989134,1.0270014172419906e-06,3.526998625602573e-06,1.270018401555717e-07,2.083999788737856e-05,9.200011845678091e-07,0.0005173109966563061,0.004482689003343694,0.0045718250003119465,0,0,0,200.0,0.0,0,0.0,1.0197723584129048,0.021500645261663974,1.7697723584129048,,,,,unknown,unknown,nan,,nan,,1.0,0.0,0.0,nan,nan,0.0,0,,3784697700,F04_M01_05,MDCEB22F,measured,hold_baseline,0.5,,1,1,1.0197723584129048,0.021500645261663974,1.7697723584129048,1.4697723584129048,1.1031353568747702,0.05545014463499448,0.0,-0.6805978872409735,0.6828529875873127,1,0,1,0,ad4b715165e84dd399d377549dc111fb1309cda1260e23e9ee621d07fad63984,6ba3dffa4798388fb8057a608cfa40a0e24aeba9257d245b2d5103a1844d1115
4,4.95857050700215,1.788106718002382,APPROACH,,KFB_TIMING,kfb_timing,0.002085984841297045,-0.0014958446701108256,0.009500094271690705,1,-28.28571428571429,0,0.3103147556575641,-0.003324253022847971,0.40853930960019585,0.3056502870476081,-0.001061434880333099,0.4328722887007351,0.7384003534119888,0.3963163866100094,-1.9984695509704362,-0.4061729551448355,0.7312465924115964,0.20251866206366415,2.1670676746171407,200.0,13.0,1.2,0.5,0.3,3.0,IDLE,0.08,nan,0,0.05,20.0,0,unknown,unknown,nan,0,0.0,0,0.005113821000122698,1,0.00038335299905156717,1.1715001164702699e-05,0.00020481400133576244,8.510032785125077e-07,3.6130004446022213e-06,1.1399970389902592e-07,2.7015001251129434e-05,8.53000528877601e-07,0.0006822830000601243,0.004317716999939876,0.004423875001521083,0,0,0,200.0,0.0,0,0.0,1.0197723584129048,0.021500645261663974,1.7697723584129048,,,,,unknown,unknown,nan,,nan,,1.0,0.0,0.0,nan,nan,0.0,0,,3789700137,F04_M01_05,MDCEB22F,measured,hold_baseline,0.5,,1,1,1.0197723584129048,0.021500645261663974,1.7697723584129048,1.4697723584129048,1.1472953162042359,0.06920017670599443,0.0,-0.6992347754852182,0.7026506498282089,1,0,1,0,ad4b715165e84dd399d377549dc111fb1309cda1260e23e9ee621d07fad63984,6ba3dffa4798388fb8057a608cfa40a0e24aeba9257d245b2d5103a1844d1115
4,4.963745771001413,1.7932819820016448,APPROACH,,KFB_TIMING,kfb_timing,0.0021135650270102113,-0.0015191098291528642,0.00941813738891171,1,-28.28571428571429,0,0.31026693731693955,-0.003283916046464761,0.40839721330766143,0.305637458406058,-0.001059349873525981,0.4328223023000732,0.7610390304954227,0.39573309712890525,-2.0256287870233316,-0.40451744009041907,0.7519955414224242,0.2024527422740524,2.1997629583476175,200.0,13.0,1.2,0.5,0.3,3.0,IDLE,0.08,nan,0,0.05,20.0,0,unknown,unknown,nan,0,0.0,0,0.005175263999262825,1,0.00033363300099154003,1.415000224369578e-05,0.00013704299999517389,9.920004231389612e-07,4.060002538608387e-06,1.1700103641487658e-07,2.2324999008560553e-05,9.110008249990642e-07,0.0005662479998136405,0.00443375200018636,0.004605436999554513,0,0,0,200.0,0.0,0,0.0,1.0197723584129048,0.021500645261663974,1.7697723584129048,,,,,unknown,unknown,nan,,nan,,1.0,0.0,0.0,nan,nan,0.0,0,,3795239352,F04_M01_05,MDCEB22F,measured,hold_baseline,0.5,,1,1,1.0197723584129048,0.021500645261663974,1.7697723584129048,1.4697723584129048,1.1799905999347127,0.08051951524771134,0.0,-0.7128143935116658,0.7173477203791271,1,0,1,0,ad4b715165e84dd399d377549dc111fb1309cda1260e23e9ee621d07fad63984,6ba3dffa4798388fb8057a608cfa40a0e24aeba9257d245b2d5103a1844d1115
4,4.968806480999774,1.7983426920000056,APPROACH,,KFB_TIMING,kfb_timing,0.002139754228825147,-0.0015424358073515125,0.009355423132462064,1,-28.28571428571429,0,0.3102116020951624,-0.0032346305361268747,0.40826470421808503,0.30562326302030585,-0.0010605836715525197,0.432772605887793,0.7464802248066027,0.3960370995551824,-2.023946879867829,-0.4035526307787001,0.7400708099936312,0.202467514513192,2.193271319918746,200.0,13.0,1.2,0.5,0.3,3.0,IDLE,0.08,nan,0,0.05,20.0,0,unknown,unknown,nan,0,0.0,0,0.005060709998360835,1,0.0004581339999276679,2.0266998035367578e-05,0.00031564100208925083,1.2989985407330096e-06,5.044999852543697e-06,1.500011421740055e-07,2.8664999263128266e-05,1.2549971870612353e-06,0.0009364489997096825,0.0040635510002903176,0.004121834001125535,0,0,0,200.0,0.0,0,0.0,1.0197723584129048,0.021500645261663974,1.7697723584129048,,,,,unknown,unknown,nan,,nan,,1.0,0.0,0.0,nan,nan,0.0,0,,3799949328,F04_M01_05,MDCEB22F,measured,hold_baseline,0.5,,1,1,1.0197723584129048,0.021500645261663974,1.7697723584129048,1.4697723584129048,1.173498961505841,0.07324011240330136,0.0,-0.7119734399339144,0.7157306010198107,1,0,1,0,ad4b715165e84dd399d377549dc111fb1309cda1260e23e9ee621d07fad63984,6ba3dffa4798388fb8057a608cfa40a0e24aeba9257d245b2d5103a1844d1115
4,4.973930749001738,1.8034669600019697,APPROACH,,KFB_TIMING,kfb_timing,0.002159479647850293,-0.001559880271846864,0.009295451475269289,1,-28.28571428571429,0,0.31016530533258696,-0.0031936873130720355,0.40812394707772875,0.3056087744079305,-0.0010577543558991055,0.43272262399251027,0.7110037557074552,0.39535992482144927,-2.0043456566009406,-0.4019121840811684,0.7092387703322363,0.2022486817364137,2.1631544840625656,200.0,13.0,1.2,0.5,0.3,3.0,IDLE,0.08,nan,0,0.05,20.0,0,unknown,unknown,nan,0,0.0,0,0.005124268001964083,1,0.00028848299916717224,1.5087996871443465e-05,0.0001947149976331275,1.0279982234351337e-06,4.25500184064731e-06,1.2300006346777081e-07,2.2808999347034842e-05,9.279974619857967e-07,0.0005799650025437586,0.0044200349974562415,0.004537245000392431,0,0,0,200.0,0.0,0,0.0,1.0197723584129048,0.021500645261663974,1.7697723584129048,,,,,unknown,unknown,nan,,nan,,1.0,0.0,0.0,nan,nan,0.0,0,,3805309298,F04_M01_05,MDCEB22F,measured,hold_baseline,0.5,,1,1,1.0197723584129048,0.021500645261663974,1.7697723584129048,1.4697723584129048,1.1433821256496608,0.05550187785372762,0.0,-0.7021728283004702,0.7043629314840267,1,0,1,0,ad4b715165e84dd399d377549dc111fb1309cda1260e23e9ee621d07fad63984,6ba3dffa4798388fb8057a608cfa40a0e24aeba9257d245b2d5103a1844d1115
4,4.979043268001988,1.8085794790022192,APPROACH,,KFB_TIMING,kfb_timing,0.002178447579803816,-0.0015831759454372066,0.009245123217590108,1,-28.28571428571429,0,0.31011567042235827,-0.0031327276538848244,0.4079922490856655,0.30559258040720705,-0.0010574398845455508,0.432670381274728,0.7250650027977641,0.3930225374239812,-2.014800535572889,-0.3990920446555105,0.7189117514881405,0.20207816558802014,2.1770638877511397,200.0,13.0,1.2,0.5,0.3,3.0,IDLE,0.08,nan,0,0.05,20.0,0,unknown,unknown,nan,0,0.0,0,0.005112519000249449,1,0.0002502269999240525,3.157800165354274e-05,0.000393766000343021,2.7129972295369953e-06,6.9400011852849275e-06,1.180014805868268e-07,4.188599996268749e-05,5.22399932378903e-06,0.0008386249974137172,0.004161375002586283,0.004271089001122164,0,0,0,200.0,0.0,0,0.0,1.0197723584129048,0.021500645261663974,1.7697723584129048,,,,,unknown,unknown,nan,,nan,,1.0,0.0,0.0,nan,nan,0.0,0,,3810184718,F04_M01_05,MDCEB22F,measured,hold_baseline,0.5,,1,1,1.0197723584129048,0.021500645261663974,1.7697723584129048,1.4697723584129048,1.1572915293382349,0.06253250139888206,0.0,-0.7074002677864444,0.7101587516855188,1,0,1,0,ad4b715165e84dd399d377549dc111fb1309cda1260e23e9ee621d07fad63984,6ba3dffa4798388fb8057a608cfa40a0e24aeba9257d245b2d5103a1844d1115
4,4.9841963370017766,1.8137325480020081,APPROACH,,KFB_TIMING,kfb_timing,0.002196802494966288,-0.0016006836824957484,0.009204410062484077,1,-28.28571428571429,0,0.3100606056768709,-0.003080204442709199,0.4078701096203474,0.3055762365473847,-0.0010565056289613657,0.43261664619622475,0.7538406117905029,0.3901770639195761,-2.019546370059599,-0.3960673371168584,0.7365345441137983,0.2017189191388473,2.190680567772144,200.0,13.0,1.2,0.5,0.3,3.0,IDLE,0.08,nan,0,0.05,20.0,0,unknown,unknown,nan,0,0.0,0,0.005153068999788957,1,0.0003036070011148695,1.5179000911302865e-05,0.00017156499961856753,1.5509976947214454e-06,5.504000000655651e-06,1.6500052879564464e-07,3.7811998481629416e-05,1.12499765236862e-06,0.0005933479988016188,0.004406652001198381,0.004555732997687301,0,0,0,200.0,0.0,0,0.0,1.0197723584129048,0.021500645261663974,1.7697723584129048,,,,,unknown,unknown,nan,,nan,,1.0,0.0,0.0,nan,nan,0.0,0,,3815267659,F04_M01_05,MDCEB22F,measured,hold_baseline,0.5,,1,1,1.0197723584129048,0.021500645261663974,1.7697723584129048,1.4697723584129048,1.1709082093592391,0.07692030589525145,0.0,-0.7097731850297995,0.7139290634554424,1,0,0,0,ad4b715165e84dd399d377549dc111fb1309cda1260e23e9ee621d07fad63984,6ba3dffa4798388fb8057a608cfa40a0e24aeba9257d245b2d5103a1844d1115
4,4.989313214999129,1.8188494259993604,APPROACH,,KFB_TIMING,kfb_timing,0.0022079894159888758,-0.0016181603162659056,0.00917613638522554,1,-28.28571428571429,0,0.3100270449138031,-0.0030277745413987275,0.4077852885885718,0.30555892215343,-0.0010546348981326495,0.4325628495671416,0.8028480965778648,0.3898185778822181,-2.068989229020735,-0.39473416898528546,0.7803798161093369,0.20197898906796208,2.2532731790984935,200.0,13.0,1.2,0.5,0.3,3.0,IDLE,0.08,nan,0,0.05,20.0,0,unknown,unknown,nan,0,0.0,0,0.005116877997352276,1,0.00016715699894120917,2.2150998120196164e-05,0.00019749000057345256,1.606000296305865e-06,5.771002179244533e-06,1.309999788645655e-07,3.214900061720982e-05,1.3409990060608834e-06,0.0005176349986868445,0.004482365001313156,0.004592303001118125,0,0,0,200.0,0.0,0,0.0,1.0197723584129048,0.021500645261663974,1.7697723584129048,,,,,unknown,unknown,nan,,nan,,1.0,0.0,0.0,nan,nan,0.0,0,,3820447543,F04_M01_05,MDCEB22F,measured,hold_baseline,0.5,,1,1,1.0197723584129048,0.021500645261663974,1.7697723584129048,1.4697723584129048,1.2335008206855886,0.10142404828893242,0.0,-0.7344946145103675,0.7414642110824021,1,0,0,0,ad4b715165e84dd399d377549dc111fb1309cda1260e23e9ee621d07fad63984,6ba3dffa4798388fb8057a608cfa40a0e24aeba9257d245b2d5103a1844d1115
4,4.9944832700020925,1.824019481002324,APPROACH,,KFB_TIMING,kfb_timing,0.0022227444546527586,-0.0016356533461445266,0.009141628746982908,1,-28.28571428571429,0,0.30998277979781147,-0.0029752954517628643,0.40768176567384395,0.3055393398445403,-0.0010546810237952705,0.43250651202571544,0.8693532967633282,0.3882145718194433,-2.1283051874818475,-0.39260135578094846,0.8382568429145923,0.20176510483405566,2.3315592807021575,200.0,13.0,1.2,0.5,0.3,3.0,IDLE,0.08,nan,0,0.05,20.0,0,unknown,unknown,nan,0,0.0,0,0.005170055002963636,1,0.0002961570025945548,1.5213001461233944e-05,0.00017855199985206127,8.799979696050286e-07,3.94100061384961e-06,1.2099917512387037e-07,2.261600093333982e-05,9.71998815657571e-07,0.0005713110003853217,0.004428688999614678,0.004594769001414534,0,0,0,200.0,0.0,0,0.0,1.0197723584129048,0.021500645261663974,1.7697723584129048,,,,,unknown,unknown,nan,,nan,,1.0,0.0,0.0,nan,nan,0.0,0,,3825711096,F04_M01_05,MDCEB22F,measured,hold_baseline,0.5,,1,1,1.0197723584129048,0.021500645261663974,1.7697723584129048,1.4697723584129048,1.3117869222892526,0.1346766483816641,0.0,-0.7641525937409237,0.7759297559317464,1,0,0,0,ad4b715165e84dd399d377549dc111fb1309cda1260e23e9ee621d07fad63984,6ba3dffa4798388fb8057a608cfa40a0e24aeba9257d245b2d5103a1844d1115
4,4.999593538999761,1.8291297499999928,APPROACH,,KFB_TIMING,kfb_timing,0.002236905813839507,-0.0016473593748846055,0.009116749424711594,1,-28.28571428571429,0,0.3099402957202512,-0.002940177365542628,0.40760712770703,0.3055177212367346,-0.0010550400685165788,0.4324459752752985,0.9056219696982042,0.39083929610016466,-2.181218365549636,-0.39318603878152164,0.874680102766772,0.20246216722477534,2.393871355271029,200.0,13.0,1.2,0.5,0.3,3.0,IDLE,0.08,nan,0,0.05,20.0,0,unknown,unknown,nan,0,0.0,0,0.005110268997668754,1,0.0004332569988036994,2.2880998585605994e-05,0.00010295899846823886,1.3360004231799394e-06,5.324000085238367e-06,1.3499811757355928e-07,2.9476999770849943e-05,1.3850003597326577e-06,0.0006717559990647715,0.004328244000935229,0.0044317760002741124,0,0,0,200.0,0.0,0,0.0,1.0197723584129048,0.021500645261663974,1.7697723584129048,,,,,unknown,unknown,nan,,nan,,1.0,0.0,0.0,nan,nan,0.0,0,,3830693736,F04_M01_05,MDCEB22F,measured,hold_baseline,0.5,,1,1,1.0197723584129048,0.021500645261663974,1.7697723584129048,1.4697723584129048,1.374098996858124,0.1528109848491021,0.0,-0.7906091827748181,0.8052416264565675,1,0,0,0,ad4b715165e84dd399d377549dc111fb1309cda1260e23e9ee621d07fad63984,6ba3dffa4798388fb8057a608cfa40a0e24aeba9257d245b2d5103a1844d1115
4,5.0047510900003545,1.834287301000586,APPROACH,,KFB_TIMING,kfb_timing,0.0022603370575042803,-0.0016708246026987154,0.00909252298385673,1,-28.28571428571429,0,0.3098700019892569,-0.002869781682100298,0.4075344483844654,0.30548968083075184,-0.0010532299941096298,0.4323731011183642,0.911894198747143,0.3933388545313324,-2.2238789787692568,-0.39351914492887724,0.8885739416391689,0.20318692595444335,2.4355500808656156,200.0,13.0,1.2,0.5,0.3,3.0,IDLE,0.08,nan,0,0.05,20.0,0,unknown,unknown,nan,0,0.0,0,0.00515755100059323,1,0.0002480200018908363,1.149200033978559e-05,0.00020148799740127288,8.95997800398618e-07,3.6940000427421182e-06,1.0599978850223124e-07,1.9888000679202378e-05,9.440009307581931e-07,0.0005344800010789186,0.0044655199989210815,0.004619188999640755,0,0,0,200.0,0.0,0,0.0,1.0197723584129048,0.021500645261663974,1.7697723584129048,,,,,unknown,unknown,nan,,nan,,1.0,0.0,0.0,nan,nan,0.0,0,,3835949397,F04_M01_05,MDCEB22F,measured,hold_baseline,0.5,,1,1,1.0197723584129048,0.021500645261663974,1.7697723584129048,1.4697723584129048,1.4157777224527108,0.15594709937357148,0.0,-0.8119394893846283,0.8267800385986599,1,0,0,0,ad4b715165e84dd399d377549dc111fb1309cda1260e23e9ee621d07fad63984,6ba3dffa4798388fb8057a608cfa40a0e24aeba9257d245b2d5103a1844d1115
4,5.009819213999435,1.8393554249996669,APPROACH,,KFB_TIMING,kfb_timing,0.0022839045318935602,-0.001682650772134885,0.009068248633408068,1,-28.28571428571429,0,0.3097992995660891,-0.002834303173791789,0.4074616253331194,0.305465529578403,-0.0010507690729032121,0.43231027117424,0.8823330808935137,0.3967809234508112,-2.2571994906612343,-0.39462243955987647,0.876845310307238,0.20419711111422814,2.4557883270947545,200.0,13.0,1.2,0.5,0.3,3.0,IDLE,0.08,nan,0,0.05,20.0,0,unknown,unknown,nan,0,0.0,0,0.0050681239990808535,1,0.00037921500188531354,1.8555998394731432e-05,0.00013751699952990748,1.2279997463338077e-06,4.921999789075926e-06,1.6500052879564464e-07,3.021700104000047e-05,1.3690005289390683e-06,0.0006430130015360191,0.004356986998463981,0.004418623000674415,0,0,0,200.0,0.0,0,0.0,1.0197723584129048,0.021500645261663974,1.7697723584129048,,,,,unknown,unknown,nan,,nan,,1.0,0.0,0.0,nan,nan,0.0,0,,3841340145,F04_M01_05,MDCEB22F,measured,hold_baseline,0.5,,1,1,1.0197723584129048,0.021500645261663974,1.7697723584129048,1.4697723584129048,1.4360159686818497,0.14116654044675686,0.0,-0.8285997453306171,0.8405388331919408,1,0,0,0,ad4b715165e84dd399d377549dc111fb1309cda1260e23e9ee621d07fad63984,6ba3dffa4798388fb8057a608cfa40a0e24aeba9257d245b2d5103a1844d1115
4,5.0149790110008325,1.844515222001064,APPROACH,,KFB_TIMING,kfb_timing,0.0023138896091342565,-0.001700369507233655,0.009041174011757967,1,-28.28571428571429,0,0.30970934433436703,-0.002781146968495479,0.4073804014681691,0.3054392704017301,-0.0010509504509407415,0.43224475324641093,0.8569408849085528,0.3967752480182755,-2.2782010478058403,-0.3935893857063973,0.8644166264362293,0.20452456985647005,2.466166720214075,200.0,13.0,1.2,0.5,0.3,3.0,IDLE,0.08,nan,0,0.05,20.0,0,unknown,unknown,nan,0,0.0,0,0.005159797001397237,1,0.00035813700014841743,3.173100049025379e-05,0.00042905200098175555,1.8210012058261782e-06,7.184000423876569e-06,1.2600139598362148e-07,3.702300091390498e-05,4.811001417692751e-06,0.0009753240010468289,0.004024675998953171,0.004183074001048226,0,0,0,200.0,0.0,0,0.0,1.0197723584129048,0.021500645261663974,1.7697723584129048,,,,,unknown,unknown,nan,,nan,,1.0,0.0,0.0,nan,nan,0.0,0,,3846198575,F04_M01_05,MDCEB22F,measured,hold_baseline,0.5,,1,1,1.0197723584129048,0.021500645261663974,1.7697723584129048,1.4697723584129048,1.44639436180117,0.1284704424542764,0.0,-0.8391005239029201,0.848878285620826,1,0,0,0,ad4b715165e84dd399d377549dc111fb1309cda1260e23e9ee621d07fad63984,6ba3dffa4798388fb8057a608cfa40a0e24aeba9257d245b2d5103a1844d1115
4,5.020151487002295,1.8496876980025263,APPROACH,,KFB_TIMING,kfb_timing,0.0023395761185451835,-0.001723934670803782,0.009030010364505542,1,-28.28571428571429,0,0.30963228480613425,-0.002710451477785098,0.40734691052641187,0.30541245488057867,-0.0010500081292574622,0.432175137573554,0.8058423869876811,0.401055567872609,-2.256213227578521,-0.39556718598520535,0.8232277443905746,0.2059240502054906,2.4291409282888288,200.0,13.0,1.2,0.5,0.3,3.0,IDLE,0.08,nan,0,0.05,20.0,0,unknown,unknown,nan,0,0.0,0,0.005172476001462201,1,0.0004294319987820927,1.3879001926397905e-05,0.00012924100155942142,9.280010999646038e-07,3.844001184916124e-06,1.1099837138317525e-07,3.471599848126061e-05,1.0229996405541897e-06,0.0006688229987048544,0.004331177001295146,0.004499883001699345,0,0,0,200.0,0.0,0,0.0,1.0197723584129048,0.021500645261663974,1.7697723584129048,,,,,unknown,unknown,nan,,nan,,1.0,0.0,0.0,nan,nan,0.0,0,,3851597387,F04_M01_05,MDCEB22F,measured,hold_baseline,0.5,,1,1,1.0197723584129048,0.021500645261663974,1.7697723584129048,1.4697723584129048,1.409368569875924,0.10292119349384055,0.0,-0.8281066137892605,0.8344778821944366,1,0,0,0,ad4b715165e84dd399d377549dc111fb1309cda1260e23e9ee621d07fad63984,6ba3dffa4798388fb8057a608cfa40a0e24aeba9257d245b2d5103a1844d1115
4,5.02526195199971,1.8547981629999413,APPROACH,,KFB_TIMING,kfb_timing,0.002365406666184372,-0.0017358577432181072,0.009018802382327697,1,-28.28571428571429,0,0.30955479316321666,-0.002674682260542122,0.4073132865798783,0.3053902956946002,-0.0010487349694239152,0.43212140555439565,0.7413454804298655,0.4047388320683005,-2.2170952494476235,-0.3973741674944422,0.7687609184507833,0.20680447682300757,2.3725340858796993,200.0,13.0,1.2,0.5,0.3,3.0,IDLE,0.08,nan,0,0.05,20.0,0,unknown,unknown,nan,0,0.0,0,0.005110464997414965,1,0.0002606409980216995,2.009799936786294e-05,0.0004654200020013377,3.7669997254852206e-06,6.810001650592312e-06,1.1999873095192015e-07,4.394700226839632e-05,1.5269979485310614e-06,0.0009037429990712553,0.004096257000928745,0.004201953001029324,0,0,0,200.0,0.0,0,0.0,1.0197723584129048,0.021500645261663974,1.7697723584129048,,,,,unknown,unknown,nan,,nan,,1.0,0.0,0.0,nan,nan,0.0,0,,3856446231,F04_M01_05,MDCEB22F,measured,hold_baseline,0.5,,1,1,1.0197723584129048,0.021500645261663974,1.7697723584129048,1.4697723584129048,1.3527617274667945,0.07067274021493275,0.0,-0.8085476247238117,0.8116303947339609,1,0,0,0,ad4b715165e84dd399d377549dc111fb1309cda1260e23e9ee621d07fad63984,6ba3dffa4798388fb8057a608cfa40a0e24aeba9257d245b2d5103a1844d1115
4,5.030412363001233,1.8599485740014643,APPROACH,,KFB_TIMING,kfb_timing,0.0023839446125352437,-0.0017594011537965986,0.00902011270394467,1,-28.28571428571429,0,0.30949917932416404,-0.002604052028806648,0.4073172175447292,0.3053568419907174,-0.0010485864667532062,0.4320407079275353,0.701438724471267,0.4106798393330593,-2.1924031978234426,-0.400496082175497,0.7339674385537205,0.2082414627444264,2.3382271054046404,200.0,13.0,1.2,0.5,0.3,3.0,IDLE,0.08,nan,0,0.05,20.0,0,unknown,unknown,nan,0,0.0,0,0.005150411001523025,1,0.00037125499875401147,1.8202001228928566e-05,0.00015296600031433627,8.919996616896242e-07,3.851000656140968e-06,1.2399686966091394e-07,2.127900006598793e-05,9.219984349329025e-07,0.0006198650007718243,0.004380134999228176,0.004526637996605132,0,0,0,200.0,0.0,0,0.0,1.0197723584129048,0.021500645261663974,1.7697723584129048,,,,,unknown,unknown,nan,,nan,,1.0,0.0,0.0,nan,nan,0.0,0,,3861822299,F04_M01_05,MDCEB22F,measured,hold_baseline,0.5,,1,1,1.0197723584129048,0.021500645261663974,1.7697723584129048,1.4697723584129048,1.3184547469917356,0.0507193622356335,0.0,-0.7962015989117213,0.7978154171330426,1,0,0,0,ad4b715165e84dd399d377549dc111fb1309cda1260e23e9ee621d07fad63984,6ba3dffa4798388fb8057a608cfa40a0e24aeba9257d245b2d5103a1844d1115
4,5.035521334000805,1.8650575450010365,APPROACH,,KFB_TIMING,kfb_timing,0.0023989073023995555,-0.001782933521673668,0.009027665815578078,1,-28.28571428571429,0,0.30945429125457113,-0.00253345492517544,0.4073398768796294,0.30532210523954184,-0.0010434408756432615,0.43195846101800206,0.6632405587461858,0.41545507903444234,-2.2010525584201415,-0.40300896264616826,0.7096370048423142,0.20869359098130397,2.336048656682758,200.0,13.0,1.2,0.5,0.3,3.0,IDLE,0.08,nan,0,0.05,20.0,0,unknown,unknown,nan,0,0.0,0,0.005108970999572193,1,0.0003090490026806947,1.935500040417537e-05,0.00039371199818560854,2.5320005079265684e-06,6.280999514274299e-06,1.2300006346777081e-07,4.00909993913956e-05,1.4779980119783431e-06,0.0008642920001875609,0.004135707999812439,0.00424115200075903,0,0,0,200.0,0.0,0,0.0,1.0197723584129048,0.021500645261663974,1.7697723584129048,,,,,unknown,unknown,nan,,nan,,1.0,0.0,0.0,nan,nan,0.0,0,,3866740944,F04_M01_05,MDCEB22F,measured,hold_baseline,0.5,,1,1,1.0197723584129048,0.021500645261663974,1.7697723584129048,1.4697723584129048,1.316276298269853,0.03162027937309292,0.0,-0.8005262792100707,0.8011505262892564,1,0,0,0,ad4b715165e84dd399d377549dc111fb1309cda1260e23e9ee621d07fad63984,6ba3dffa4798388fb8057a608cfa40a0e24aeba9257d245b2d5103a1844d1115
4,5.040738096002315,1.8702743070025463,APPROACH,,KFB_TIMING,kfb_timing,0.0024102935644276513,-0.0018064541841725464,0.009041463157144842,1,-28.28571428571429,0,0.3094201324684869,-0.0024628929376788048,0.4073812689043297,0.3052927917914803,-0.0010423165857413718,0.4318875109951328,0.6397279961471108,0.42340373046446966,-2.2267536866123354,-0.4075906008336353,0.6996227396802911,0.2099858613283091,2.355197360916332,200.0,13.0,1.2,0.5,0.3,3.0,IDLE,0.08,nan,0,0.05,20.0,0,unknown,unknown,nan,0,0.0,0,0.005216762001509778,1,0.00033721600266289897,2.5888002710416913e-05,0.00018848100080504082,1.0939984349533916e-06,5.0439994083717465e-06,1.320004230365157e-07,2.879699968616478e-05,1.0650001058820635e-06,0.0006626499998674262,0.004337350000132574,0.004547027001535753,0,0,0,200.0,0.0,0,0.0,1.0197723584129048,0.021500645261663974,1.7697723584129048,,,,,unknown,unknown,nan,,nan,,1.0,0.0,0.0,nan,nan,0.0,0,,3872296571,F04_M01_05,MDCEB22F,measured,hold_baseline,0.5,,1,1,1.0197723584129048,0.021500645261663974,1.7697723584129048,1.4697723584129048,1.335425002503427,0.019863998073555433,0.0,-0.8133768433061677,0.8136193628756461,1,0,0,0,ad4b715165e84dd399d377549dc111fb1309cda1260e23e9ee621d07fad63984,6ba3dffa4798388fb8057a608cfa40a0e24aeba9257d245b2d5103a1844d1115
4,5.045801259002474,1.8753374700027052,APPROACH,,KFB_TIMING,kfb_timing,0.002421101764783079,-0.0018241894423496566,0.009064913424343438,1,-28.28571428571429,0,0.3093877078674206,-0.0024096871631474745,0.40745161970592547,0.3052638012697747,-0.001042403145601268,0.43181768569115775,0.6305654562137082,0.4307763731684838,-2.2396547749409956,-0.41184936518767357,0.6951412997855391,0.21108956197569712,2.3662701851576875,200.0,13.0,1.2,0.5,0.3,3.0,IDLE,0.08,nan,0,0.05,20.0,0,unknown,unknown,nan,0,0.0,0,0.005063163000158966,1,0.000471400999231264,3.2329000532627106e-05,0.0003647820012702141,1.7749989638105035e-06,6.2779981817584485e-06,1.3799945008940995e-07,3.6296001781011e-05,1.825002982513979e-06,0.0010095799989358056,0.0039904200010641945,0.004050826999446144,0,0,0,200.0,0.0,0,0.0,1.0197723584129048,0.021500645261663974,1.7697723584129048,,,,,unknown,unknown,nan,,nan,,1.0,0.0,0.0,nan,nan,0.0,0,,3876947476,F04_M01_05,MDCEB22F,measured,hold_baseline,0.5,,1,1,1.0197723584129048,0.021500645261663974,1.7697723584129048,1.4697723584129048,1.3464978267447827,0.015282728106854104,0.0,-0.8198273874704978,0.8199698208014059,1,0,0,0,ad4b715165e84dd399d377549dc111fb1309cda1260e23e9ee621d07fad63984,6ba3dffa4798388fb8057a608cfa40a0e24aeba9257d245b2d5103a1844d1115
4,5.050956474002305,1.8804926850025367,APPROACH,,KFB_TIMING,kfb_timing,0.0024260598688191914,-0.0018418195205646536,0.009081506815384732,1,-28.28571428571429,0,0.30937283355531225,-0.0023567969285024836,0.4075013998790494,0.30523633325134375,-0.0010417137223375271,0.43175054600156487,0.6228568001901915,0.4401092359758888,-2.2446173927356616,-0.41729630661274836,0.6894211044492389,0.2128251914089816,2.370644210527148,200.0,13.0,1.2,0.5,0.3,3.0,IDLE,0.08,nan,0,0.05,20.0,0,unknown,unknown,nan,0,0.0,0,0.005155214999831514,1,0.00030263799999374896,1.6633999621262774e-05,0.00017769199985195883,9.030009096022695e-07,4.252000508131459e-06,1.1300289770588279e-07,2.375599797233008e-05,3.5949997254647315e-06,0.0005868809967068955,0.004413119003293105,0.0045638560004590545,0,0,0,200.0,0.0,0,0.0,1.0197723584129048,0.021500645261663974,1.7697723584129048,,,,,unknown,unknown,nan,,nan,,1.0,0.0,0.0,nan,nan,0.0,0,,3882282751,F04_M01_05,MDCEB22F,measured,hold_baseline,0.5,,1,1,1.0197723584129048,0.021500645261663974,1.7697723584129048,1.4697723584129048,1.3508718521142433,0.01142840009509577,0.0,-0.8223086963678308,0.8223881081648098,1,0,0,0,ad4b715165e84dd399d377549dc111fb1309cda1260e23e9ee621d07fad63984,6ba3dffa4798388fb8057a608cfa40a0e24aeba9257d245b2d5103a1844d1115
4,5.056044359000225,1.8855805700004566,APPROACH,,KFB_TIMING,kfb_timing,0.0024374301838545887,-0.0018653548748293455,0.009095312190474396,1,-28.28571428571429,0,0.30933872261020606,-0.002286190865708408,0.40754281600431835,0.3052091040828339,-0.001039917493029491,0.43168384943124044,0.6190101826222564,0.44824452916903457,-2.2796396924643982,-0.42179621748863705,0.695066052961629,0.21444402063885354,2.4043406355130266,200.0,13.0,1.2,0.5,0.3,3.0,IDLE,0.08,nan,0,0.05,20.0,0,unknown,unknown,nan,0,0.0,0,0.0050878849979199,1,0.0002243330018245615,2.1109997760504484e-05,0.0004094709984201472,1.5659970813430846e-06,5.499001417774707e-06,1.5299883671104908e-07,3.162400025757961e-05,1.4090001059230417e-06,0.0007723339986114297,0.00422766600138857,0.004313583001930965,0,0,0,200.0,0.0,0,0.0,1.0197723584129048,0.021500645261663974,1.7697723584129048,,,,,unknown,unknown,nan,,nan,,1.0,0.0,0.0,nan,nan,0.0,0,,3887206100,F04_M01_05,MDCEB22F,measured,hold_baseline,0.5,,1,1,1.0197723584129048,0.021500645261663974,1.7697723584129048,1.4697723584129048,1.3845682771001218,0.0095050913111282,0.0,-0.8398198462321991,0.8398736338797089,1,0,0,0,ad4b715165e84dd399d377549dc111fb1309cda1260e23e9ee621d07fad63984,6ba3dffa4798388fb8057a608cfa40a0e24aeba9257d245b2d5103a1844d1115
4,5.0611966340002255,1.890732845000457,APPROACH,kfb_intervention_on,KFB_TIMING,kfb_timing,0.002445380350433457,-0.0018772183776285401,0.0091153181575137,1,-28.28571428571429,0,0.3093148721104695,-0.0022506003573108243,0.4076028339054363,0.30518087948742895,-0.001037415902443742,0.4316174100421239,0.6182757648828472,0.45643407461248275,-2.3251906360591503,-0.4261961934527134,0.7057477625283297,0.21644650612202554,2.448899442591708,200.0,13.0,1.2,0.7,0.3,3.0,IDLE,0.08,nan,0,0.05,20.0,0,unknown,unknown,nan,0,0.0,0,0.0051522750000003725,1,0.0003080060014326591,1.4215998817235231e-05,0.00018537000141805038,9.489995136391371e-07,3.889999788952991e-06,1.1600059224292636e-07,4.030600030091591e-05,9.630020940676332e-07,0.000616483001067536,0.004383516998932464,0.004531965998467058,0,0,0,200.0,0.0,0,0.0,1.0197723584129048,0.021500645261663974,1.7697723584129048,,,,,unknown,unknown,nan,,nan,,1.0,0.0,0.0,nan,nan,0.0,0,,3892220157,F04_M01_05,MDCEB22F,measured,intervention,0.7,scheduled_onset,1,1,1.0197723584129048,0.021500645261663974,1.7697723584129048,1.4697723584129048,1.4291270841788033,0.13279303541799303,0.019503852228737906,-1.3276334452414051,1.3344005978081874,1,0,0,0,ad4b715165e84dd399d377549dc111fb1309cda1260e23e9ee621d07fad63984,6ba3dffa4798388fb8057a608cfa40a0e24aeba9257d245b2d5103a1844d1115
4,5.0664049180013535,1.895941129001585,APPROACH,,KFB_TIMING,kfb_timing,0.002458785480097092,-0.001894818797437389,0.009100089662088163,1,-28.28571428571429,0,0.3092746567214786,-0.0021977990978842774,0.4075571484191597,0.3051534222076609,-0.0010367825427844927,0.4315527009103026,0.6128292371749244,0.46195956410314004,-2.3649280035795375,-0.4289988922256801,0.7117324868271181,0.2177683024992486,2.4863327964931523,200.0,13.0,1.2,0.7,0.3,3.0,IDLE,0.08,nan,0,0.05,20.0,0,unknown,unknown,nan,0,0.0,0,0.00520828400112805,1,0.00019032100317417644,2.2077001631259918e-05,0.00011591200018301606,2.6039997464977205e-06,5.317000614013523e-06,1.490006980020553e-07,3.0277002224465832e-05,1.3169992598704994e-06,0.0004681060017901473,0.004531893998209853,0.004736324000987224,0,0,0,200.0,0.0,0,0.0,1.0197723584129048,0.021500645261663974,1.7697723584129048,,,,,unknown,unknown,nan,,nan,,1.0,0.0,0.0,nan,nan,0.0,0,,3897833123,F04_M01_05,MDCEB22F,measured,intervention,0.7,,1,1,1.0197723584129048,0.021500645261663974,1.7697723584129048,1.4697723584129048,1.4665604380802475,0.12898046602244712,0.023371694872198034,-1.3554496025056761,1.361773043377406,1,0,0,0,ad4b715165e84dd399d377549dc111fb1309cda1260e23e9ee621d07fad63984,6ba3dffa4798388fb8057a608cfa40a0e24aeba9257d245b2d5103a1844d1115
4,5.071584379002161,1.9011205900023924,APPROACH,,KFB_TIMING,kfb_timing,0.002476656374671149,-0.0018949112114780761,0.009068874361139644,1,-28.28571428571429,0,0.3092210440377564,-0.0021975218557622163,0.40746350251631414,0.30512130000324356,-0.0010374418428530131,0.43147409068678966,0.6129651671332892,0.46814705602100926,-2.392115357170089,-0.432174513853518,0.7176337572238716,0.21970961470734923,2.513384937527251,200.0,13.0,1.2,0.7,0.3,3.0,IDLE,0.08,nan,0,0.05,20.0,0,unknown,unknown,nan,0,0.0,0,0.0051794610008073505,1,0.00028691500119748525,1.864200021373108e-05,0.00044407600216800347,1.3259996194392443e-06,5.718000466004014e-06,1.320004230365157e-07,3.211299917893484e-05,1.368000084767118e-06,0.00087462599913124,0.00412537400086876,0.0042952920011885,0,0,0,200.0,0.0,0,0.0,1.0197723584129048,0.021500645261663974,1.7697723584129048,,,,,unknown,unknown,nan,,nan,,1.0,0.0,0.0,nan,nan,0.0,0,,3903380064,F04_M01_05,MDCEB22F,measured,intervention,0.7,,1,1,1.0197723584129048,0.021500645261663974,1.7697723584129048,1.4697723584129048,1.493612579114346,0.12907561699330244,0.027702939214706457,-1.3744807500190621,1.3808060326911593,1,0,0,0,ad4b715165e84dd399d377549dc111fb1309cda1260e23e9ee621d07fad63984,6ba3dffa4798388fb8057a608cfa40a0e24aeba9257d245b2d5103a1844d1115
4,5.076658997000777,1.9061952080010087,APPROACH,,KFB_TIMING,kfb_timing,0.0024922461261910334,-0.0018949088415072851,0.009024541232986261,1,-28.28571428571429,0,0.30917427478319676,-0.0021975289656745896,0.407330503131854,0.30510040906637503,-0.0010335477119171495,0.431424857525762,0.6060147444809743,0.4733265473176886,-2.4089277568752405,-0.4347604317833197,0.7163508650543532,0.22153364785859936,2.528680452087215,200.0,13.0,1.2,0.7,0.3,3.0,IDLE,0.08,nan,0,0.05,20.0,0,unknown,unknown,nan,0,0.0,0,0.005074617998616304,1,0.00045913199937785976,7.146600182750262e-05,0.00041620000047259964,4.2190004023723304e-06,2.086400127154775e-05,4.4599801185540855e-07,0.00010023999857367016,3.8430007407441735e-06,0.001310333998844726,0.003689666001155274,0.0037573669978883117,0,0,0,200.0,0.0,0,0.0,1.0197723584129048,0.021500645261663974,1.7697723584129048,,,,,unknown,unknown,nan,,nan,,1.0,0.0,0.0,nan,nan,0.0,0,,3907720031,F04_M01_05,MDCEB22F,measured,intervention,0.7,,1,1,1.0197723584129048,0.021500645261663974,1.7697723584129048,1.4697723584129048,1.50890809367431,0.12421032113668196,0.031328583122382014,-1.3862494298126682,1.3921555824164487,1,0,0,0,ad4b715165e84dd399d377549dc111fb1309cda1260e23e9ee621d07fad63984,6ba3dffa4798388fb8057a608cfa40a0e24aeba9257d245b2d5103a1844d1115
4,5.081724531999498,1.9112607429997297,APPROACH,,KFB_TIMING,kfb_timing,0.0025085474975640454,-0.001889038251511931,0.008970492988521664,1,-28.28571428571429,0,0.30913062846344114,-0.0022132472535552933,0.4071857909535868,0.30506947287014335,-0.001031221512478732,0.4313505792424673,0.599506820109462,0.47591413980475394,-2.439031472842033,-0.4356450453469188,0.7196800776367045,0.22283432862713887,2.5563210325265944,200.0,13.0,1.2,0.7,0.3,3.0,IDLE,0.08,nan,0,0.05,20.0,0,unknown,unknown,nan,0,0.0,0,0.0050655349987209775,1,0.0002407689971732907,2.9942999390186742e-05,0.00011355999959050678,1.7450001905672252e-06,5.628000508295372e-06,1.590015017427504e-07,3.85490020562429e-05,1.7409984138794243e-06,0.000514102001034189,0.004485897998965811,0.004547936998278601,0,0,0,200.0,0.0,0,0.0,1.0197723584129048,0.021500645261663974,1.7697723584129048,,,,,unknown,unknown,nan,,nan,,1.0,0.0,0.0,nan,nan,0.0,0,,3913222605,F04_M01_05,MDCEB22F,measured,intervention,0.7,,1,1,1.0197723584129048,0.021500645261663974,1.7697723584129048,1.4697723584129048,1.5365486741136896,0.1196547740766234,0.03313989786332777,-1.407322030989423,1.4127883127694376,1,0,1,0,ad4b715165e84dd399d377549dc111fb1309cda1260e23e9ee621d07fad63984,6ba3dffa4798388fb8057a608cfa40a0e24aeba9257d245b2d5103a1844d1115
4,5.086885852000705,1.9164220630009368,APPROACH,,KFB_TIMING,kfb_timing,0.0025212607904570583,-0.0018831494432262896,0.008922678187119651,1,-28.28571428571429,0,0.3090924885847621,-0.0022309136784122176,0.40704234654938076,0.3050438095442713,-0.001030061273959177,0.43129178935385526,0.6005357963603031,0.47636135961671777,-2.48123820479335,-0.43511888661397047,0.731899298922413,0.22365332776751276,2.5969417430069774,200.0,13.0,1.2,0.7,0.3,3.0,IDLE,0.08,nan,0,0.05,20.0,0,unknown,unknown,nan,0,0.0,0,0.005161320001207059,1,0.0005174020006961655,2.051199771813117e-05,0.00028496000231825747,1.0789990483317524e-06,5.137997504789382e-06,1.6599733498878777e-07,2.7168000087840483e-05,3.935998392989859e-06,0.0009423230003449135,0.004057676999655087,0.004214894001052016,0,0,0,200.0,0.0,0,0.0,1.0197723584129048,0.021500645261663974,1.7697723584129048,,,,,unknown,unknown,nan,,nan,,1.0,0.0,0.0,nan,nan,0.0,0,,3917958358,F04_M01_05,MDCEB22F,measured,intervention,0.7,,1,1,1.0197723584129048,0.021500645261663974,1.7697723584129048,1.4697723584129048,1.5771693845940726,0.12037505745221216,0.03345295173170243,-1.436866743355345,1.4422882141225388,1,0,0,0,ad4b715165e84dd399d377549dc111fb1309cda1260e23e9ee621d07fad63984,6ba3dffa4798388fb8057a608cfa40a0e24aeba9257d245b2d5103a1844d1115
4,5.091975040999387,1.9215112519996183,APPROACH,,KFB_TIMING,kfb_timing,0.0025281026417578734,-0.0018771488093200438,0.008867992130416537,1,-28.28571428571429,0,0.30907364623333416,-0.002247439330298082,0.40689174200489325,0.3050204615843961,-0.001030842734147011,0.4312337243336827,0.5930173139381271,0.47848584446589737,-2.5240855995490508,-0.4355263136156756,0.7392700411436617,0.22487185467306295,2.636593702456927,200.0,13.0,1.2,0.7,0.3,3.0,IDLE,0.08,nan,0,0.05,20.0,0,unknown,unknown,nan,0,0.0,0,0.005089188998681493,1,0.00022338100097840652,1.862600038293749e-05,0.00017074300194508396,1.2470009096432477e-06,4.98400186188519e-06,1.489970600232482e-07,2.8094000299461186e-05,1.2169984984211624e-06,0.0005150049983058125,0.004484995001694188,0.004570009998133173,0,0,0,200.0,0.0,0,0.0,1.0197723584129048,0.021500645261663974,1.7697723584129048,,,,,unknown,unknown,nan,,nan,,1.0,0.0,0.0,nan,nan,0.0,0,,3923561910,F04_M01_05,MDCEB22F,measured,intervention,0.7,,1,1,1.0197723584129048,0.021500645261663974,1.7697723584129048,1.4697723584129048,1.616821344044022,0.11511211975668895,0.03494009112612817,-1.4668599196843353,1.4717845066649924,1,0,1,0,ad4b715165e84dd399d377549dc111fb1309cda1260e23e9ee621d07fad63984,6ba3dffa4798388fb8057a608cfa40a0e24aeba9257d245b2d5103a1844d1115
4,5.097072108001157,1.9266083190013887,APPROACH,,KFB_TIMING,kfb_timing,0.0025313600333393693,-0.0018711309873640533,0.008819551428191994,1,-28.28571428571429,0,0.3090638740585897,-0.0022654927961660533,0.40674641989821964,0.30499708920626645,-0.0010269795208616922,0.4311773738042717,0.5792728881583088,0.4827175939209538,-2.55754467768524,-0.4372183292875173,0.7402366910934484,0.2263979695781667,2.6663848433397983,200.0,13.0,1.2,0.7,0.3,3.0,IDLE,0.08,nan,0,0.05,20.0,0,unknown,unknown,nan,0,0.0,0,0.005097067001770483,1,0.0004965469997841865,2.5216002541128546e-05,0.0003697720021591522,1.9429971871431917e-06,6.727001164108515e-06,1.3799945008940995e-07,3.678500070236623e-05,1.6989979485515505e-06,0.001038001002598321,0.003961998997401679,0.004055477998917922,0,0,0,200.0,0.0,0,0.0,1.0197723584129048,0.021500645261663974,1.7697723584129048,,,,,unknown,unknown,nan,,nan,,1.0,0.0,0.0,nan,nan,0.0,0,,3928219299,F04_M01_05,MDCEB22F,measured,intervention,0.7,,1,1,1.0197723584129048,0.021500645261663974,1.7697723584129048,1.4697723584129048,1.6466124849268935,0.10549102171081615,0.03790231574466768,-1.4902812743796678,1.4944909561342576,1,0,0,0,ad4b715165e84dd399d377549dc111fb1309cda1260e23e9ee621d07fad63984,6ba3dffa4798388fb8057a608cfa40a0e24aeba9257d245b2d5103a1844d1115
4,5.1021600640015095,1.931696275001741,APPROACH,,KFB_TIMING,kfb_timing,0.0025308797742748246,-0.0018767522234794118,0.00877740518352638,1,-28.28571428571429,0,0.30906531483578337,-0.0022486290878199777,0.4066199811642228,0.30497264568143234,-0.0010269485048734336,0.43112062426488396,0.5801117564172924,0.4829355707735753,-2.568782619392769,-0.43640770814084373,0.7442227437297463,0.22645779857331327,2.6773868904486573,200.0,13.0,1.2,0.7,0.3,3.0,IDLE,0.08,nan,0,0.05,20.0,0,unknown,unknown,nan,0,0.0,0,0.005087956000352278,1,0.0002918459977081511,2.0698000298580155e-05,0.00016248300016741268,1.410000550094992e-06,5.054000212112442e-06,1.2800228432752192e-07,2.8806000045733526e-05,1.2300006346777081e-06,0.0005903679993934929,0.004409632000606507,0.004494234999583568,0,0,0,200.0,0.0,0,0.0,1.0197723584129048,0.021500645261663974,1.7697723584129048,,,,,unknown,unknown,nan,,nan,,1.0,0.0,0.0,nan,nan,0.0,0,,3933218490,F04_M01_05,MDCEB22F,measured,intervention,0.7,,1,1,1.0197723584129048,0.021500645261663974,1.7697723584129048,1.4697723584129048,1.6576145320357525,0.10607822949210466,0.03805489954150271,-1.4981478335749383,1.5023806765918466,1,0,0,0,ad4b715165e84dd399d377549dc111fb1309cda1260e23e9ee621d07fad63984,6ba3dffa4798388fb8057a608cfa40a0e24aeba9257d245b2d5103a1844d1115
4,5.107333305000793,1.9368695160010247,APPROACH,,KFB_TIMING,kfb_timing,0.0025245240338206687,-0.0018822597218438424,0.008728402088185845,1,-28.28571428571429,0,0.30908438205714583,-0.002232106592726686,0.4064729718782012,0.30494997790596623,-0.0010254662312345524,0.43106521585674545,0.588001725182008,0.4796434112378183,-2.5474353188155963,-0.4333722527259581,0.7431371611919765,0.22525156271394342,2.6580501376591803,200.0,13.0,1.2,0.7,0.3,3.0,IDLE,0.08,nan,0,0.05,20.0,0,unknown,unknown,nan,0,0.0,0,0.005173240999283735,1,0.00022365699987858534,1.9337003323016688e-05,0.00014149500202620402,9.979994501918554e-07,5.109999619890004e-06,1.4800025383010507e-07,3.185300010954961e-05,1.3800017768517137e-06,0.0005047470003773924,0.004495252999622608,0.004660540998884244,0,0,0,200.0,0.0,0,0.0,1.0197723584129048,0.021500645261663974,1.7697723584129048,,,,,unknown,unknown,nan,,nan,,1.0,0.0,0.0,nan,nan,0.0,0,,3938872869,F04_M01_05,MDCEB22F,measured,intervention,0.7,,1,1,1.0197723584129048,0.021500645261663974,1.7697723584129048,1.4697723584129048,1.6382777792462755,0.11160120762740561,0.03575038786647278,-1.4832047231709171,1.4878269961971438,1,0,0,0,ad4b715165e84dd399d377549dc111fb1309cda1260e23e9ee621d07fad63984,6ba3dffa4798388fb8057a608cfa40a0e24aeba9257d245b2d5103a1844d1115
4,5.112431174999074,1.9419673859993054,APPROACH,,KFB_TIMING,kfb_timing,0.0025145938684672797,-0.0018877469215844154,0.008685659527500354,1,-28.28571428571429,0,0.309114172553206,-0.002215644993504967,0.40634474419614475,0.3049273094382657,-0.001024765339421905,0.4310129006269838,0.5909785520466536,0.47239435603289226,-2.5284362636512414,-0.42813207322080843,0.7393603537635908,0.22234796079911817,2.6392048075012178,200.0,13.0,1.2,0.7,0.3,3.0,IDLE,0.08,nan,0,0.05,20.0,0,unknown,unknown,nan,0,0.0,0,0.0050978699982806575,1,0.0003112340018560644,3.2223000744124874e-05,0.0004923960004816763,2.4759974621701986e-06,7.185997674241662e-06,1.309999788645655e-07,4.0169998101191595e-05,1.5520017768722028e-06,0.0009938080002029892,0.004006191999797011,0.004100431000551907,0,0,0,200.0,0.0,0,0.0,1.0197723584129048,0.021500645261663974,1.7697723584129048,,,,,unknown,unknown,nan,,nan,,1.0,0.0,0.0,nan,nan,0.0,0,,3943541816,F04_M01_05,MDCEB22F,measured,intervention,0.7,,1,1,1.0197723584129048,0.021500645261663974,1.7697723584129048,1.4697723584129048,1.619432449088313,0.11368498643265751,0.030676049223024582,-1.4699053845558687,1.474614232835986,1,0,0,0,ad4b715165e84dd399d377549dc111fb1309cda1260e23e9ee621d07fad63984,6ba3dffa4798388fb8057a608cfa40a0e24aeba9257d245b2d5103a1844d1115
4,5.117530948999047,1.9470671599992784,APPROACH,,KFB_TIMING,kfb_timing,0.0024986208360956996,-0.0019047680000875557,0.008636113267444097,1,-28.28571428571429,0,0.3091587917351656,-0.0021680981920453434,0.4062063413217601,0.30490531563671786,-0.0010244201565245917,0.43095892924082535,0.5862724399558812,0.457475321668524,-2.574654037710203,-0.4186714081469882,0.7496759173275768,0.21643294989188827,2.6798959788926497,200.0,13.0,1.2,0.7,0.3,3.0,IDLE,0.08,nan,0,0.05,20.0,0,unknown,unknown,nan,0,0.0,0,0.005099773999972967,1,0.00019466900266706944,1.852100103860721e-05,0.00021802499759360217,1.5709993022028357e-06,5.901998520130292e-06,1.3800308806821704e-07,3.154300065943971e-05,1.3270000636111945e-06,0.0005563820013776422,0.004443617998622358,0.0045396730020002,0,0,0,200.0,0.0,0,0.0,1.0197723584129048,0.021500645261663974,1.7697723584129048,,,,,unknown,unknown,nan,,nan,,1.0,0.0,0.0,nan,nan,0.0,0,,3948699168,F04_M01_05,MDCEB22F,measured,intervention,0.7,,1,1,1.0197723584129048,0.021500645261663974,1.7697723584129048,1.4697723584129048,1.660123620479745,0.11039070796911682,0.020232725167966814,-1.502257826397142,1.506444173723378,1,0,1,0,ad4b715165e84dd399d377549dc111fb1309cda1260e23e9ee621d07fad63984,6ba3dffa4798388fb8057a608cfa40a0e24aeba9257d245b2d5103a1844d1115
4,5.12262921400179,1.952165425002022,APPROACH,,KFB_TIMING,kfb_timing,0.0024826272206918687,-0.0019217806258519882,0.008586573793956331,1,-28.28571428571429,0,0.30920345744396466,-0.0021205866714094474,0.4060679913839259,0.30488206013745395,-0.0010239937185470222,0.4309045947100071,0.5572206457739144,0.45235957360759205,-2.6096923633212934,-0.41489819874730693,0.7412240988930827,0.21375308644449395,2.706587937438689,200.0,13.0,1.2,0.7,0.3,3.0,IDLE,0.08,nan,0,0.05,20.0,0,unknown,unknown,nan,0,0.0,0,0.005098265002743574,1,0.0003670109981612768,1.9131999579258263e-05,0.00011845100016216747,1.1980009730905294e-06,5.093999789096415e-06,1.309999788645655e-07,2.831200254149735e-05,3.4290023904759437e-06,0.0006132880007498898,0.00438671199925011,0.004481502997805364,0,0,0,200.0,0.0,0,0.0,1.0197723584129048,0.021500645261663974,1.7697723584129048,,,,,unknown,unknown,nan,,nan,,1.0,0.0,0.0,nan,nan,0.0,0,,3954133606,F04_M01_05,MDCEB22F,measured,intervention,0.7,,1,1,1.0197723584129048,0.021500645261663974,1.7697723584129048,1.4697723584129048,1.6868155790257844,0.09005445204174006,0.016651701525314422,-1.5267846543249053,1.529528837315023,1,0,1,0,ad4b715165e84dd399d377549dc111fb1309cda1260e23e9ee621d07fad63984,6ba3dffa4798388fb8057a608cfa40a0e24aeba9257d245b2d5103a1844d1115
4,5.1277870850026375,1.957323296002869,APPROACH,,KFB_TIMING,kfb_timing,0.002467143336229577,-0.0019445672175251766,0.008527376880505347,1,-28.28571428571429,0,0.309240151950254,-0.002066585833731964,0.4059277034918128,0.3048551711555737,-0.0010230918415156552,0.43083969485738605,0.5387900179979714,0.45735616453573813,-2.5882036981915677,-0.4168184155082305,0.7229604355651946,0.21484814354537962,2.6829587637654075,200.0,13.0,1.2,0.7,0.3,3.0,IDLE,0.08,nan,0,0.05,20.0,0,unknown,unknown,nan,0,0.0,0,0.005157871000847081,1,0.00032092599940369837,2.036099976976402e-05,0.000479481001093518,1.5400000847876072e-06,5.875001079402864e-06,1.3500175555236638e-07,4.0618997445562854e-05,1.334003172814846e-06,0.0009594679977453779,0.004040532002254622,0.004195096000330523,0,0,0,200.0,0.0,0,0.0,1.0197723584129048,0.021500645261663974,1.7697723584129048,,,,,unknown,unknown,nan,,nan,,1.0,0.0,0.0,nan,nan,0.0,0,,3959284826,F04_M01_05,MDCEB22F,measured,intervention,0.7,,1,1,1.0197723584129048,0.021500645261663974,1.7697723584129048,1.4697723584129048,1.6631864053525027,0.07715301259857998,0.02014931517501667,-1.5117425887340972,1.5138441917342513,1,0,1,0,ad4b715165e84dd399d377549dc111fb1309cda1260e23e9ee621d07fad63984,6ba3dffa4798388fb8057a608cfa40a0e24aeba9257d245b2d5103a1844d1115
4,5.132851248999941,1.9623874600001727,APPROACH,,KFB_TIMING,kfb_timing,0.0024486074645714284,-0.001973102657402667,0.008464788290614842,1,-28.28571428571429,0,0.3092796809880322,-0.0020057320200167015,0.40579422896307765,0.3048342945842162,-0.0010203177038181615,0.43078682239624405,0.5330597437966791,0.4642923176432776,-2.5713912695582866,-0.4197951584213099,0.7141082504078448,0.21704169937889034,2.6667907881646293,200.0,13.0,1.2,0.7,0.3,3.0,IDLE,0.08,nan,0,0.05,20.0,0,unknown,unknown,nan,0,0.0,0,0.0050641639973036945,1,0.0004685299973061774,1.8613001884659752e-05,0.0003303600024082698,1.18200114229694e-06,5.803998647024855e-06,1.5299883671104908e-07,2.735499947448261e-05,1.324999175267294e-06,0.000939334997383412,0.004060665002616588,0.00412148800023715,0,0,0,200.0,0.0,0,0.0,1.0197723584129048,0.021500645261663974,1.7697723584129048,,,,,unknown,unknown,nan,,nan,,1.0,0.0,0.0,nan,nan,0.0,0,,3963970192,F04_M01_05,MDCEB22F,measured,intervention,0.7,,1,1,1.0197723584129048,0.021500645261663974,1.7697723584129048,1.4697723584129048,1.6470184297517245,0.07314182065767533,0.025004622350294325,-1.4999738886908005,1.5019642551746037,1,0,1,0,ad4b715165e84dd399d377549dc111fb1309cda1260e23e9ee621d07fad63984,6ba3dffa4798388fb8057a608cfa40a0e24aeba9257d245b2d5103a1844d1115
4,5.137991461000638,1.9675276720008696,APPROACH,,KFB_TIMING,kfb_timing,0.0024431721624437186,-0.001990142151188917,0.008396469058351471,1,-28.28571428571429,0,0.3092915492926807,-0.001968525274455974,0.4056450498663501,0.304811342407323,-0.0010202309342706734,0.43073605738179377,0.5275838873584592,0.4680558687968784,-2.6166551420394732,-0.42086283886600434,0.7236340334554268,0.21870002161690782,2.710037857092974,200.0,13.0,1.2,0.7,0.3,3.0,IDLE,0.08,nan,0,0.05,20.0,0,unknown,unknown,nan,0,0.0,0,0.00514021200069692,1,0.0002494390028005,1.8232000002171844e-05,0.00018921299852081574,1.1019983503501862e-06,5.0679991545621306e-06,1.449989213142544e-07,2.810400110320188e-05,1.2320015230216086e-06,0.0005613950015685987,0.004438604998431401,0.00457545300014317,0,0,0,200.0,0.0,0,0.0,1.0197723584129048,0.021500645261663974,1.7697723584129048,,,,,unknown,unknown,nan,,nan,,1.0,0.0,0.0,nan,nan,0.0,0,,3969503354,F04_M01_05,MDCEB22F,measured,intervention,0.7,,1,1,1.0197723584129048,0.021500645261663974,1.7697723584129048,1.4697723584129048,1.6902654986800694,0.0693087211509214,0.02763910815781484,-1.531658599427631,1.5334750354433384,1,0,1,0,ad4b715165e84dd399d377549dc111fb1309cda1260e23e9ee621d07fad63984,6ba3dffa4798388fb8057a608cfa40a0e24aeba9257d245b2d5103a1844d1115
4,5.143176993002271,1.9727132040025026,APPROACH,,KFB_TIMING,kfb_timing,0.002448318909406333,-0.0020072322313327493,0.008309333970716242,1,-28.28571428571429,0,0.3092825474916258,-0.0019386342573563214,0.40549264821740727,0.30479105460284645,-0.0010193231323018448,0.43068410813990404,0.5218531685998304,0.46801238047461813,-2.661857282725175,-0.4197272014486407,0.7333086478559585,0.21948387630086527,2.7526079472842215,200.0,13.0,1.2,0.7,0.3,3.0,IDLE,0.08,nan,0,0.05,20.0,0,unknown,unknown,nan,0,0.0,0,0.005185532001632964,1,0.0004339420011092443,1.789700036169961e-05,0.00037482699917745776,1.2410018825903535e-06,6.427999323932454e-06,1.9599974621087313e-07,3.5589000617619604e-05,1.3980024959892035e-06,0.0009616450006433297,0.00403835499935667,0.004217616002279101,0,0,0,200.0,0.0,0,0.0,1.0197723584129048,0.021500645261663974,1.7697723584129048,,,,,unknown,unknown,nan,,nan,,1.0,0.0,0.0,nan,nan,0.0,0,,3974595464,F04_M01_05,MDCEB22F,measured,intervention,0.7,,1,1,1.0197723584129048,0.021500645261663974,1.7697723584129048,1.4697723584129048,1.7328355888713167,0.06529721801988131,0.02760866633223269,-1.5633000979076224,1.5649067580069307,1,0,1,0,ad4b715165e84dd399d377549dc111fb1309cda1260e23e9ee621d07fad63984,6ba3dffa4798388fb8057a608cfa40a0e24aeba9257d245b2d5103a1844d1115
4,5.148264875999303,1.9778010869995342,APPROACH,,KFB_TIMING,kfb_timing,0.0024562657187044423,-0.0020301928673884763,0.008225619480614203,1,-28.28571428571429,0,0.309268632324865,-0.001898429306203791,0.40534606094616865,0.3047690155748578,-0.0010189004061775565,0.43063161175933484,0.5152013509376786,0.4701465737403584,-2.6960001144920573,-0.41999877471386043,0.7392685854334978,0.22100381137436037,2.784759747294009,200.0,13.0,1.2,0.7,0.3,3.0,IDLE,0.08,nan,0,0.05,20.0,0,unknown,unknown,nan,0,0.0,0,0.0050878829970315564,1,0.00027319799846736714,3.069000013056211e-05,0.00041341200267197564,2.0790030248463154e-06,6.714999472023919e-06,1.2600139598362148e-07,3.867800114676356e-05,1.519998477306217e-06,0.0008714739997230936,0.0041285260002769065,0.004211942999972962,0,0,0,200.0,0.0,0,0.0,1.0197723584129048,0.021500645261663974,1.7697723584129048,,,,,unknown,unknown,nan,,nan,,1.0,0.0,0.0,nan,nan,0.0,0,,3979548015,F04_M01_05,MDCEB22F,measured,intervention,0.7,,1,1,1.0197723584129048,0.021500645261663974,1.7697723584129048,1.4697723584129048,1.7649873888811043,0.06064094565637501,0.029102601618250845,-1.58720008014444,1.5886246819565553,1,0,1,0,ad4b715165e84dd399d377549dc111fb1309cda1260e23e9ee621d07fad63984,6ba3dffa4798388fb8057a608cfa40a0e24aeba9257d245b2d5103a1844d1115
4,5.153421195002011,1.9829574060022424,APPROACH,,KFB_TIMING,kfb_timing,0.002464654796342891,-0.002058920024959598,0.0081322104978317,1,-28.28571428571429,0,0.30925540207024854,-0.001853124252960311,0.40519874741791917,0.30474706850843064,-0.0010166403700044117,0.43057875832434317,0.5140776740989479,0.47017816683149405,-2.741900420944076,-0.41905111613948887,0.752064108582401,0.22162180089442135,2.8290212586591337,200.0,13.0,1.2,0.7,0.3,3.0,IDLE,0.08,nan,0,0.05,20.0,0,unknown,unknown,nan,0,0.0,0,0.005156319002708187,1,0.00036060700222151354,1.9023002096218988e-05,0.00022080100097809918,1.9789986254181713e-06,5.85300222155638e-06,1.4400211512111127e-07,3.297399962320924e-05,1.420001353835687e-06,0.0007306190018425696,0.0042693809981574305,0.004422384001372848,0,0,0,200.0,0.0,0,0.0,1.0197723584129048,0.021500645261663974,1.7697723584129048,,,,,unknown,unknown,nan,,nan,,1.0,0.0,0.0,nan,nan,0.0,0,,3984745120,F04_M01_05,MDCEB22F,measured,intervention,0.7,,1,1,1.0197723584129048,0.021500645261663974,1.7697723584129048,1.4697723584129048,1.8092489002462289,0.05985437186926351,0.029124716782045812,-1.619330294660853,1.6206978121062245,1,0,1,0,ad4b715165e84dd399d377549dc111fb1309cda1260e23e9ee621d07fad63984,6ba3dffa4798388fb8057a608cfa40a0e24aeba9257d245b2d5103a1844d1115
4,5.158541728000273,1.9880779390005046,APPROACH,,KFB_TIMING,kfb_timing,0.0024706022807373385,-0.0020875317615345465,0.008025659977105798,1,-28.28571428571429,0,0.30924713284253663,-0.0018133432381176675,0.40505060234341855,0.30472527738189137,-0.0010154034930639107,0.43052690602967014,0.5081359687136193,0.4717528003840141,-2.796948833184376,-0.4191524027348769,0.76429271727726,0.2221995954133834,2.881609904692537,200.0,13.0,1.2,0.7,0.3,3.0,IDLE,0.08,nan,0,0.05,20.0,0,unknown,unknown,nan,0,0.0,0,0.005120532998262206,1,0.0002856050014088396,1.843299833126366e-05,0.00034085299921571277,1.2450000212993473e-06,5.734000296797603e-06,1.3899989426136017e-07,4.454300142242573e-05,6.237998604774475e-06,0.0007878920005168766,0.0042121079994831235,0.004329341998527525,0,0,0,200.0,0.0,0,0.0,1.0197723584129048,0.021500645261663974,1.7697723584129048,,,,,unknown,unknown,nan,,nan,,1.0,0.0,0.0,nan,nan,0.0,0,,3989719215,F04_M01_05,MDCEB22F,measured,intervention,0.7,,1,1,1.0197723584129048,0.021500645261663974,1.7697723584129048,1.4697723584129048,1.8618375462796322,0.055695178099533504,0.030226960268809888,-1.657864183229063,1.659074824118671,1,0,1,0,ad4b715165e84dd399d377549dc111fb1309cda1260e23e9ee621d07fad63984,6ba3dffa4798388fb8057a608cfa40a0e24aeba9257d245b2d5103a1844d1115
4,5.163653629999317,1.9931898409995483,APPROACH,,KFB_TIMING,kfb_timing,0.0024795025694641093,-0.0021103800817950614,0.007922468699026177,1,-28.28571428571429,0,0.3092342640622978,-0.0017803072298167274,0.40490139978146417,0.30469786029907064,-0.0010138662609947358,0.4304611285789771,0.48838695006337607,0.4745147438347045,-2.831181221752051,-0.42004389637372386,0.7615657435724104,0.22248528638987786,2.911919155043656,200.0,13.0,1.2,0.7,0.3,3.0,IDLE,0.08,nan,0,0.05,20.0,0,unknown,unknown,nan,0,0.0,0,0.005111901999043766,1,0.00033229000109713525,1.9050999981118366e-05,0.00016472500283271074,1.2589989637490362e-06,4.7810026444494724e-06,1.3399767340160906e-07,2.6973997591994703e-05,1.243999577127397e-06,0.0006190490021253936,0.0043809509978746065,0.004489446000661701,0,0,0,200.0,0.0,0,0.0,1.0197723584129048,0.021500645261663974,1.7697723584129048,,,,,unknown,unknown,nan,,nan,,1.0,0.0,0.0,nan,nan,0.0,0,,3995108667,F04_M01_05,MDCEB22F,measured,intervention,0.7,,1,1,1.0197723584129048,0.021500645261663974,1.7697723584129048,1.4697723584129048,1.892146796630751,0.041870865044363215,0.03216032068429314,-1.6818268552264355,1.6826553498940064,1,0,1,0,ad4b715165e84dd399d377549dc111fb1309cda1260e23e9ee621d07fad63984,6ba3dffa4798388fb8057a608cfa40a0e24aeba9257d245b2d5103a1844d1115
4,5.168717591001041,1.9982538020012726,APPROACH,,KFB_TIMING,kfb_timing,0.0024883211205849465,-0.0021332188615035266,0.007819243850142215,1,-28.28571428571429,0,0.3092216358756447,-0.0017476020417267933,0.4047535815468037,0.304674388087235,-0.0010137069007778825,0.43040489057951026,0.44517589972647875,0.4762629272853886,-2.8268183084014336,-0.42044334333801975,0.7326322902384249,0.22203081567922875,2.9010187359472996,200.0,13.0,1.2,0.7,0.3,3.0,IDLE,0.08,nan,0,0.05,20.0,0,unknown,unknown,nan,0,0.0,0,0.005063961001724238,1,0.0002967590007756371,1.8910002836491913e-05,0.0004602879998856224,1.214997610077262e-06,5.735997547162697e-06,1.3500175555236638e-07,3.197600017301738e-05,1.3829994713887572e-06,0.0009013520029839128,0.004098647997016087,0.004159332998824539,0,0,0,200.0,0.0,0,0.0,1.0197723584129048,0.021500645261663974,1.7697723584129048,,,,,unknown,unknown,nan,,nan,,1.0,0.0,0.0,nan,nan,0.0,0,,3999968405,F04_M01_05,MDCEB22F,measured,intervention,0.7,,1,1,1.0197723584129048,0.021500645261663974,1.7697723584129048,1.4697723584129048,1.8812463775343948,0.011623129808535138,0.033384049099771995,-1.6787728158810034,1.679144948842081,1,0,1,0,ad4b715165e84dd399d377549dc111fb1309cda1260e23e9ee621d07fad63984,6ba3dffa4798388fb8057a608cfa40a0e24aeba9257d245b2d5103a1844d1115
4,5.173793492002005,2.003329703002237,APPROACH,,KFB_TIMING,kfb_timing,0.0025010325922225907,-0.00216183549606862,0.007700005594425438,1,-28.28571428571429,0,0.3092059346567431,-0.0017122547541473694,0.40460629836765477,0.30465067020665226,-0.0010140535971962699,0.43035021536824325,0.4087739322072807,0.4797088263516159,-2.799983499083973,-0.42190093886571634,0.7017453140600107,0.22234018157576907,2.870039073057086,200.0,13.0,1.2,0.7,0.3,3.0,IDLE,0.08,nan,0,0.05,20.0,0,unknown,unknown,nan,0,0.0,0,0.0050759010009642225,1,0.0002616339988890104,1.860699921962805e-05,0.000304162000247743,1.062999217538163e-06,5.276997399050742e-06,1.629996404517442e-07,2.8665999707300216e-05,1.3190001482143998e-06,0.0006938820006325841,0.004306117999367416,0.00437253899872303,0,0,0,200.0,0.0,0,0.0,1.0197723584129048,0.021500645261663974,1.7697723584129048,,,,,unknown,unknown,nan,,nan,,1.0,0.0,0.0,nan,nan,0.0,0,,4005293875,F04_M01_05,MDCEB22F,measured,intervention,0.7,,1,1,1.0197723584129048,0.021500645261663974,1.7697723584129048,1.4697723584129048,1.8502667146441811,0.0,0.03579617844613109,-1.6599884493587809,1.6603743609186203,1,0,1,0,ad4b715165e84dd399d377549dc111fb1309cda1260e23e9ee621d07fad63984,6ba3dffa4798388fb8057a608cfa40a0e24aeba9257d245b2d5103a1844d1115
4,5.17890878000253,2.0084449910027615,APPROACH,,KFB_TIMING,kfb_timing,0.002510127716537386,-0.0021904186037555967,0.007587020567999441,1,-28.28571428571429,0,0.30919399505341466,-0.0016747323458915094,0.4044579775365267,0.30462678776063773,-0.001010428873556942,0.43029279369131673,0.3926658655210169,0.4791922168070827,-2.786453268396852,-0.4209169986214677,0.6881170766940665,0.2220106892070113,2.8544935592068437,200.0,13.0,1.2,0.7,0.3,3.0,IDLE,0.08,nan,0,0.05,20.0,0,unknown,unknown,nan,0,0.0,0,0.0051152880005247425,1,0.0003573989997676108,3.280400051153265e-05,0.0004190990002825856,1.954002073034644e-06,6.684000254608691e-06,1.4799661585129797e-07,3.62169994332362e-05,3.990700133726932e-05,0.0009891759982565418,0.004010824001743458,0.004122605998418294,0,0,0,200.0,0.0,0,0.0,1.0197723584129048,0.021500645261663974,1.7697723584129048,,,,,unknown,unknown,nan,,nan,,1.0,0.0,0.0,nan,nan,0.0,0,,4009962010,F04_M01_05,MDCEB22F,measured,intervention,0.7,,1,1,1.0197723584129048,0.021500645261663974,1.7697723584129048,1.4697723584129048,1.8347212007939389,0.0,0.035434551764957856,-1.6505172878777963,1.6508976119197276,1,0,1,0,ad4b715165e84dd399d377549dc111fb1309cda1260e23e9ee621d07fad63984,6ba3dffa4798388fb8057a608cfa40a0e24aeba9257d245b2d5103a1844d1115
4,5.183973772000172,2.0135099830004037,APPROACH,,KFB_TIMING,kfb_timing,0.0025254940782558633,-0.002224884530330172,0.0074711240785300115,1,-28.28571428571429,0,0.3091748383925166,-0.0016317649812007885,0.4043134937746109,0.3046053871978641,-0.001009393493823947,0.4302382945769492,0.39402066889907933,0.4796256101092996,-2.7809778767750104,-0.4204269736578244,0.6882480103368551,0.2225909141803247,2.8494088798388413,200.0,13.0,1.2,0.7,0.3,3.0,IDLE,0.08,nan,0,0.05,20.0,0,unknown,unknown,nan,0,0.0,0,0.00506499199764221,1,0.0002205320015491452,1.9796003471128643e-05,0.00015033599993330427,1.1840020306408405e-06,4.882997018285096e-06,1.3399767340160906e-07,3.14819990308024e-05,1.30099942907691e-06,0.0004993609982193448,0.004500639001780655,0.004562250000162749,0,0,0,200.0,0.0,0,0.0,1.0197723584129048,0.021500645261663974,1.7697723584129048,,,,,unknown,unknown,nan,,nan,,1.0,0.0,0.0,nan,nan,0.0,0,,4014965305,F04_M01_05,MDCEB22F,measured,intervention,0.7,,1,1,1.0197723584129048,0.021500645261663974,1.7697723584129048,1.4697723584129048,1.8296365214259365,0.0,0.03573792707650969,-1.646684513742507,1.6470722774763478,1,0,1,0,ad4b715165e84dd399d377549dc111fb1309cda1260e23e9ee621d07fad63984,6ba3dffa4798388fb8057a608cfa40a0e24aeba9257d245b2d5103a1844d1115
4,5.189040002002002,2.018576213002234,APPROACH,,KFB_TIMING,kfb_timing,0.002540753858482264,-0.0022593373244168833,0.007355176754511764,1,-28.28571428571429,0,0.3091558148287594,-0.0015888144986121457,0.4041689483566424,0.3045834697429501,-0.0010102541402743862,0.4301866192309872,0.40744194145667545,0.48030600111131977,-2.8025259645532796,-0.42003745646237683,0.7039581130922075,0.22337245808738626,2.8724300813695747,200.0,13.0,1.2,0.7,0.3,3.0,IDLE,0.08,nan,0,0.05,20.0,0,unknown,unknown,nan,0,0.0,0,0.005066230001830263,1,0.00016795299961813726,1.8145001376979053e-05,0.00014503700003842823,1.0559997463133186e-06,4.942998202750459e-06,1.400003384333104e-07,2.653499905136414e-05,1.2669988791458309e-06,0.00043255299897282384,0.004567447001027176,0.004628438997315243,0,0,0,200.0,0.0,0,0.0,1.0197723584129048,0.021500645261663974,1.7697723584129048,,,,,unknown,unknown,nan,,nan,,1.0,0.0,0.0,nan,nan,0.0,0,,4020229061,F04_M01_05,MDCEB22F,measured,intervention,0.7,,1,1,1.0197723584129048,0.021500645261663974,1.7697723584129048,1.4697723584129048,1.8526577229566699,0.0,0.03621420077792381,-1.6617681751872955,1.662162728616936,1,0,1,0,ad4b715165e84dd399d377549dc111fb1309cda1260e23e9ee621d07fad63984,6ba3dffa4798388fb8057a608cfa40a0e24aeba9257d245b2d5103a1844d1115
4,5.194130767999013,2.0236669789992447,APPROACH,,KFB_TIMING,kfb_timing,0.00255424250086439,-0.002299724804405491,0.007268374295647249,1,-28.28571428571429,0,0.30913450799687336,-0.0015250179190869273,0.40403183408332066,0.304559807719818,-0.00100980045698814,0.4301316354964665,0.4190950247426285,0.4836029901695378,-2.8258998691350037,-0.42117636575302,0.7188301456443986,0.22481882049735089,2.8974510457024416,200.0,13.0,1.2,0.7,0.3,3.0,IDLE,0.08,nan,0,0.05,20.0,0,unknown,unknown,nan,0,0.0,0,0.005090765997010749,1,0.0003307189981569536,2.2394000552594662e-05,0.0001586719990882557,1.2460004654712975e-06,5.268000677460805e-06,1.6099875210784376e-07,3.119200118817389e-05,3.7569989217445254e-06,0.000637036999250995,0.004362963000749005,0.004448491003131494,0,0,0,200.0,0.0,0,0.0,1.0197723584129048,0.021500645261663974,1.7697723584129048,,,,,unknown,unknown,nan,,nan,,1.0,0.0,0.0,nan,nan,0.0,0,,4025238057,F04_M01_05,MDCEB22F,measured,intervention,0.7,,1,1,1.0197723584129048,0.021500645261663974,1.7697723584129048,1.4697723584129048,1.8776786872895368,0.0,0.03852209311867644,-1.6781299083945025,1.6785719946151805,1,0,1,0,ad4b715165e84dd399d377549dc111fb1309cda1260e23e9ee621d07fad63984,6ba3dffa4798388fb8057a608cfa40a0e24aeba9257d245b2d5103a1844d1115
4,5.19930585900147,2.0288420700017014,APPROACH,,KFB_TIMING,kfb_timing,0.002567464875076003,-0.002351714370188936,0.00718159767142032,1,-28.28571428571429,0,0.3091143862103577,-0.0014459002865805715,0.4038997775646275,0.30453756493529277,-0.0010077171759248745,0.43007763769006213,0.42478518900565543,0.4861533837607751,-2.8341749609567763,-0.4217825217364761,0.7252151349937159,0.2256609188682654,2.9067740329538805,200.0,13.0,1.2,0.7,0.3,3.0,IDLE,0.08,nan,0,0.05,20.0,0,unknown,unknown,nan,0,0.0,0,0.005175091002456611,1,0.0002599500003270805,2.391499947407283e-05,0.00013618599768960848,1.5359983080998063e-06,5.6779972510412335e-06,1.309999788645655e-07,3.3419000828871503e-05,1.2380005500745028e-06,0.0005549370034714229,0.004445062996528577,0.004616917998646386,0,0,0,200.0,0.0,0,0.0,1.0197723584129048,0.021500645261663974,1.7697723584129048,,,,,unknown,unknown,nan,,nan,,1.0,0.0,0.0,nan,nan,0.0,0,,4030824565,F04_M01_05,MDCEB22F,measured,intervention,0.7,,1,1,1.0197723584129048,0.021500645261663974,1.7697723584129048,1.4697723584129048,1.8870016745409757,0.0,0.040307368632542584,-1.6839224726697433,1.6844048141489807,1,0,1,0,ad4b715165e84dd399d377549dc111fb1309cda1260e23e9ee621d07fad63984,6ba3dffa4798388fb8057a608cfa40a0e24aeba9257d245b2d5103a1844d1115
4,5.204477154002234,2.0340133650024654,APPROACH,,KFB_TIMING,kfb_timing,0.0025836880651407823,-0.0023979574917827244,0.007098169969340772,1,-28.28571428571429,0,0.30908837400628764,-0.0013717542332500672,0.4037660098899024,0.3045094716854666,-0.0010082206251963953,0.4300111150995115,0.41613598425564163,0.49042466460442946,-2.821445010012768,-0.4234266135021952,0.7161357070869255,0.22663095437132025,2.893827474741839,200.0,13.0,1.2,0.7,0.3,3.0,IDLE,0.08,nan,0,0.05,20.0,0,unknown,unknown,nan,0,0.0,0,0.005171295000764076,1,0.0003605879974202253,1.990899909287691e-05,0.000457326001196634,1.1989977792836726e-06,5.787998816231266e-06,1.3899989426136017e-07,3.1759002013131976e-05,1.3320022844709456e-06,0.0009648039995227009,0.004035196000477299,0.004202345997327939,0,0,0,200.0,0.0,0,0.0,1.0197723584129048,0.021500645261663974,1.7697723584129048,,,,,unknown,unknown,nan,,nan,,1.0,0.0,0.0,nan,nan,0.0,0,,4036057768,F04_M01_05,MDCEB22F,measured,intervention,0.7,,1,1,1.0197723584129048,0.021500645261663974,1.7697723584129048,1.4697723584129048,1.8740551163289343,0.0,0.04329726522310062,-1.6750115070089375,1.6755710076830979,1,0,1,0,ad4b715165e84dd399d377549dc111fb1309cda1260e23e9ee621d07fad63984,6ba3dffa4798388fb8057a608cfa40a0e24aeba9257d245b2d5103a1844d1115
4,5.209614949002571,2.0391511600028025,APPROACH,,KFB_TIMING,kfb_timing,0.0026057957629610773,-0.002444338217365406,0.007021519247686928,1,-28.28571428571429,0,0.3090514471178982,-0.0012942836666205559,0.40363797880016666,0.30448577950487804,-0.001005681911231811,0.4299526624660709,0.4011850013810936,0.49710574121223594,-2.8014220614382612,-0.4265791692957711,0.700874605894738,0.22834529402658682,2.8733306613740632,200.0,13.0,1.2,0.7,0.3,3.0,IDLE,0.08,nan,0,0.05,20.0,0,unknown,unknown,nan,0,0.0,0,0.005137795000337064,1,0.0004964820000168402,2.297799801453948e-05,0.00037213999894447625,1.5859986888244748e-06,6.482001481344923e-06,1.2899909052066505e-07,3.608200131566264e-05,1.5129990060813725e-06,0.0010310979996575043,0.003968902000342496,0.004085761000169441,0,0,0,200.0,0.0,0,0.0,1.0197723584129048,0.021500645261663974,1.7697723584129048,,,,,unknown,unknown,nan,,nan,,1.0,0.0,0.0,nan,nan,0.0,0,,4041048025,F04_M01_05,MDCEB22F,measured,intervention,0.7,,1,1,1.0197723584129048,0.021500645261663974,1.7697723584129048,1.4697723584129048,1.8535583029611584,0.0,0.04797401884856517,-1.6609954430067826,1.661688107971463,1,0,1,0,ad4b715165e84dd399d377549dc111fb1309cda1260e23e9ee621d07fad63984,6ba3dffa4798388fb8057a608cfa40a0e24aeba9257d245b2d5103a1844d1115
4,5.214768972000456,2.044305183000688,APPROACH,,KFB_TIMING,kfb_timing,0.0026243676298717267,-0.002490692399536312,0.0069511676153229136,1,-28.28571428571429,0,0.30901816201973076,-0.0012112062080400696,0.40351189233827545,0.3044647602921956,-0.0010044271551475125,0.429900010115329,0.3916570876930882,0.5048668656408188,-2.8052169482030314,-0.4303564413870452,0.6960462614249481,0.23064109956045004,2.877069334035547,200.0,13.0,1.2,0.7,0.3,3.0,IDLE,0.08,nan,0,0.05,20.0,0,unknown,unknown,nan,0,0.0,0,0.005154022997885477,1,0.0003032019994861912,3.501299943309277e-05,0.000401163000788074,2.3949978640303016e-06,6.233000021893531e-06,1.5100158634595573e-07,3.679600195027888e-05,1.377000444335863e-06,0.0008837499990477227,0.0041162500009522774,0.0042670149996411055,0,0,0,200.0,0.0,0,0.0,1.0197723584129048,0.021500645261663974,1.7697723584129048,,,,,unknown,unknown,nan,,nan,,1.0,0.0,0.0,nan,nan,0.0,0,,4046233030,F04_M01_05,MDCEB22F,measured,intervention,0.7,,1,1,1.0197723584129048,0.021500645261663974,1.7697723584129048,1.4697723584129048,1.857296975622642,0.0,0.053406805948573166,-1.6636518637421218,1.6645088797162555,1,0,1,0,ad4b715165e84dd399d377549dc111fb1309cda1260e23e9ee621d07fad63984,6ba3dffa4798388fb8057a608cfa40a0e24aeba9257d245b2d5103a1844d1115
4,5.219925642999442,2.0494618539996736,APPROACH,,KFB_TIMING,kfb_timing,0.002648845485688417,-0.0025371944078010538,0.006887595557974982,1,-28.28571428571429,0,0.30897225135947454,-0.0011239870529530303,0.40339265660339135,0.3044428165011287,-0.001004894981427096,0.4298503490011451,0.3880799405577266,0.5112935428266362,-2.825798913798493,-0.43334488189247844,0.6999720458113589,0.23279340751059974,2.8977865049765565,200.0,13.0,1.2,0.7,0.3,3.0,IDLE,0.08,nan,0,0.05,20.0,0,unknown,unknown,nan,0,0.0,0,0.005156670998985646,1,0.00045717600005446,2.1101001038914546e-05,0.00030667999817524105,1.0889998520724475e-06,5.180998414289206e-06,1.320004230365157e-07,2.9666000045835972e-05,1.3179997040424496e-06,0.0009081390016945079,0.004091860998305492,0.004245231000822969,0,0,0,200.0,0.0,0,0.0,1.0197723584129048,0.021500645261663974,1.7697723584129048,,,,,unknown,unknown,nan,,nan,,1.0,0.0,0.0,nan,nan,0.0,0,,4051306091,F04_M01_05,MDCEB22F,measured,intervention,0.7,,1,1,1.0197723584129048,0.021500645261663974,1.7697723584129048,1.4697723584129048,1.8780141465636517,0.0,0.05790547997864531,-1.678059239658945,1.679058026518534,1,0,1,0,ad4b715165e84dd399d377549dc111fb1309cda1260e23e9ee621d07fad63984,6ba3dffa4798388fb8057a608cfa40a0e24aeba9257d245b2d5103a1844d1115
4,5.225047666001046,2.054583877001278,APPROACH,,KFB_TIMING,kfb_timing,0.0026798408227455273,-0.0025779937308290047,0.0068210283060853956,1,-28.28571428571429,0,0.30891555376509083,-0.001049355715216422,0.4032708898021489,0.3044210378019019,-0.001004006101741452,0.4297980042080107,0.3923568431487242,0.5162857518984404,-2.8635839899366373,-0.435432731061432,0.7138535499456771,0.2349482744329689,2.936087215564347,200.0,13.0,1.2,0.7,0.3,3.0,IDLE,0.08,nan,0,0.05,20.0,0,unknown,unknown,nan,0,0.0,0,0.005122023001604248,1,0.00027191300250706263,1.8685001123230904e-05,0.00041132299884338863,1.1789998097810894e-06,5.598998541245237e-06,1.1900192475877702e-07,2.9650997021235526e-05,1.3810022210236639e-06,0.0008244870005000848,0.004175512999499915,0.004294028000003891,0,0,0,200.0,0.0,0,0.0,1.0197723584129048,0.021500645261663974,1.7697723584129048,,,,,unknown,unknown,nan,,nan,,1.0,0.0,0.0,nan,nan,0.0,0,,4056230160,F04_M01_05,MDCEB22F,measured,intervention,0.7,,1,1,1.0197723584129048,0.021500645261663974,1.7697723584129048,1.4697723584129048,1.9163148571514421,0.0,0.061400026328908286,-1.704508792955646,1.7056143141098177,1,0,1,0,ad4b715165e84dd399d377549dc111fb1309cda1260e23e9ee621d07fad63984,6ba3dffa4798388fb8057a608cfa40a0e24aeba9257d245b2d5103a1844d1115
4,5.230171183000493,2.059707394000725,APPROACH,,KFB_TIMING,kfb_timing,0.0027069466229503736,-0.0026130211124630763,0.006770481925725646,1,-28.28571428571429,0,0.3088535601602496,-0.0009692446821816048,0.4031552853076682,0.30440026587754054,-0.001002517775907272,0.42974633382641825,0.39501755334757976,0.5209164304428677,-2.89823354512918,-0.4375047269480117,0.7256298184843811,0.23714396992214137,2.971052082523984,200.0,13.0,1.2,0.7,0.3,3.0,IDLE,0.08,nan,0,0.05,20.0,0,unknown,unknown,nan,0,0.0,0,0.00512351699944702,1,0.0003224949978175573,1.9551000150386244e-05,0.0001678020016697701,1.1070005712099373e-06,5.019002855988219e-06,1.5199839253909886e-07,3.294500129413791e-05,3.6820019886363298e-06,0.0006323210000118706,0.0043676789999881295,0.004484347002289724,0,0,0,200.0,0.0,0,0.0,1.0197723584129048,0.021500645261663974,1.7697723584129048,,,,,unknown,unknown,nan,,nan,,1.0,0.0,0.0,nan,nan,0.0,0,,4061240271,F04_M01_05,MDCEB22F,measured,intervention,0.7,,1,1,1.0197723584129048,0.021500645261663974,1.7697723584129048,1.4697723584129048,1.951279724111079,0.0,0.0646415013100074,-1.7287634815904258,1.7299715890650524,1,0,1,0,ad4b715165e84dd399d377549dc111fb1309cda1260e23e9ee621d07fad63984,6ba3dffa4798388fb8057a608cfa40a0e24aeba9257d245b2d5103a1844d1115
4,5.2353252960019745,2.064861507002206,APPROACH,,KFB_TIMING,kfb_timing,0.002731526676842011,-0.0026479192147422104,0.006706761792241567,1,-28.28571428571429,0,0.30880400555813925,-0.0008988883851419949,0.4030268223728372,0.3043789604159329,-0.0010000137904678501,0.42969909271896256,0.3957854746759163,0.5279123580230046,-2.9495530196924866,-0.4409203065139372,0.7409889016795442,0.24021169429539696,3.022449439725157,200.0,13.0,1.2,0.7,0.3,3.0,IDLE,0.08,nan,0,0.05,20.0,0,unknown,unknown,nan,0,0.0,0,0.005154113001481164,1,0.0002481599985912908,1.951400190591812e-05,0.00011811299918917939,1.3160024536773562e-06,5.426001735031605e-06,1.320004230365157e-07,2.998699710587971e-05,1.2169984984211624e-06,0.0005134669991093688,0.004486533000890631,0.004637392001313856,0,0,0,200.0,0.0,0,0.0,1.0197723584129048,0.021500645261663974,1.7697723584129048,,,,,unknown,unknown,nan,,nan,,1.0,0.0,0.0,nan,nan,0.0,0,,4066541735,F04_M01_05,MDCEB22F,measured,intervention,0.7,,1,1,1.0197723584129048,0.021500645261663974,1.7697723584129048,1.4697723584129048,2.0026770813122523,0.0,0.0695386506161032,-1.7646871137847404,1.7660566903379478,1,0,1,0,ad4b715165e84dd399d377549dc111fb1309cda1260e23e9ee621d07fad63984,6ba3dffa4798388fb8057a608cfa40a0e24aeba9257d245b2d5103a1844d1115
4,5.2404905399998825,2.070026751000114,APPROACH,,KFB_TIMING,kfb_timing,0.002759760487788171,-0.0026712307302990943,0.006636598255357352,1,-28.28571428571429,0,0.30874872490434574,-0.0008532453855710142,0.40288944502059726,0.3043588688667119,-0.000999355598291245,0.42965216802801975,0.3956338193746576,0.5328838262779257,-2.9995302564698,-0.4430098466087996,0.7553321770292027,0.2425328953121107,3.0720795970839307,200.0,13.0,1.2,0.7,0.3,3.0,IDLE,0.08,nan,0,0.05,20.0,0,unknown,unknown,nan,0,0.0,0,0.0051652439979079645,1,0.00030389200037461706,1.8162998458137736e-05,0.00021622500207740813,1.172000338556245e-06,5.765999958384782e-06,1.3799945008940995e-07,3.067200304940343e-05,1.3560020306613296e-06,0.0006613000005017966,0.0043386999994982035,0.0045005590000073425,0,0,0,200.0,0.0,0,0.0,1.0197723584129048,0.021500645261663974,1.7697723584129048,,,,,unknown,unknown,nan,,nan,,1.0,0.0,0.0,nan,nan,0.0,0,,4072030653,F04_M01_05,MDCEB22F,measured,intervention,0.7,,1,1,1.0197723584129048,0.021500645261663974,1.7697723584129048,1.4697723584129048,2.052307238671026,0.0,0.07301867839454801,-1.79967117952886,1.8011518763894634,1,0,1,0,ad4b715165e84dd399d377549dc111fb1309cda1260e23e9ee621d07fad63984,6ba3dffa4798388fb8057a608cfa40a0e24aeba9257d245b2d5103a1844d1115
4,5.245745513999282,2.0752817249995132,APPROACH,,KFB_TIMING,kfb_timing,0.0027813930588051483,-0.002700243773753778,0.0065693818519220295,1,-28.28571428571429,0,0.308704051528366,-0.0007933306117999956,0.40275063657012156,0.3043353017538275,-0.0009993454014749284,0.4295949137248848,0.38857962919106037,0.5390794288734115,-3.0198311026022076,-0.4456115734900372,0.7565507664120816,0.24486530415200158,3.092083544650825,200.0,13.0,1.2,0.7,0.3,3.0,IDLE,0.08,nan,0,0.05,20.0,0,unknown,unknown,nan,0,0.0,0,0.005254973999399226,1,0.00048140500075533055,1.9568000425351784e-05,0.00037671300015063025,1.162003172794357e-06,4.929999704472721e-06,1.3500175555236638e-07,2.6325000362703577e-05,1.2089985830243677e-06,0.0009808819995669182,0.004019118000433082,0.004270708999683848,0,0,0,200.0,0.0,0,0.0,1.0197723584129048,0.021500645261663974,1.7697723584129048,,,,,unknown,unknown,nan,,nan,,1.0,0.0,0.0,nan,nan,0.0,0,,4077284365,F04_M01_05,MDCEB22F,measured,intervention,0.7,,1,1,1.0197723584129048,0.021500645261663974,1.7697723584129048,1.4697723584129048,2.07231118623792,0.0,0.07735560021138804,-1.813881771821545,1.815530493004877,1,0,1,0,ad4b715165e84dd399d377549dc111fb1309cda1260e23e9ee621d07fad63984,6ba3dffa4798388fb8057a608cfa40a0e24aeba9257d245b2d5103a1844d1115
4,5.250908582002012,2.0804447930022434,APPROACH,,KFB_TIMING,kfb_timing,0.0027966566895290257,-0.0027233432633102616,0.00650506133274886,1,-28.28571428571429,0,0.3086702897535864,-0.0007422366238728728,0.40260836538174466,0.3043303833957881,-0.00099926118926175,0.429584965788011,0.3831912760729552,0.5447745107694788,-3.0368905208078893,-0.4481817255343493,0.7579475016409529,0.24686826471770668,3.1090704168634327,200.0,13.0,1.2,0.7,0.3,3.0,IDLE,0.08,nan,0,0.05,20.0,0,unknown,unknown,nan,0,0.0,0,0.005163068002730142,1,0.00046755000221310183,1.8825001461664215e-05,0.0003878620009345468,1.1890006135217845e-06,4.990000888938084e-06,1.320004230365157e-07,3.0074999813223258e-05,1.2639975466299802e-06,0.0009833520016400144,0.004016647998359986,0.004176505000941688,0,0,0,200.0,0.0,0,0.0,1.0197723584129048,0.021500645261663974,1.7697723584129048,,,,,unknown,unknown,nan,,nan,,1.0,0.0,0.0,nan,nan,0.0,0,,4082288436,F04_M01_05,MDCEB22F,measured,intervention,0.7,,1,1,1.0197723584129048,0.021500645261663974,1.7697723584129048,1.4697723584129048,2.089298058450528,0.0,0.08134215753863516,-1.8258233645655222,1.8276344014015506,1,0,1,0,ad4b715165e84dd399d377549dc111fb1309cda1260e23e9ee621d07fad63984,6ba3dffa4798388fb8057a608cfa40a0e24aeba9257d245b2d5103a1844d1115
4,5.255973794999591,2.085510005999822,APPROACH,,KFB_TIMING,kfb_timing,0.002815922192528908,-0.002740603045914566,0.006424564468487728,1,-28.28571428571429,0,0.30863566532629255,-0.0007112169257163279,0.4024636944731258,0.3042964893688075,-0.0009984121159933562,0.42950320544946313,0.38099538172313085,0.553266470102513,-3.0835741519151334,-0.4518020405685988,0.7703946474736507,0.2491972719101364,3.155897783229549,200.0,13.0,1.2,0.7,0.3,3.0,IDLE,0.08,nan,0,0.05,20.0,0,unknown,unknown,nan,0,0.0,0,0.005065212997578783,1,0.00028439299785532057,1.9236998923588544e-05,0.000392355999792926,1.109998265746981e-06,5.570000212173909e-06,1.4200122677721083e-07,2.920899714808911e-05,1.209999027196318e-06,0.00082338199717924,0.00417661800282076,0.004237552999256877,0,0,0,200.0,0.0,0,0.0,1.0197723584129048,0.021500645261663974,1.7697723584129048,,,,,unknown,unknown,nan,,nan,,1.0,0.0,0.0,nan,nan,0.0,0,,4087613591,F04_M01_05,MDCEB22F,measured,intervention,0.7,,1,1,1.0197723584129048,0.021500645261663974,1.7697723584129048,1.4697723584129048,2.1361254248166444,0.0,0.08728652907175904,-1.858501906340593,1.8605505298241736,1,0,1,0,ad4b715165e84dd399d377549dc111fb1309cda1260e23e9ee621d07fad63984,6ba3dffa4798388fb8057a608cfa40a0e24aeba9257d245b2d5103a1844d1115
4,5.2611559690012655,2.090692180001497,APPROACH,,KFB_TIMING,kfb_timing,0.0028316879489911073,-0.0027578349336343524,0.006350397437222337,1,-28.28571428571429,0,0.30860414395019053,-0.0006767642297695359,0.40231540809736627,0.30427763432921806,-0.0009978073217091765,0.4294575206648802,0.37060033097553535,0.5615981748965833,-3.11398273582164,-0.45547223775785023,0.7732831396091767,0.2511683354353668,3.1858477042008104,200.0,13.0,1.2,0.7,0.3,3.0,IDLE,0.08,nan,0,0.05,20.0,0,unknown,unknown,nan,0,0.0,0,0.005182174001674866,1,0.0005028899977332912,3.303300036350265e-05,0.00037496200093301013,2.411001332802698e-06,7.890001143096015e-06,1.359985617455095e-07,4.3005002225982025e-05,1.8210012058261782e-06,0.0010971180017804727,0.0039028819982195274,0.00408157099809614,0,0,0,200.0,0.0,0,0.0,1.0197723584129048,0.021500645261663974,1.7697723584129048,,,,,unknown,unknown,nan,,nan,,1.0,0.0,0.0,nan,nan,0.0,0,,4092239797,F04_M01_05,MDCEB22F,measured,intervention,0.7,,1,1,1.0197723584129048,0.021500645261663974,1.7697723584129048,1.4697723584129048,2.1660753457879056,0.0,0.09311872242760827,-1.8797879150751478,1.882092904755002,1,0,1,0,ad4b715165e84dd399d377549dc111fb1309cda1260e23e9ee621d07fad63984,6ba3dffa4798388fb8057a608cfa40a0e24aeba9257d245b2d5103a1844d1115
4,5.266318720001436,2.095854931001668,APPROACH,,KFB_TIMING,kfb_timing,0.002850859079934376,-0.002775089369207732,0.0062698335693972635,1,-28.28571428571429,0,0.3085690427846171,-0.0006451724159255882,0.40216790059391566,0.3042589998191231,-0.0009953981167312147,0.4294146545852199,0.35307475457118054,0.5701259996747442,-3.127748375058217,-0.45933024285324764,0.7670303689286185,0.2530870005210973,3.198830307393617,200.0,13.0,1.2,0.7,0.3,3.0,IDLE,0.08,nan,0,0.05,20.0,0,unknown,unknown,nan,0,0.0,0,0.005162751000170829,1,0.000244104001467349,2.417900032014586e-05,0.00013960800060885958,1.6689991753082722e-06,5.1530005293898284e-06,1.4400211512111127e-07,3.142300192848779e-05,4.170000465819612e-06,0.000532559999555815,0.004467440000444185,0.00462677800169331,0,0,0,200.0,0.0,0,0.0,1.0197723584129048,0.021500645261663974,1.7697723584129048,,,,,unknown,unknown,nan,,nan,,1.0,0.0,0.0,nan,nan,0.0,0,,4097476672,F04_M01_05,MDCEB22F,measured,intervention,0.7,,1,1,1.0197723584129048,0.021500645261663974,1.7697723584129048,1.4697723584129048,2.179057948980712,0.0,0.09908819977232092,-1.8894238625407518,1.8920203496983148,1,0,1,0,ad4b715165e84dd399d377549dc111fb1309cda1260e23e9ee621d07fad63984,6ba3dffa4798388fb8057a608cfa40a0e24aeba9257d245b2d5103a1844d1115
4,5.271501200000785,2.101037411001016,APPROACH,,KFB_TIMING,kfb_timing,0.0028636596422035865,-0.002786428060201566,0.006192176843155423,1,-28.28571428571429,0,0.30854401474829857,-0.000623002673376008,0.40201606387581823,0.30423949365853264,-0.000994294509432326,0.4293699833705938,0.3582261591250344,0.5773790316914731,-3.145016774338046,-0.4621894845304264,0.7763494486462708,0.25487993798625175,3.217580307962203,200.0,13.0,1.2,0.7,0.3,3.0,IDLE,0.08,nan,0,0.05,20.0,0,unknown,unknown,nan,0,0.0,0,0.005182479999348288,1,0.0003595550006139092,1.9635997887235135e-05,0.00011370399806764908,1.2040000001434237e-06,5.255998985376209e-06,1.410007826052606e-07,2.6722002075985074e-05,1.2719974620267749e-06,0.0005991590005578473,0.004400840999442153,0.00457510500200442,0,0,0,200.0,0.0,0,0.0,1.0197723584129048,0.021500645261663974,1.7697723584129048,,,,,unknown,unknown,nan,,nan,,1.0,0.0,0.0,nan,nan,0.0,0,,4103085967,F04_M01_05,MDCEB22F,measured,intervention,0.7,,1,1,1.0197723584129048,0.021500645261663974,1.7697723584129048,1.4697723584129048,2.1978079495492984,0.0,0.10416532218403113,-1.901511742036632,1.9043627069045672,1,0,1,0,ad4b715165e84dd399d377549dc111fb1309cda1260e23e9ee621d07fad63984,6ba3dffa4798388fb8057a608cfa40a0e24aeba9257d245b2d5103a1844d1115
4,5.276679230002628,2.1062154410028597,APPROACH,,KFB_TIMING,kfb_timing,0.0028727368589075153,-0.0028093455729512806,0.00612093656001211,1,-28.28571428571429,0,0.3085253097418448,-0.0005757776001106306,0.40186926227358366,0.30422732061899516,-0.0009942802632388137,0.4293390983411336,0.36900080170551697,0.5848326482257808,-3.1930597994317464,-0.4652585450833496,0.7982395032888875,0.25708189208472654,3.2670815265060646,200.0,13.0,1.2,0.7,0.3,3.0,IDLE,0.08,nan,0,0.05,20.0,0,unknown,unknown,nan,0,0.0,0,0.005178030001843581,1,0.00047008500041556545,1.993999831029214e-05,0.00041394700019736774,1.453001459594816e-06,5.81199856242165e-06,1.309999788645655e-07,3.304699930595234e-05,1.305998011957854e-06,0.0010322160014766268,0.003967783998523373,0.0041424459996051155,0,0,0,200.0,0.0,0,0.0,1.0197723584129048,0.021500645261663974,1.7697723584129048,,,,,unknown,unknown,nan,,nan,,1.0,0.0,0.0,nan,nan,0.0,0,,4108039561,F04_M01_05,MDCEB22F,measured,intervention,0.7,,1,1,1.0197723584129048,0.021500645261663974,1.7697723584129048,1.4697723584129048,2.24730916809316,0.0,0.10938285375804657,-1.9351418596022223,1.9382307977846707,1,0,1,0,ad4b715165e84dd399d377549dc111fb1309cda1260e23e9ee621d07fad63984,6ba3dffa4798388fb8057a608cfa40a0e24aeba9257d245b2d5103a1844d1115
4,5.281814902002225,2.1113511130024563,APPROACH,,KFB_TIMING,kfb_timing,0.0028785761365212326,-0.002820626304985818,0.006055988600978514,1,-28.28571428571429,0,0.30851171531331856,-0.0005495149156637408,0.4017180568599326,0.3042082742983988,-0.0009937512053884235,0.4292925234656795,0.37334398642410926,0.5908061126876739,-3.2444107655758434,-0.46742175017926324,0.817437862739512,0.25925933295436576,3.3188309403723166,200.0,13.0,1.2,0.7,0.3,3.0,IDLE,0.08,nan,0,0.05,20.0,0,unknown,unknown,nan,0,0.0,0,0.005135671999596525,1,0.0002642459985509049,1.9308001355966553e-05,0.0004133300026296638,1.0549993021413684e-06,4.934998287353665e-06,1.309999788645655e-07,3.0412997148232535e-05,1.30099942907691e-06,0.0008052999983192421,0.004194700001680758,0.004327065998950275,0,0,0,200.0,0.0,0,0.0,1.0197723584129048,0.021500645261663974,1.7697723584129048,,,,,unknown,unknown,nan,,nan,,1.0,0.0,0.0,nan,nan,0.0,0,,4113397079,F04_M01_05,MDCEB22F,measured,intervention,0.7,,1,1,1.0197723584129048,0.021500645261663974,1.7697723584129048,1.4697723584129048,2.299058581959412,0.0,0.11356427888137172,-1.9710875359030904,1.9743563304607308,1,0,1,0,ad4b715165e84dd399d377549dc111fb1309cda1260e23e9ee621d07fad63984,6ba3dffa4798388fb8057a608cfa40a0e24aeba9257d245b2d5103a1844d1115
4,5.286970408000343,2.1165066190005746,APPROACH,,KFB_TIMING,kfb_timing,0.0028778272467955834,-0.0028375955756133127,0.005994047337625169,1,-28.28571428571429,0,0.3085135186879945,-0.0005086518194416106,0.4015688983097456,0.30419288834932234,-0.0009930953614866603,0.4292561402948234,0.3763300830041938,0.5967210056071941,-3.249285001983971,-0.4697155821752028,0.8225019527170414,0.2617634181838554,3.3249892201366276,200.0,13.0,1.2,0.7,0.3,3.0,IDLE,0.08,nan,0,0.05,20.0,0,unknown,unknown,nan,0,0.0,0,0.005155505998118315,1,0.0003753299970412627,1.8766997527563944e-05,0.0005088619982416276,1.3360004231799394e-06,5.679998139385134e-06,1.1600059224292636e-07,3.181599822710268e-05,1.414999132975936e-06,0.0010282959992764518,0.003971704000723548,0.0041239490019506775,0,0,0,200.0,0.0,0,0.0,1.0197723584129048,0.021500645261663974,1.7697723584129048,,,,,unknown,unknown,nan,,nan,,1.0,0.0,0.0,nan,nan,0.0,0,,4118363549,F04_M01_05,MDCEB22F,measured,intervention,0.7,,1,1,1.0197723584129048,0.021500645261663974,1.7697723584129048,1.4697723584129048,2.3052168617237228,0.0,0.11770470392503585,-1.9744995013887798,1.9780047215086773,1,0,1,0,ad4b715165e84dd399d377549dc111fb1309cda1260e23e9ee621d07fad63984,6ba3dffa4798388fb8057a608cfa40a0e24aeba9257d245b2d5103a1844d1115
4,5.2921441690014035,2.121680380001635,APPROACH,,KFB_TIMING,kfb_timing,0.00287361619015164,-0.002854533312601677,0.005938482412168443,1,-28.28571428571429,0,0.30852474108431477,-0.00046351303045734214,0.401420818702249,0.3041775998013397,-0.0009916707925520648,0.4292205170132397,0.39389280299728147,0.6015845344775049,-3.261071707809301,-0.4712699174946142,0.8389136343891858,0.2644262883731359,3.339407758248435,200.0,13.0,1.2,0.7,0.3,3.0,IDLE,0.08,nan,0,0.05,20.0,0,unknown,unknown,nan,0,0.0,0,0.005173761001060484,1,0.00021466899852384813,1.865900048869662e-05,0.00048097300168592483,1.2109994713682681e-06,5.729001713916659e-06,1.2800228432752192e-07,3.019900032086298e-05,1.3780008885078132e-06,0.0008376910009246785,0.004162308999075322,0.004328375001932727,0,0,0,200.0,0.0,0,0.0,1.0197723584129048,0.021500645261663974,1.7697723584129048,,,,,unknown,unknown,nan,,nan,,1.0,0.0,0.0,nan,nan,0.0,0,,4123584218,F04_M01_05,MDCEB22F,measured,intervention,0.7,,1,1,1.0197723584129048,0.021500645261663974,1.7697723584129048,1.4697723584129048,2.3196353998355304,0.0,0.12110917413425343,-1.9827501954665105,1.9864455113800545,1,0,1,0,ad4b715165e84dd399d377549dc111fb1309cda1260e23e9ee621d07fad63984,6ba3dffa4798388fb8057a608cfa40a0e24aeba9257d245b2d5103a1844d1115
4,5.2972795000023325,2.126815711002564,APPROACH,,KFB_TIMING,kfb_timing,0.0028664978388507067,-0.0028655794712768193,0.00587948810043559,1,-28.28571428571429,0,0.30854288551079334,-0.0004353567614733148,0.4012704442817352,0.30416282694502456,-0.0009914245941874834,0.42918509844226704,0.4125712351889148,0.60461260041605,-3.295252092711488,-0.4716811774780052,0.8625158505650626,0.2667275685358053,3.375567770791546,200.0,13.0,1.2,0.7,0.3,3.0,IDLE,0.08,nan,0,0.05,20.0,0,unknown,unknown,nan,0,0.0,0,0.005135331000929,1,0.0002968050030176528,3.1825002224650234e-05,0.0004035199999634642,2.302000211784616e-06,7.481998181901872e-06,1.2400050763972104e-07,3.976399966632016e-05,1.658001565374434e-06,0.0008942169988586102,0.00410578300114139,0.0042362790009065066,0,0,0,200.0,0.0,0,0.0,1.0197723584129048,0.021500645261663974,1.7697723584129048,,,,,unknown,unknown,nan,,nan,,1.0,0.0,0.0,nan,nan,0.0,0,,4128838655,F04_M01_05,MDCEB22F,measured,intervention,0.7,,1,1,1.0197723584129048,0.021500645261663974,1.7697723584129048,1.4697723584129048,2.355795412378641,0.0,0.12258789345237606,-1.996239516786227,2.0,1,1,1,0,ad4b715165e84dd399d377549dc111fb1309cda1260e23e9ee621d07fad63984,6ba3dffa4798388fb8057a608cfa40a0e24aeba9257d245b2d5103a1844d1115
4,5.302449599999818,2.1319858110000496,APPROACH,,KFB_TIMING,kfb_timing,0.0028593528723933337,-0.002876620986279132,0.005820492859148224,1,-28.28571428571429,0,0.30856122011488935,-0.0004070232755996923,0.4011190573719428,0.30414981568300836,-0.000991815006000896,0.4291515621838038,0.4319264992463625,0.6083904268263807,-3.2924505275412574,-0.4727369143021954,0.8757480885229025,0.26928893819889355,3.3759339283392245,200.0,13.0,1.2,0.7,0.3,3.0,IDLE,0.08,nan,0,0.05,20.0,0,unknown,unknown,nan,0,0.0,0,0.005170099997485522,1,0.0003888650026055984,2.026799847953953e-05,0.0004585839997162111,1.7510028555989265e-06,5.803001840831712e-06,1.3500175555236638e-07,3.3669002732494846e-05,4.055000317748636e-06,0.0010099449973495211,0.003990055002650479,0.0041565549981896766,0,0,0,200.0,0.0,0,0.0,1.0197723584129048,0.021500645261663974,1.7697723584129048,,,,,unknown,unknown,nan,,nan,,1.0,0.0,0.0,nan,nan,0.0,0,,4133712878,F04_M01_05,MDCEB22F,measured,intervention,0.7,,1,1,1.0197723584129048,0.021500645261663974,1.7697723584129048,1.4697723584129048,2.3561615699263196,0.0023384187874356662,0.125330332680854,-1.9960678444150344,2.0,1,1,1,0,ad4b715165e84dd399d377549dc111fb1309cda1260e23e9ee621d07fad63984,6ba3dffa4798388fb8057a608cfa40a0e24aeba9257d245b2d5103a1844d1115
4,5.307625838002423,2.1371620490026544,APPROACH,,KFB_TIMING,kfb_timing,0.0028461665011998427,-0.0028874850230356137,0.0057547160827405444,1,-28.28571428571429,0,0.30859135091684464,-0.00038219899793136205,0.4009687577182991,0.3041333918314697,-0.000992160943539635,0.42911314828948627,0.4433014196627049,0.6119742517137138,-3.298738111633168,-0.47359995525884135,0.8865728586145277,0.27151437343350626,3.384184061568858,200.0,13.0,1.2,0.7,0.3,3.0,IDLE,0.08,nan,0,0.05,20.0,0,unknown,unknown,nan,0,0.0,0,0.005176238002604805,1,0.0002813140017678961,1.893499938887544e-05,0.00029453699971782044,1.1239972081966698e-06,5.270001565804705e-06,1.309999788645655e-07,2.754399974946864e-05,1.3190001482143998e-06,0.0007052930013742298,0.00429470699862577,0.004467107999516884,0,0,0,200.0,0.0,0,0.0,1.0197723584129048,0.021500645261663974,1.7697723584129048,,,,,unknown,unknown,nan,,nan,,1.0,0.0,0.0,nan,nan,0.0,0,,4139117177,F04_M01_05,MDCEB22F,measured,intervention,0.7,,1,1,1.0197723584129048,0.021500645261663974,1.7697723584129048,1.4697723584129048,2.364411703155953,0.010243180377263711,0.12753763308508836,-1.9959031112262968,1.9999999999999998,1,1,1,0,ad4b715165e84dd399d377549dc111fb1309cda1260e23e9ee621d07fad63984,6ba3dffa4798388fb8057a608cfa40a0e24aeba9257d245b2d5103a1844d1115
4,5.312792086002446,2.1423282970026776,APPROACH,,KFB_TIMING,kfb_timing,0.002830348602731042,-0.002898195733551536,0.005675774863785286,1,-28.28571428571429,0,0.3086215354076763,-0.00036176029401593094,0.4008181182067045,0.3041202196309497,-0.0009911377431566157,0.42908314332102704,0.43950764189236846,0.6188175608590626,-3.3137747574534853,-0.4764958674555555,0.8899596503150182,0.2742385828180522,3.3995889875167635,200.0,13.0,1.2,0.7,0.3,3.0,IDLE,0.08,nan,0,0.05,20.0,0,unknown,unknown,nan,0,0.0,0,0.005166248000023188,1,0.00033414000063203275,1.8873997760238126e-05,0.00045662800039281137,1.3239987310953438e-06,5.777001206297427e-06,1.3699900591745973e-07,3.0209001124603674e-05,1.2569980754051358e-06,0.0009358079987578094,0.004064192001242191,0.004226427001412958,0,0,0,200.0,0.0,0,0.0,1.0197723584129048,0.021500645261663974,1.7697723584129048,,,,,unknown,unknown,nan,,nan,,1.0,0.0,0.0,nan,nan,0.0,0,,4143971093,F04_M01_05,MDCEB22F,measured,intervention,0.7,,1,1,1.0197723584129048,0.021500645261663974,1.7697723584129048,1.4697723584129048,2.3798166291038587,0.007564415072922001,0.13159040230919863,-1.9956519600483216,2.0,1,1,1,0,ad4b715165e84dd399d377549dc111fb1309cda1260e23e9ee621d07fad63984,6ba3dffa4798388fb8057a608cfa40a0e24aeba9257d245b2d5103a1844d1115
4,5.317939630000183,2.147475841000414,APPROACH,,KFB_TIMING,kfb_timing,0.002817336347852528,-0.0028974592168042644,0.0056099363389770784,1,-28.28571428571429,0,0.30865147508317764,-0.0003634549328483636,0.4006666314669618,0.30410678512825007,-0.0009894719346387193,0.42905200612704164,0.4208417143410128,0.6267945219310815,-3.3456276561898846,-0.48008080570902945,0.8884785379558972,0.2767704389927343,3.4297526929962334,200.0,13.0,1.2,0.7,0.3,3.0,IDLE,0.08,nan,0,0.05,20.0,0,unknown,unknown,nan,0,0.0,0,0.005147543997736648,1,0.0003259760014771018,1.846899976953864e-05,0.00017214500257978216,1.0490002750884742e-06,4.8340007197111845e-06,1.5499972505494952e-07,2.7473000955069438e-05,1.2840027920901775e-06,0.0006210159990587272,0.004378984000941273,0.00452329800100415,0,0,0,200.0,0.0,0,0.0,1.0197723584129048,0.021500645261663974,1.7697723584129048,,,,,unknown,unknown,nan,,nan,,1.0,0.0,0.0,nan,nan,0.0,0,,4149339556,F04_M01_05,MDCEB22F,measured,intervention,0.7,,1,1,1.0197723584129048,0.021500645261663974,1.7697723584129048,1.4697723584129048,2.4099803345833286,0.0,0.13559355502691345,-1.995398303055098,2.0,1,1,1,0,ad4b715165e84dd399d377549dc111fb1309cda1260e23e9ee621d07fad63984,6ba3dffa4798388fb8057a608cfa40a0e24aeba9257d245b2d5103a1844d1115
4,5.323106112999085,2.1526423239993164,APPROACH,,KFB_TIMING,kfb_timing,0.0028016791783348205,-0.0028965752281463427,0.005530934567482671,1,-28.28571428571429,0,0.30868160518446935,-0.0003651560492457941,0.4005146032619494,0.3040950576348577,-0.0009906280752155988,0.42902161454908766,0.4189427302976985,0.6330221356149723,-3.3893635832927167,-0.48254270330812277,0.9010278240112817,0.2786125973919037,3.4733291717311614,200.0,13.0,1.2,0.7,0.3,3.0,IDLE,0.08,nan,0,0.05,20.0,0,unknown,unknown,nan,0,0.0,0,0.005166482998902211,1,0.0002411440000287257,1.881700154626742e-05,0.00045794200195814483,1.3319986464921385e-06,5.803001840831712e-06,1.2300006346777081e-07,3.088100129389204e-05,1.233998773386702e-06,0.0008450450004602317,0.004154954999539768,0.004314838999562198,0,0,0,200.0,0.0,0,0.0,1.0197723584129048,0.021500645261663974,1.7697723584129048,,,,,unknown,unknown,nan,,nan,,1.0,0.0,0.0,nan,nan,0.0,0,,4154560659,F04_M01_05,MDCEB22F,measured,intervention,0.7,,1,1,1.0197723584129048,0.021500645261663974,1.7697723584129048,1.4697723584129048,2.4535568133182566,0.0,0.1377773203676702,-1.9952487088060737,2.0,1,1,1,0,ad4b715165e84dd399d377549dc111fb1309cda1260e23e9ee621d07fad63984,6ba3dffa4798388fb8057a608cfa40a0e24aeba9257d245b2d5103a1844d1115
4,5.328287966000062,2.1578241770002933,APPROACH,,KFB_TIMING,kfb_timing,0.0027891135383505683,-0.0028899872493494366,0.005455287333483669,1,-28.28571428571429,0,0.30870698513280376,-0.0003784623799781072,0.40036181176920077,0.3040810592826845,-0.0009881912467545988,0.4289905586659255,0.4253815098872402,0.6393476624379894,-3.420338124808119,-0.4852428443417983,0.9151397906795976,0.2803021800986262,3.505485380148488,200.0,13.0,1.2,0.7,0.3,3.0,IDLE,0.08,nan,0,0.05,20.0,0,unknown,unknown,nan,0,0.0,0,0.005181853000976844,1,0.00038700000004610047,3.894499968737364e-05,0.000315294000756694,2.2849999368190765e-06,7.026003004284576e-06,1.400003384333104e-07,4.080899816472083e-05,1.5900004655122757e-06,0.0009095210007217247,0.004090478999278275,0.004268299002433196,0,0,0,200.0,0.0,0,0.0,1.0197723584129048,0.021500645261663974,1.7697723584129048,,,,,unknown,unknown,nan,,nan,,1.0,0.0,0.0,nan,nan,0.0,0,,4159550993,F04_M01_05,MDCEB22F,measured,intervention,0.7,,1,1,1.0197723584129048,0.021500645261663974,1.7697723584129048,1.4697723584129048,2.485713021735583,0.0,0.14055579915741345,-1.99505490333555,2.0,1,1,1,0,ad4b715165e84dd399d377549dc111fb1309cda1260e23e9ee621d07fad63984,6ba3dffa4798388fb8057a608cfa40a0e24aeba9257d245b2d5103a1844d1115
4,5.33357011300177,2.163106324002001,APPROACH,,KFB_TIMING,kfb_timing,0.0027770158130163425,-0.0028775530036167026,0.00536982501827535,1,-28.28571428571429,0,0.30872896840503095,-0.00040105715720529736,0.4002065146957025,0.30406649293918714,-0.0009891551964396825,0.4289546389870675,0.43597698718422273,0.6448560933658135,-3.43205857092651,-0.4876183224395878,0.9262459926840602,0.2814368303316792,3.5192245379877893,200.0,13.0,1.2,0.7,0.3,3.0,IDLE,0.08,nan,0,0.05,20.0,0,unknown,unknown,nan,0,0.0,0,0.005282147001707926,1,0.0003489699993224349,1.9846000213874504e-05,0.00020933600171701983,1.5330006135627627e-06,5.926001904299483e-06,1.3499811757355928e-07,3.0352999601745978e-05,1.2860000424552709e-06,0.0007077970003592782,0.004292202999640722,0.004570148001221241,0,0,0,200.0,0.0,0,0.0,1.0197723584129048,0.021500645261663974,1.7697723584129048,,,,,unknown,unknown,nan,,nan,,1.0,0.0,0.0,nan,nan,0.0,0,,4164798603,F04_M01_05,MDCEB22F,measured,intervention,0.7,,1,1,1.0197723584129048,0.021500645261663974,1.7697723584129048,1.4697723584129048,2.4994521795748845,0.004918555738983656,0.14364995740371328,-1.9948284381237786,2.0,1,1,1,0,ad4b715165e84dd399d377549dc111fb1309cda1260e23e9ee621d07fad63984,6ba3dffa4798388fb8057a608cfa40a0e24aeba9257d245b2d5103a1844d1115
4,5.338718915001664,2.1682551260018954,APPROACH,,KFB_TIMING,kfb_timing,0.0027643589418988035,-0.0028709727114587112,0.005294181165209497,1,-28.28571428571429,0,0.30875436594780553,-0.0004142613093215449,0.4000547261552305,0.3040539146955229,-0.0009879499848118953,0.42892375387597337,0.44306135892861803,0.6543707281156405,-3.456687746188032,-0.49251865543548445,0.9387042803415533,0.28375350339979843,3.5458700754873638,200.0,13.0,1.2,0.7,0.3,3.0,IDLE,0.08,nan,0,0.05,20.0,0,unknown,unknown,nan,0,0.0,0,0.005148801999894204,1,0.000355751999450149,2.067300010821782e-05,0.00016295800014631823,1.224001607624814e-06,7.384001946775243e-06,1.2899909052066505e-07,3.186500180163421e-05,3.7190002331044525e-06,0.0006770750005671289,0.004322924999432871,0.004468483999517048,0,0,0,200.0,0.0,0,0.0,1.0197723584129048,0.021500645261663974,1.7697723584129048,,,,,unknown,unknown,nan,,nan,,1.0,0.0,0.0,nan,nan,0.0,0,,4169726145,F04_M01_05,MDCEB22F,measured,intervention,0.7,,1,1,1.0197723584129048,0.021500645261663974,1.7697723584129048,1.4697723584129048,2.526097717074459,0.00954365499637264,0.14872056387788918,-1.994440049870929,2.0,1,1,1,0,ad4b715165e84dd399d377549dc111fb1309cda1260e23e9ee621d07fad63984,6ba3dffa4798388fb8057a608cfa40a0e24aeba9257d245b2d5103a1844d1115
4,5.343863040001452,2.1733992510016833,APPROACH,,KFB_TIMING,kfb_timing,0.0027487594210335586,-0.0028585239880436486,0.00521512479955487,1,-28.28571428571429,0,0.3087838910345299,-0.0004378229072457535,0.3999050968126226,0.30404029857422143,-0.0009880090733642172,0.4288921078685864,0.4453281169803989,0.6637766985509921,-3.4973314475687323,-0.4973480655714172,0.9525604727661511,0.2861665324872516,3.58751221481764,200.0,13.0,1.2,0.7,0.3,3.0,IDLE,0.08,nan,0,0.05,20.0,0,unknown,unknown,nan,0,0.0,0,0.005144124999787891,1,0.00019475899898679927,2.2301002900348976e-05,0.0001238429977092892,1.2140008038841188e-06,5.072997737443075e-06,1.5800105757080019e-07,2.693699934752658e-05,1.3970020518172532e-06,0.0004487999976845458,0.004551200002315454,0.0046920159984438214,0,0,0,200.0,0.0,0,0.0,1.0197723584129048,0.021500645261663974,1.7697723584129048,,,,,unknown,unknown,nan,,nan,,1.0,0.0,0.0,nan,nan,0.0,0,,4175291645,F04_M01_05,MDCEB22F,measured,intervention,0.7,,1,1,1.0197723584129048,0.021500645261663974,1.7697723584129048,1.4697723584129048,2.567739856404735,0.010888722609878054,0.15283956344368832,-1.9941217373987647,2.0,1,1,1,0,ad4b715165e84dd399d377549dc111fb1309cda1260e23e9ee621d07fad63984,6ba3dffa4798388fb8057a608cfa40a0e24aeba9257d245b2d5103a1844d1115
4,5.349112537001929,2.1786487480021606,APPROACH,,KFB_TIMING,kfb_timing,0.0027357637332228735,-0.002846227277284212,0.005149237062656977,1,-28.28571428571429,0,0.3088138678237633,-0.00046618738568424774,0.39975311541457537,0.30402589295321925,-0.0009883046038906013,0.4288595128252689,0.4446384980661568,0.6722216821697108,-3.5115060079601044,-0.5017107241367817,0.9567107448517369,0.28850808599363914,3.602812766142797,200.0,13.0,1.2,0.7,0.3,3.0,IDLE,0.08,nan,0,0.05,20.0,0,unknown,unknown,nan,0,0.0,0,0.005249497000477277,1,0.0003243809987907298,1.915999746415764e-05,0.0004143639998801518,1.038999471347779e-06,5.445999704534188e-06,1.2999953469261527e-07,2.866899740183726e-05,1.243999577127397e-06,0.0008717009986867197,0.00412829900131328,0.0043746170013037045,0,0,0,200.0,0.0,0,0.0,1.0197723584129048,0.021500645261663974,1.7697723584129048,,,,,unknown,unknown,nan,,nan,,1.0,0.0,0.0,nan,nan,0.0,0,,4180571978,F04_M01_05,MDCEB22F,measured,intervention,0.7,,1,1,1.0197723584129048,0.021500645261663974,1.7697723584129048,1.4697723584129048,2.583040407729892,0.010390690388724725,0.15757038637971205,-1.9937561553232617,2.0,1,1,1,0,ad4b715165e84dd399d377549dc111fb1309cda1260e23e9ee621d07fad63984,6ba3dffa4798388fb8057a608cfa40a0e24aeba9257d245b2d5103a1844d1115
4,5.354303121999692,2.1838393329999235,APPROACH,,KFB_TIMING,kfb_timing,0.0027227347198759966,-0.0028339363147093567,0.005083353095926982,1,-28.28571428571429,0,0.3088435834791995,-0.0004942197469329315,0.3996028519063576,0.3040137418428276,-0.00098552828312387,0.4288279882009411,0.4250732331691382,0.6756093956462847,-3.4844897233298973,-0.5031823125231222,0.9367185740633117,0.2893598913686611,3.5747452973651237,200.0,13.0,1.2,0.7,0.3,3.0,IDLE,0.08,nan,0,0.05,20.0,0,unknown,unknown,nan,0,0.0,0,0.005190584997762926,1,0.000321356001222739,1.868200342869386e-05,0.0004377210025268141,1.2429991329554468e-06,5.745998350903392e-06,1.7399725038558245e-07,3.0090999644016847e-05,1.3600001693703234e-06,0.0009038019998115487,0.004096198000188451,0.004283309001039015,0,0,0,200.0,0.0,0,0.0,1.0197723584129048,0.021500645261663974,1.7697723584129048,,,,,unknown,unknown,nan,,nan,,1.0,0.0,0.0,nan,nan,0.0,0,,4185555728,F04_M01_05,MDCEB22F,measured,intervention,0.7,,1,1,1.0197723584129048,0.021500645261663974,1.7697723584129048,1.4697723584129048,2.554972938952219,0.0,0.1611526779647024,-1.9934968809568792,2.0,1,1,1,0,ad4b715165e84dd399d377549dc111fb1309cda1260e23e9ee621d07fad63984,6ba3dffa4798388fb8057a608cfa40a0e24aeba9257d245b2d5103a1844d1115
4,5.359435186001065,2.1889713970012963,APPROACH,,KFB_TIMING,kfb_timing,0.0027099108926449955,-0.0028100888060194193,0.005017404784982236,1,-28.28571428571429,0,0.30887127835223316,-0.0005457218229855402,0.39946042717889535,0.30400111026371124,-0.000985836865344471,0.4287970788100836,0.4087442549755879,0.6795903695290625,-3.478834355672902,-0.5049504449436143,0.9248420257290513,0.2908647624763443,3.5680811944996838,200.0,13.0,1.2,0.7,0.3,3.0,IDLE,0.08,nan,0,0.05,20.0,0,unknown,unknown,nan,0,0.0,0,0.0051320640013727825,1,0.0003368219986441545,1.8194998119724914e-05,0.00021749200095655397,1.2429991329554468e-06,5.7299985201098025e-06,1.3500175555236638e-07,3.07100017380435e-05,1.3379976735450327e-06,0.0006976059994485695,0.004302394000551431,0.004424789000040619,0,0,0,200.0,0.0,0,0.0,1.0197723584129048,0.021500645261663974,1.7697723584129048,,,,,unknown,unknown,nan,,nan,,1.0,0.0,0.0,nan,nan,0.0,0,,4190812751,F04_M01_05,MDCEB22F,measured,intervention,0.7,,1,1,1.0197723584129048,0.021500645261663974,1.7697723584129048,1.4697723584129048,2.548308836086779,0.0,0.1640338868208602,-1.99326187039597,1.9999999999999998,1,1,1,0,ad4b715165e84dd399d377549dc111fb1309cda1260e23e9ee621d07fad63984,6ba3dffa4798388fb8057a608cfa40a0e24aeba9257d245b2d5103a1844d1115
4,5.364631250999082,2.1941674619993137,APPROACH,,KFB_TIMING,kfb_timing,0.0026934281188731868,-0.002797787111029471,0.0049579398703336035,1,-28.28571428571429,0,0.308912112966936,-0.0005761981846744623,0.3993131081104163,0.3039867248796912,-0.0009856259979046638,0.42876269940850553,0.40728201092671645,0.6834874699807434,-3.5176923294211315,-0.5064133103596142,0.9353685970742294,0.29283429583115467,3.6065486385897327,200.0,13.0,1.2,0.7,0.3,3.0,IDLE,0.08,nan,0,0.05,20.0,0,unknown,unknown,nan,0,0.0,0,0.005196064998017391,1,0.00023252400205819868,3.0604998755734414e-05,0.00040655799966771156,2.9840011848136783e-06,7.223003194667399e-06,1.2499731383286417e-07,4.285500108380802e-05,1.706001057755202e-06,0.000835046997963218,0.004164953002036782,0.004357583999080816,0,0,0,200.0,0.0,0,0.0,1.0197723584129048,0.021500645261663974,1.7697723584129048,,,,,unknown,unknown,nan,,nan,,1.0,0.0,0.0,nan,nan,0.0,0,,4196040548,F04_M01_05,MDCEB22F,measured,intervention,0.7,,1,1,1.0197723584129048,0.021500645261663974,1.7697723584129048,1.4697723584129048,2.586776280176828,0.0,0.16448207330313364,-1.9932249365191834,2.0,1,1,1,0,ad4b715165e84dd399d377549dc111fb1309cda1260e23e9ee621d07fad63984,6ba3dffa4798388fb8057a608cfa40a0e24aeba9257d245b2d5103a1844d1115
4,5.3697223449999,2.1992585560001316,APPROACH,,KFB_TIMING,kfb_timing,0.0026771532637585582,-0.0027739351580713468,0.0048984147184909736,1,-28.28571428571429,0,0.30894968457008765,-0.0006312620303813647,0.3991756902737093,0.30397572375335236,-0.0009844642000045815,0.42873672925453293,0.4172799225636047,0.6885154846971984,-3.5548419162370553,-0.5085758482878677,0.952730918212495,0.29522567043694165,3.6448699779112075,200.0,13.0,1.2,0.7,0.3,3.0,IDLE,0.08,nan,0,0.05,20.0,0,unknown,unknown,nan,0,0.0,0,0.005091094000817975,1,0.00032918000215431675,1.886700192699209e-05,0.0003942539988202043,1.8600003386382014e-06,4.96500069857575e-06,1.3899989426136017e-07,2.7861999114975333e-05,1.2409982446115464e-06,0.0008515960034856107,0.004148403996514389,0.0042362849999335594,0,0,0,200.0,0.0,0,0.0,1.0197723584129048,0.021500645261663974,1.7697723584129048,,,,,unknown,unknown,nan,,nan,,1.0,0.0,0.0,nan,nan,0.0,0,,4201133712,F04_M01_05,MDCEB22F,measured,intervention,0.7,,1,1,1.0197723584129048,0.021500645261663974,1.7697723584129048,1.4697723584129048,2.6250976194983027,0.0,0.1657246934718092,-1.9931220047888878,2.0,1,1,1,0,ad4b715165e84dd399d377549dc111fb1309cda1260e23e9ee621d07fad63984,6ba3dffa4798388fb8057a608cfa40a0e24aeba9257d245b2d5103a1844d1115
4,5.374885648001509,2.204421859001741,APPROACH,,KFB_TIMING,kfb_timing,0.0026637621541401313,-0.0027559546705396175,0.004842303378358731,1,-28.28571428571429,0,0.3089840129600022,-0.0006773553866775413,0.3990318476783176,0.3039602363321648,-0.0009856563382999355,0.42870128856764284,0.43211115350355406,0.6954527607334237,-3.609267570247777,-0.511733332594793,0.9781805623123436,0.2980020925122476,3.700971086760366,200.0,13.0,1.2,0.7,0.3,3.0,IDLE,0.08,nan,0,0.05,20.0,0,unknown,unknown,nan,0,0.0,0,0.005163303001609165,1,0.00022274199727689847,1.8437000107951462e-05,0.0004887600007350557,1.2509990483522415e-06,5.7249999372288585e-06,1.2400050763972104e-07,3.0049999622860923e-05,3.6940000427421182e-06,0.0008580920002714265,0.004141907999728574,0.0043019820004701614,0,0,0,200.0,0.0,0,0.0,1.0197723584129048,0.021500645261663974,1.7697723584129048,,,,,unknown,unknown,nan,,nan,,1.0,0.0,0.0,nan,nan,0.0,0,,4205976595,F04_M01_05,MDCEB22F,measured,intervention,0.7,,1,1,1.0197723584129048,0.021500645261663974,1.7697723584129048,1.4697723584129048,2.681198728347461,0.0022179596092311467,0.1672254275525514,-1.9929954182172718,2.0,1,1,1,0,ad4b715165e84dd399d377549dc111fb1309cda1260e23e9ee621d07fad63984,6ba3dffa4798388fb8057a608cfa40a0e24aeba9257d245b2d5103a1844d1115
4,5.380138853000972,2.2096750640012033,APPROACH,,KFB_TIMING,kfb_timing,0.002650114724259467,-0.0027322642697130074,0.004795950561578582,1,-28.28571428571429,0,0.3090239790690076,-0.0007467320495434863,0.3988961047769552,0.30394696753366446,-0.0009831953549854716,0.42866842103857755,0.42677254534724895,0.7022224866282443,-3.6425339446487968,-0.5147831114433203,0.9845506523108943,0.3000925820567536,3.7340734813481173,200.0,13.0,1.2,0.7,0.3,3.0,IDLE,0.08,nan,0,0.05,20.0,0,unknown,unknown,nan,0,0.0,0,0.0052532049994624685,1,0.00027030899946112186,1.921600050991401e-05,0.00013755899999523535,1.2130003597121686e-06,4.8820002120919526e-06,1.3400131138041615e-07,3.605399979278445e-05,1.329000951955095e-06,0.0005416579988377634,0.004458342001162237,0.0047082219971343875,0,0,0,200.0,0.0,0,0.0,1.0197723584129048,0.021500645261663974,1.7697723584129048,,,,,unknown,unknown,nan,,nan,,1.0,0.0,0.0,nan,nan,0.0,0,,4211288256,F04_M01_05,MDCEB22F,measured,intervention,0.7,,1,1,1.0197723584129048,0.021500645261663974,1.7697723584129048,1.4697723584129048,2.7143011229352125,0.0,0.1696749669222463,-1.992789603947174,2.0,1,1,1,0,ad4b715165e84dd399d377549dc111fb1309cda1260e23e9ee621d07fad63984,6ba3dffa4798388fb8057a608cfa40a0e24aeba9257d245b2d5103a1844d1115
4,5.385310691999621,2.2148469029998523,APPROACH,,KFB_TIMING,kfb_timing,0.0026425132922319183,-0.0027087464184426735,0.00475634502460111,1,-28.28571428571429,0,0.3090467833650902,-0.0008172856033544883,0.39877728816602276,0.30393434958035515,-0.0009836738070950774,0.4286392509825506,0.4125802796974819,0.7095339205363111,-3.623333553433833,-0.5182364245484308,0.969992276061624,0.30194580275741195,3.7151321525655487,200.0,13.0,1.2,0.7,0.3,3.0,IDLE,0.08,nan,0,0.05,20.0,0,unknown,unknown,nan,0,0.0,0,0.0051718389986490365,1,0.0002856270002666861,1.862700082710944e-05,0.00016361300004064105,1.1880001693498343e-06,5.770998541265726e-06,1.2500095181167126e-07,3.139799810014665e-05,1.3800017768517137e-06,0.0005952360006631352,0.004404763999336865,0.004573034999339143,0,0,0,200.0,0.0,0,0.0,1.0197723584129048,0.021500645261663974,1.7697723584129048,,,,,unknown,unknown,nan,,nan,,1.0,0.0,0.0,nan,nan,0.0,0,,4216584389,F04_M01_05,MDCEB22F,measured,intervention,0.7,,1,1,1.0197723584129048,0.021500645261663974,1.7697723584129048,1.4697723584129048,2.695359794152644,0.0,0.17521319122064044,-1.9923103015399684,2.0,1,1,0,0,ad4b715165e84dd399d377549dc111fb1309cda1260e23e9ee621d07fad63984,6ba3dffa4798388fb8057a608cfa40a0e24aeba9257d245b2d5103a1844d1115
4,5.390423079999891,2.219959291000123,APPROACH,,KFB_TIMING,kfb_timing,0.0026319755600973938,-0.002679381111575194,0.004713339350039281,1,-28.28571428571429,0,0.30907720258537597,-0.0009020542923813199,0.3986531438936754,0.3039202337467034,-0.0009833727846031651,0.4286051145004992,0.4057104047248188,0.7179444623376405,-3.617638549624095,-0.5220336974019636,0.9639484769837505,0.30442240512233165,3.7104384995886384,200.0,13.0,1.2,0.7,0.3,3.0,IDLE,0.08,nan,0,0.05,20.0,0,unknown,unknown,nan,0,0.0,0,0.005112388000270585,1,0.0003435040016483981,1.874800000223331e-05,0.00022082899886299856,1.3070020941086113e-06,6.237001798581332e-06,1.2400050763972104e-07,3.1165000109467655e-05,1.410000550094992e-06,0.0007191479999164585,0.004280852000083542,0.0043864399995072745,0,0,0,200.0,0.0,0,0.0,1.0197723584129048,0.021500645261663974,1.7697723584129048,,,,,unknown,unknown,nan,,nan,,1.0,0.0,0.0,nan,nan,0.0,0,,4221852326,F04_M01_05,MDCEB22F,measured,intervention,0.7,,1,1,1.0197723584129048,0.021500645261663974,1.7697723584129048,1.4697723584129048,2.6906661411757336,0.0,0.1807356451868534,-1.9918169159234718,1.9999999999999996,1,1,1,0,ad4b715165e84dd399d377549dc111fb1309cda1260e23e9ee621d07fad63984,6ba3dffa4798388fb8057a608cfa40a0e24aeba9257d245b2d5103a1844d1115
4,5.395550929999445,2.225087140999676,APPROACH,,KFB_TIMING,kfb_timing,0.002621417721354158,-0.002650026215521486,0.004670338342729646,1,-28.28571428571429,0,0.3091077752107391,-0.0009870580759634424,0.3985286246886858,0.30390369139912304,-0.0009823287513157745,0.42856398647136734,0.40461352506038106,0.7316093241741427,-3.6707342407096455,-0.5287353346524355,0.978656031225436,0.3092004093705611,3.764738260994853,200.0,13.0,1.2,0.7,0.3,3.0,IDLE,0.08,nan,0,0.05,20.0,0,unknown,unknown,nan,0,0.0,0,0.005127849999553291,1,0.00030228499963413924,3.109999670414254e-05,0.00038834700171719305,2.2079984773881733e-06,7.100999937392771e-06,1.2999953469261527e-07,4.096200063941069e-05,1.830001565394923e-06,0.000884722001501359,0.004115277998498641,0.004237207998812664,0,0,0,200.0,0.0,0,0.0,1.0197723584129048,0.021500645261663974,1.7697723584129048,,,,,unknown,unknown,nan,,nan,,1.0,0.0,0.0,nan,nan,0.0,0,,4227052188,F04_M01_05,MDCEB22F,measured,intervention,0.7,,1,1,1.0197723584129048,0.021500645261663974,1.7697723584129048,1.4697723584129048,2.7449659025819484,0.0,0.1861243982072644,-1.9913205940761987,2.0,1,1,1,0,ad4b715165e84dd399d377549dc111fb1309cda1260e23e9ee621d07fad63984,6ba3dffa4798388fb8057a608cfa40a0e24aeba9257d245b2d5103a1844d1115
4,5.40070888199989,2.2302450930001214,APPROACH,,KFB_TIMING,kfb_timing,0.002613986762817072,-0.0026149887468130423,0.004630678383357647,1,-28.28571428571429,0,0.30912929226723773,-0.0010885124428535893,0.39841378545465156,0.30388884394664567,-0.0009815483065408618,0.42853039229287104,0.40982585638028646,0.7248174157143722,-3.7296387188918425,-0.5237122879668312,0.9992706542727348,0.30752448183681524,3.8214555462726345,200.0,13.0,1.2,0.7,0.3,3.0,IDLE,0.08,nan,0,0.05,20.0,0,unknown,unknown,nan,0,0.0,0,0.005157952000445221,1,0.00040564799928688444,1.9388997316127643e-05,0.0004109170004085172,1.2130003597121686e-06,4.94499909109436e-06,1.3800308806821704e-07,2.7222002245252952e-05,1.372001861454919e-06,0.0009429570018255617,0.004057042998174438,0.004213358002743917,0,0,0,200.0,0.0,0,0.0,1.0197723584129048,0.021500645261663974,1.7697723584129048,,,,,unknown,unknown,nan,,nan,,1.0,0.0,0.0,nan,nan,0.0,0,,4232091955,F04_M01_05,MDCEB22F,measured,intervention,0.7,,1,1,1.0197723584129048,0.021500645261663974,1.7697723584129048,1.4697723584129048,2.8016831878597297,0.0,0.17876654951707102,-1.991994608620656,1.9999999999999998,1,1,1,0,ad4b715165e84dd399d377549dc111fb1309cda1260e23e9ee621d07fad63984,6ba3dffa4798388fb8057a608cfa40a0e24aeba9257d245b2d5103a1844d1115
4,5.405769029999647,2.235305240999878,APPROACH,,KFB_TIMING,kfb_timing,0.0026063119616366592,-0.0025742450547799624,0.004600778664957042,1,-28.28571428571429,0,0.30915208448272125,-0.0012095108878401894,0.3983249908645817,0.30387452145777616,-0.0009800362675928707,0.4284945694418272,0.418989237501147,0.7261018836842121,-3.7521169941775776,-0.5234421171472814,1.0118697604785023,0.3091069032753507,3.844627142471391,200.0,13.0,1.2,0.7,0.3,3.0,IDLE,0.08,nan,0,0.05,20.0,0,unknown,unknown,nan,0,0.0,0,0.005060147999756737,1,0.0002277410021633841,1.8859998817788437e-05,0.00045541799772763625,1.2780001270584762e-06,5.722002242691815e-06,1.270018401555717e-07,3.110599936917424e-05,1.381999027216807e-06,0.0008285059993795585,0.004171494000620442,0.004229936999763595,0,0,0,200.0,0.0,0,0.0,1.0197723584129048,0.021500645261663974,1.7697723584129048,,,,,unknown,unknown,nan,,nan,,1.0,0.0,0.0,nan,nan,0.0,0,,4236983361,F04_M01_05,MDCEB22F,measured,intervention,0.7,,1,1,1.0197723584129048,0.021500645261663974,1.7697723584129048,1.4697723584129048,2.8248547840584863,0.0,0.1783308428756652,-1.9920336619844692,1.9999999999999998,1,1,1,0,ad4b715165e84dd399d377549dc111fb1309cda1260e23e9ee621d07fad63984,6ba3dffa4798388fb8057a608cfa40a0e24aeba9257d245b2d5103a1844d1115
4,5.410955721999926,2.2404919330001576,APPROACH,,KFB_TIMING,kfb_timing,0.0026017715208112857,-0.0025450753041388508,0.00456452480848804,1,-28.28571428571429,0,0.30916570580519737,-0.0012970201397635244,0.39821622929517464,0.3038579979456879,-0.0009799782886362168,0.42845577954105263,0.4196860535845689,0.7423660044763789,-3.7232276470585646,-0.5321952939213989,1.0039939223222252,0.3156755127030934,3.8196423628393363,200.0,13.0,1.2,0.7,0.3,3.0,IDLE,0.08,nan,0,0.05,20.0,0,unknown,unknown,nan,0,0.0,0,0.005186692000279436,1,0.00039964099778444506,1.902499934658408e-05,0.0001302029995713383,1.0650001058820635e-06,5.021000106353313e-06,1.4600300346501172e-07,2.7488000341691077e-05,3.7680001696571708e-06,0.000658807999570854,0.004341192000429146,0.004513460000453051,0,0,0,200.0,0.0,0,0.0,1.0197723584129048,0.021500645261663974,1.7697723584129048,,,,,unknown,unknown,nan,,nan,,1.0,0.0,0.0,nan,nan,0.0,0,,4242377007,F04_M01_05,MDCEB22F,measured,intervention,0.7,,1,1,1.0197723584129048,0.021500645261663974,1.7697723584129048,1.4697723584129048,2.7998700044264315,0.0,0.1896288411842752,-1.9909899303088174,2.0,1,1,0,0,ad4b715165e84dd399d377549dc111fb1309cda1260e23e9ee621d07fad63984,6ba3dffa4798388fb8057a608cfa40a0e24aeba9257d245b2d5103a1844d1115
4,5.416107921002549,2.2456441320027807,APPROACH,,KFB_TIMING,kfb_timing,0.0025940610705825484,-0.0025043506378337977,0.004534633617599501,1,-28.28571428571429,0,0.3091888371558836,-0.0014191941386786835,0.39812655572250905,0.3038440389159013,-0.000978945454686405,0.42842453394319596,0.4107280837189563,0.7485033013872476,-3.714628553067363,-0.5352793750266591,0.9958294274460217,0.31838810859561306,3.811485279809747,200.0,13.0,1.2,0.7,0.3,3.0,IDLE,0.08,nan,0,0.05,20.0,0,unknown,unknown,nan,0,0.0,0,0.005152199002623092,1,0.00023919700106489472,2.0121999114053324e-05,0.0004720799988717772,1.5980003809090704e-06,5.717000021832064e-06,1.180014805868268e-07,3.589799962355755e-05,1.3600001693703234e-06,0.000871762000315357,0.004128237999684643,0.004278758002328686,0,0,0,200.0,0.0,0,0.0,1.0197723584129048,0.021500645261663974,1.7697723584129048,,,,,unknown,unknown,nan,,nan,,1.0,0.0,0.0,nan,nan,0.0,0,,4247588627,F04_M01_05,MDCEB22F,measured,intervention,0.7,,1,1,1.0197723584129048,0.021500645261663974,1.7697723584129048,1.4697723584129048,2.7917129213968424,0.0,0.193804447843185,-1.9905878116767917,2.0,1,1,0,0,ad4b715165e84dd399d377549dc111fb1309cda1260e23e9ee621d07fad63984,6ba3dffa4798388fb8057a608cfa40a0e24aeba9257d245b2d5103a1844d1115
4,5.421191532001103,2.2507277430013346,APPROACH,,KFB_TIMING,kfb_timing,0.0025861230149784864,-0.00247517425969982,0.004504807637540001,1,-28.28571428571429,0,0.30921265132269576,-0.0015067232730806169,0.39803707778233055,0.3038286345446259,-0.0009774894666898454,0.42838708475432435,0.4014831719875445,0.7478915745803681,-3.728919171028386,-0.5345720554306398,0.9943032977818216,0.31834044394671623,3.824312843999626,200.0,13.0,1.2,0.7,0.3,3.0,IDLE,0.08,nan,0,0.05,20.0,0,unknown,unknown,nan,0,0.0,0,0.005083610998553922,1,0.0003454220022831578,1.8898001144407317e-05,0.00043704299969249405,1.229996996698901e-06,5.745998350903392e-06,1.2800228432752192e-07,3.026899867109023e-05,1.4469987945631146e-06,0.0009254159995180089,0.004074584000481991,0.004156696999416454,0,0,0,200.0,0.0,0,0.0,1.0197723584129048,0.021500645261663974,1.7697723584129048,,,,,unknown,unknown,nan,,nan,,1.0,0.0,0.0,nan,nan,0.0,0,,4252634119,F04_M01_05,MDCEB22F,measured,intervention,0.7,,1,1,1.0197723584129048,0.021500645261663974,1.7697723584129048,1.4697723584129048,2.8045404855867213,0.0,0.19260754771444208,-1.9907039791398995,2.0,1,1,0,0,ad4b715165e84dd399d377549dc111fb1309cda1260e23e9ee621d07fad63984,6ba3dffa4798388fb8057a608cfa40a0e24aeba9257d245b2d5103a1844d1115
4,5.426297648999025,2.2558338599992567,APPROACH,,KFB_TIMING,kfb_timing,0.0025718713901351775,-0.00244014187429839,0.004478013554582916,1,-28.28571428571429,0,0.3092554061972257,-0.0016118204292849066,0.3979566955334593,0.3038145171678829,-0.0009775884050186139,0.42835393970552244,0.3948060627276442,0.7436852049048415,-3.752311084373116,-0.531831096772048,0.9974938691764755,0.31674160435196064,3.8456180238123245,200.0,13.0,1.2,0.7,0.3,3.0,IDLE,0.08,nan,0,0.05,20.0,0,unknown,unknown,nan,0,0.0,0,0.005106116997922072,1,0.00024744399706833065,1.9565999537007883e-05,0.000494815998536069,1.3610006135422736e-06,5.727000825572759e-06,1.4400211512111127e-07,3.075600034208037e-05,1.3729986676480621e-06,0.0008877119980752468,0.004112288001924753,0.0041992609985754825,0,0,0,200.0,0.0,0,0.0,1.0197723584129048,0.021500645261663974,1.7697723584129048,,,,,unknown,unknown,nan,,nan,,1.0,0.0,0.0,nan,nan,0.0,0,,4257888257,F04_M01_05,MDCEB22F,measured,intervention,0.7,,1,1,1.0197723584129048,0.021500645261663974,1.7697723584129048,1.4697723584129048,2.8258456653994197,0.0,0.18876753634840368,-1.9910717760093317,2.0,1,1,0,0,ad4b715165e84dd399d377549dc111fb1309cda1260e23e9ee621d07fad63984,6ba3dffa4798388fb8057a608cfa40a0e24aeba9257d245b2d5103a1844d1115
4,5.431471664000128,2.2610078750003595,APPROACH,,KFB_TIMING,kfb_timing,0.002557605342088376,-0.002405121170048222,0.004451226086460147,1,-28.28571428571429,0,0.3092982043413661,-0.0017168825420354103,0.397876333129091,0.3038001324307811,-0.000977300261342252,0.42831777013412725,0.3750190845868987,0.7414848961440673,-3.781574683039367,-0.5304272604530462,0.9944703252110105,0.31542294796587406,3.871788507707835,200.0,13.0,1.2,0.7,0.3,3.0,IDLE,0.08,nan,0,0.05,20.0,0,unknown,unknown,nan,0,0.0,0,0.005174015001102816,1,0.0003943150004488416,3.1870997190708295e-05,0.0004561929999908898,2.1080013539176434e-06,6.591999408556148e-06,1.359985617455095e-07,4.176700167590752e-05,1.6779995348770171e-06,0.0010468440013937652,0.003953155998606235,0.004121201000089059,0,0,0,200.0,0.0,0,0.0,1.0197723584129048,0.021500645261663974,1.7697723584129048,,,,,unknown,unknown,nan,,nan,,1.0,0.0,0.0,nan,nan,0.0,0,,4262853697,F04_M01_05,MDCEB22F,measured,intervention,0.7,,1,1,1.0197723584129048,0.021500645261663974,1.7697723584129048,1.4697723584129048,2.85201614929493,0.0,0.18583917769977046,-1.9913472324112322,2.0,1,1,0,0,ad4b715165e84dd399d377549dc111fb1309cda1260e23e9ee621d07fad63984,6ba3dffa4798388fb8057a608cfa40a0e24aeba9257d245b2d5103a1844d1115
4,5.4366459640004905,2.266182175000722,APPROACH,,KFB_TIMING,kfb_timing,0.0025433248824018317,-0.002370112150484863,0.004424445237254158,1,-28.28571428571429,0,0.30934104572042576,-0.0018219096007254876,0.397795990581473,0.3037812136387824,-0.0009777254806811507,0.42827687883385207,0.36665259794499,0.7434802437831509,-3.785149061735659,-0.5316364420445275,0.9913138788512315,0.3155540044201009,3.8748613420397384,200.0,13.0,1.2,0.7,0.3,3.0,IDLE,0.08,nan,0,0.05,20.0,0,unknown,unknown,nan,0,0.0,0,0.005174300000362564,1,0.00025300800189143047,1.936399712576531e-05,0.0004284050010028295,1.3950011634733528e-06,5.731999408453703e-06,1.3899989426136017e-07,3.2674000976840034e-05,1.333999534836039e-06,0.0008290320001833607,0.0041709679998166395,0.004343684999184916,0,0,0,200.0,0.0,0,0.0,1.0197723584129048,0.021500645261663974,1.7697723584129048,,,,,unknown,unknown,nan,,nan,,1.0,0.0,0.0,nan,nan,0.0,0,,4268067061,F04_M01_05,MDCEB22F,measured,intervention,0.7,,1,1,1.0197723584129048,0.021500645261663974,1.7697723584129048,1.4697723584129048,2.8550889836268336,0.0,0.18681647464943238,-1.9912557858797442,1.9999999999999998,1,1,0,0,ad4b715165e84dd399d377549dc111fb1309cda1260e23e9ee621d07fad63984,6ba3dffa4798388fb8057a608cfa40a0e24aeba9257d245b2d5103a1844d1115
4,5.441800616001274,2.2713368270015053,APPROACH,,KFB_TIMING,kfb_timing,0.0025254500304245364,-0.002329378074264272,0.004413852283057887,1,-28.28571428571429,0,0.30939467027635764,-0.0019441118293872612,0.3977642117188842,0.30376741536087853,-0.0009760448958925439,0.4282430633476632,0.3735190422919614,0.7473750611579248,-3.7959105213451014,-0.5339137663874376,0.9996725161839333,0.3167494145741054,3.886775352789759,200.0,13.0,1.2,0.7,0.3,3.0,IDLE,0.08,nan,0,0.05,20.0,0,unknown,unknown,nan,0,0.0,0,0.005154652000783244,1,0.0003132210003968794,1.8841001292457804e-05,0.00042632899931049906,1.028998667607084e-06,4.956000339007005e-06,1.3299722922965884e-07,2.7259997295914218e-05,1.3190001482143998e-06,0.0008626779999758583,0.004137322000024142,0.004290208999009337,0,0,0,200.0,0.0,0,0.0,1.0197723584129048,0.021500645261663974,1.7697723584129048,,,,,unknown,unknown,nan,,nan,,1.0,0.0,0.0,nan,nan,0.0,0,,4273237858,F04_M01_05,MDCEB22F,measured,intervention,0.7,,1,1,1.0197723584129048,0.021500645261663974,1.7697723584129048,1.4697723584129048,2.867002994376854,0.0,0.18850752795852363,-1.99109640949477,1.9999999999999996,1,1,0,0,ad4b715165e84dd399d377549dc111fb1309cda1260e23e9ee621d07fad63984,6ba3dffa4798388fb8057a608cfa40a0e24aeba9257d245b2d5103a1844d1115
4,5.446904494001501,2.2764407050017326,APPROACH,,KFB_TIMING,kfb_timing,0.00251072831197216,-0.002300205800064284,0.004396898296305072,1,-28.28571428571429,0,0.3094388354317148,-0.002031628651987225,0.39771334975862577,0.3037529947074929,-0.0009778402683045667,0.4282093045714749,0.38216084680048246,0.7444423298722512,-3.8047231374201216,-0.5319425490627349,1.0081878975282403,0.3162224869214077,3.895659051784807,200.0,13.0,1.2,0.7,0.3,3.0,IDLE,0.08,nan,0,0.05,20.0,0,unknown,unknown,nan,0,0.0,0,0.005103878000227269,1,0.0004435539995029103,1.910900027723983e-05,0.0003108370001427829,1.0519979696255177e-06,5.083002179162577e-06,1.320004230365157e-07,2.9541002732003108e-05,3.801997081609443e-06,0.0008835279986669775,0.004116472001333023,0.004218602000037208,0,0,0,200.0,0.0,0,0.0,1.0197723584129048,0.021500645261663974,1.7697723584129048,,,,,unknown,unknown,nan,,nan,,1.0,0.0,0.0,nan,nan,0.0,0,,4277980141,F04_M01_05,MDCEB22F,measured,intervention,0.7,,1,1,1.0197723584129048,0.021500645261663974,1.7697723584129048,1.4697723584129048,2.875886693371902,0.0,0.18630527954811438,-1.991303679204279,1.9999999999999998,1,1,0,0,ad4b715165e84dd399d377549dc111fb1309cda1260e23e9ee621d07fad63984,6ba3dffa4798388fb8057a608cfa40a0e24aeba9257d245b2d5103a1844d1115
4,5.4520562479992805,2.281592458999512,APPROACH,,KFB_TIMING,kfb_timing,0.002495585505199821,-0.002276853675141757,0.00438976115419284,1,-28.28571428571429,0,0.3094842638520318,-0.002101685026754806,0.39769193833228905,0.3037382651990036,-0.0009766672576384944,0.4281746869109161,0.3891412325679933,0.7462676614365163,-3.82352961414994,-0.5327971599279416,1.018192112943925,0.317661033997368,3.915063860484533,200.0,13.0,1.2,0.7,0.3,3.0,IDLE,0.08,nan,0,0.05,20.0,0,unknown,unknown,nan,0,0.0,0,0.005151753997779451,1,0.0002653719966474455,1.9049999536946416e-05,0.00012921799861942418,1.1939991964027286e-06,4.9670015869196504e-06,1.270018401555717e-07,2.6421999791637063e-05,1.2119999155402184e-06,0.0005165229995327536,0.0044834770004672465,0.004618232000211719,0,0,0,200.0,0.0,0,0.0,1.0197723584129048,0.021500645261663974,1.7697723584129048,,,,,unknown,unknown,nan,,nan,,1.0,0.0,0.0,nan,nan,0.0,0,,4283615561,F04_M01_05,MDCEB22F,measured,intervention,0.7,,1,1,1.0197723584129048,0.021500645261663974,1.7697723584129048,1.4697723584129048,2.895291502071628,0.0,0.18634354396215377,-1.9913000988358396,1.9999999999999998,1,1,0,0,ad4b715165e84dd399d377549dc111fb1309cda1260e23e9ee621d07fad63984,6ba3dffa4798388fb8057a608cfa40a0e24aeba9257d245b2d5103a1844d1115
4,5.457184876999236,2.2867210879994673,APPROACH,kfb_intervention_off,KFB_TIMING,kfb_timing,0.0024741314655568614,-0.0022476566130722043,0.004385659441012296,1,-28.28571428571429,0,0.30954862597096067,-0.0021892762129634637,0.3976796331927474,0.3037236660014109,-0.0009758707401743595,0.42813855376547283,0.3916947547068208,0.7494136050059048,-3.8461669311372173,-0.5345340728837262,1.026325857661286,0.3197370285535621,3.9380255959562103,200.0,13.0,1.2,0.5,0.3,3.0,IDLE,0.08,nan,0,0.05,20.0,0,unknown,unknown,nan,0,0.0,0,0.005128628999955254,1,0.00038362999839591794,1.9702998542925343e-05,0.00047611099944333546,1.453001459594816e-06,5.846999556524679e-06,1.490006980020553e-07,2.990500070154667e-05,1.4449979062192142e-06,0.0010037090032710694,0.003996290996728931,0.004116927000723081,0,0,0,200.0,0.0,0,0.0,1.0197723584129048,0.021500645261663974,1.7697723584129048,,,,,unknown,unknown,nan,,nan,,1.0,0.0,0.0,nan,nan,0.0,0,,4288562865,F04_M01_05,MDCEB22F,measured,hold_baseline,0.5,scheduled_offset,1,1,1.0197723584129048,0.021500645261663974,1.7697723584129048,1.4697723584129048,2.9182532375433055,0.0,0.07470680250295242,-1.6230834655686086,1.6248018471624224,1,0,0,0,ad4b715165e84dd399d377549dc111fb1309cda1260e23e9ee621d07fad63984,6ba3dffa4798388fb8057a608cfa40a0e24aeba9257d245b2d5103a1844d1115
4,5.462276189002296,2.2918124000025273,APPROACH,,KFB_TIMING,kfb_timing,0.0024612937560917203,-0.002230241253842067,0.0044014790889641536,1,-28.28571428571429,0,0.3095871390993561,-0.0022415222906538752,0.39772709213660296,0.303709213904036,-0.0009748024952470546,0.4281037084858427,0.39476899241335195,0.7519390653102538,-3.875787692634984,-0.5357908411400183,1.0368295126537619,0.32183931175611513,3.967743080605336,200.0,13.0,1.2,0.5,0.3,3.0,IDLE,0.08,nan,0,0.05,20.0,0,unknown,unknown,nan,0,0.0,0,0.005091312003060011,1,0.0002355169999646023,3.0498998967232183e-05,0.00040031900061876513,2.120999852195382e-06,7.504997483920306e-06,1.3799945008940995e-07,4.962000093655661e-05,1.8739992810878903e-06,0.0008420700032729656,0.0041579299967270346,0.0042473449975659605,0,0,0,200.0,0.0,0,0.0,1.0197723584129048,0.021500645261663974,1.7697723584129048,,,,,unknown,unknown,nan,,nan,,1.0,0.0,0.0,nan,nan,0.0,0,,4293881462,F04_M01_05,MDCEB22F,measured,hold_baseline,0.5,,1,1,1.0197723584129048,0.021500645261663974,1.7697723584129048,1.4697723584129048,2.9479707221924314,0.0,0.0759695326551269,-1.637893846317492,1.639654726366666,1,0,0,0,ad4b715165e84dd399d377549dc111fb1309cda1260e23e9ee621d07fad63984,6ba3dffa4798388fb8057a608cfa40a0e24aeba9257d245b2d5103a1844d1115
4,5.467360564001865,2.2968967750020965,APPROACH,,KFB_TIMING,kfb_timing,0.002445091243770764,-0.002212807825525157,0.004423714562198534,1,-28.28571428571429,0,0.309635746636319,-0.0022938225756046053,0.3977937985563061,0.3036947065004618,-0.0009750903132873185,0.4280731846422332,0.4011993072481651,0.7546331908434044,-3.8960010750593987,-0.5373286118235173,1.0466438849338302,0.3238321591898546,3.9886409356725627,200.0,13.0,1.2,0.5,0.3,3.0,IDLE,0.08,nan,0,0.05,20.0,0,unknown,unknown,nan,0,0.0,0,0.005084374999569263,1,0.00044360800166032277,1.9813000108115375e-05,0.00046092299817246385,1.8570026441011578e-06,5.706999218091369e-06,1.410007826052606e-07,3.071899845963344e-05,1.3600001693703234e-06,0.001050253998982953,0.003949746001017047,0.004032340002595447,0,0,0,200.0,0.0,0,0.0,1.0197723584129048,0.021500645261663974,1.7697723584129048,,,,,unknown,unknown,nan,,nan,,1.0,0.0,0.0,nan,nan,0.0,0,,4298841622,F04_M01_05,MDCEB22F,measured,hold_baseline,0.5,,1,1,1.0197723584129048,0.021500645261663974,1.7697723584129048,1.4697723584129048,2.968868577259658,0.0,0.07731659542170222,-1.6480005375296993,1.6498132099197718,1,0,0,0,ad4b715165e84dd399d377549dc111fb1309cda1260e23e9ee621d07fad63984,6ba3dffa4798388fb8057a608cfa40a0e24aeba9257d245b2d5103a1844d1115
4,5.472517729001993,2.3020539400022244,APPROACH,,KFB_TIMING,kfb_timing,0.0024221585027375536,-0.0021953369027714943,0.004458777280385174,1,-28.28571428571429,0,0.3097045448594186,-0.002346235343865594,0.397898986710866,0.3036799972337185,-0.0009740741668022735,0.42803531742186984,0.404974845158085,0.7585631535786546,-3.9190671709566534,-0.5399984048997848,1.0554784748161206,0.3257057534114356,4.012294876208402,200.0,13.0,1.2,0.5,0.3,3.0,IDLE,0.08,nan,0,0.05,20.0,0,unknown,unknown,nan,0,0.0,0,0.005157165000127861,1,0.0004012870012957137,1.8863000150304288e-05,0.0003838440024992451,1.2250020517967641e-06,5.717000021832064e-06,1.3499811757355928e-07,2.9954000638099387e-05,1.3129974831826985e-06,0.0009252269992430229,0.004074773000756977,0.004230115002428647,0,0,0,200.0,0.0,0,0.0,1.0197723584129048,0.021500645261663974,1.7697723584129048,,,,,unknown,unknown,nan,,nan,,1.0,0.0,0.0,nan,nan,0.0,0,,4303728779,F04_M01_05,MDCEB22F,measured,hold_baseline,0.5,,1,1,1.0197723584129048,0.021500645261663974,1.7697723584129048,1.4697723584129048,2.992522517795497,0.0,0.07928157678932729,-1.6595335854783266,1.6614262817677925,1,0,0,0,ad4b715165e84dd399d377549dc111fb1309cda1260e23e9ee621d07fad63984,6ba3dffa4798388fb8057a608cfa40a0e24aeba9257d245b2d5103a1844d1115
4,5.477669592000893,2.307205803001125,APPROACH,,KFB_TIMING,kfb_timing,0.0024084745351796444,-0.0021895424936477707,0.004494187771359655,1,-28.28571428571429,0,0.30974559676209235,-0.0023636185712367645,0.3980052181837894,0.30366675444863966,-0.0009746769080477349,0.4280034186320548,0.40128786968320085,0.7626095191948365,-3.943892257226688,-0.5430811748534141,1.0600677714023794,0.3269287943798299,4.036940842981735,200.0,13.0,1.2,0.5,0.3,3.0,IDLE,0.08,nan,0,0.05,20.0,0,unknown,unknown,nan,0,0.0,0,0.005151862998900469,1,0.0003770180010178592,2.0311999833211303e-05,0.0001512039998488035,1.2029995559714735e-06,5.0059970817528665e-06,1.3400131138041615e-07,2.982099977089092e-05,1.3490025594364852e-06,0.0006553519997396506,0.0043446480002603495,0.0044942739987163804,0,0,0,200.0,0.0,0,0.0,1.0197723584129048,0.021500645261663974,1.7697723584129048,,,,,unknown,unknown,nan,,nan,,1.0,0.0,0.0,nan,nan,0.0,0,,4309013579,F04_M01_05,MDCEB22F,measured,hold_baseline,0.5,,1,1,1.0197723584129048,0.021500645261663974,1.7697723584129048,1.4697723584129048,3.01716848456883,0.0,0.08130475959741829,-1.671946128613344,1.6739218383539725,1,0,0,0,ad4b715165e84dd399d377549dc111fb1309cda1260e23e9ee621d07fad63984,6ba3dffa4798388fb8057a608cfa40a0e24aeba9257d245b2d5103a1844d1115
4,5.482819495999138,2.3123557069993694,APPROACH,,KFB_TIMING,kfb_timing,0.0023884686012993483,-0.0021779014065464986,0.004532612223958938,1,-28.28571428571429,0,0.30980561456373323,-0.002398541832540581,0.3981204915415873,0.30365505804925386,-0.0009749411184431607,0.4279747381818064,0.3966023081288869,0.7676740254801768,-3.9642710559099745,-0.5470034225614129,1.0628509936881168,0.3279497518616063,4.0573466458925695,200.0,13.0,1.2,0.5,0.3,3.0,IDLE,0.08,nan,0,0.05,20.0,0,unknown,unknown,nan,0,0.0,0,0.005149903998244554,1,0.00027263300216873176,1.9428000086918473e-05,0.00038959299854468554,1.3719982234761119e-06,4.970999725628644e-06,1.5100158634595573e-07,3.165899761370383e-05,3.2910029403865337e-06,0.0007921290016383864,0.004207870998361614,0.0043561649981711525,0,0,0,200.0,0.0,0,0.0,1.0197723584129048,0.021500645261663974,1.7697723584129048,,,,,unknown,unknown,nan,,nan,,1.0,0.0,0.0,nan,nan,0.0,0,,4313987875,F04_M01_05,MDCEB22F,measured,hold_baseline,0.5,,1,1,1.0197723584129048,0.021500645261663974,1.7697723584129048,1.4697723584129048,3.0375742874796647,0.0,0.08383701274008842,-1.6821355279549872,1.6842234350327707,1,0,0,0,ad4b715165e84dd399d377549dc111fb1309cda1260e23e9ee621d07fad63984,6ba3dffa4798388fb8057a608cfa40a0e24aeba9257d245b2d5103a1844d1115
4,5.487879069001792,2.317415280002024,APPROACH,,KFB_TIMING,kfb_timing,0.0023718187647714106,-0.002166281015259655,0.004564612838590939,1,-28.28571428571429,0,0.30985556407331705,-0.0024334030064011116,0.3982164933854833,0.3036431004281843,-0.0009736963729231234,0.4279465040830543,0.39365111995917595,0.777908988613939,-3.9772638752236644,-0.554258613608837,1.0647669884608657,0.3304094238226276,4.071698850844772,200.0,13.0,1.2,0.5,0.3,3.0,IDLE,0.08,nan,0,0.05,20.0,0,unknown,unknown,nan,0,0.0,0,0.005059573002654361,1,0.00033030000122380443,1.9014998542843387e-05,0.00015727299978607334,1.2140008038841188e-06,5.005000275559723e-06,1.309999788645655e-07,2.9447000997606665e-05,1.248998160008341e-06,0.0006122630002209917,0.004387736999779008,0.004445411002961919,0,0,0,200.0,0.0,0,0.0,1.0197723584129048,0.021500645261663974,1.7697723584129048,,,,,unknown,unknown,nan,,nan,,1.0,0.0,0.0,nan,nan,0.0,0,,4319341884,F04_M01_05,MDCEB22F,measured,hold_baseline,0.5,,1,1,1.0197723584129048,0.021500645261663974,1.7697723584129048,1.4697723584129048,3.051926492431867,0.0,0.0889544943069695,-1.6886319376118322,1.6909733063475896,1,0,0,0,ad4b715165e84dd399d377549dc111fb1309cda1260e23e9ee621d07fad63984,6ba3dffa4798388fb8057a608cfa40a0e24aeba9257d245b2d5103a1844d1115
4,5.4929483670021,2.3224845780023315,APPROACH,,KFB_TIMING,kfb_timing,0.002354978280015657,-0.0021661826796649008,0.004596656002571666,1,-28.28571428571429,0,0.3099060855275843,-0.0024336980131853744,0.3983126228774255,0.30363213185496785,-0.0009741871633091514,0.4279190128997132,0.39103609615142176,0.7862075362348195,-4.005610795097064,-0.5602407854234739,1.0715099691492405,0.33234969165083605,4.100725467563501,200.0,13.0,1.2,0.5,0.3,3.0,IDLE,0.08,nan,0,0.05,20.0,0,unknown,unknown,nan,0,0.0,0,0.005069298000307754,1,0.00040514599822927266,1.926199911395088e-05,0.00033592700128792785,1.1459997040219605e-06,5.743000656366348e-06,1.1700103641487658e-07,3.180299972882494e-05,1.3260032574180514e-06,0.0009089459999813698,0.00409105400001863,0.00415428600172163,0,0,0,200.0,0.0,0,0.0,1.0197723584129048,0.021500645261663974,1.7697723584129048,,,,,unknown,unknown,nan,,nan,,1.0,0.0,0.0,nan,nan,0.0,0,,4324352423,F04_M01_05,MDCEB22F,measured,hold_baseline,0.5,,1,1,1.0197723584129048,0.021500645261663974,1.7697723584129048,1.4697723584129048,3.0809531091505966,0.0,0.09310376811740978,-1.7028053975485318,1.7053488011424742,1,0,0,0,ad4b715165e84dd399d377549dc111fb1309cda1260e23e9ee621d07fad63984,6ba3dffa4798388fb8057a608cfa40a0e24aeba9257d245b2d5103a1844d1115
4,5.49810907400024,2.3276452850004716,APPROACH,,KFB_TIMING,kfb_timing,0.002331815135062587,-0.0021602390598056166,0.004631706128015204,1,-28.28571428571429,0,0.30997557496244355,-0.002451528872763227,0.39841777325375616,0.3036202241350794,-0.0009743535875530018,0.4278950233426445,0.3965587157024233,0.7919721812482264,-4.056720706630793,-0.5643869684552371,1.0900920369501539,0.33402374642448585,4.152283906776808,200.0,13.0,1.2,0.5,0.3,3.0,IDLE,0.08,nan,0,0.05,20.0,0,unknown,unknown,nan,0,0.0,0,0.0051607069981400855,1,0.00027155099814990535,3.211299917893484e-05,0.00039460200059693307,2.172997483285144e-06,6.634996680077165e-06,1.2500095181167126e-07,3.9290000131586567e-05,1.7320016922894865e-06,0.000857576000271365,0.004142423999728635,0.004301498000131687,0,0,0,200.0,0.0,0,0.0,1.0197723584129048,0.021500645261663974,1.7697723584129048,,,,,unknown,unknown,nan,,nan,,1.0,0.0,0.0,nan,nan,0.0,0,,4329584751,F04_M01_05,MDCEB22F,measured,hold_baseline,0.5,,1,1,1.0197723584129048,0.021500645261663974,1.7697723584129048,1.4697723584129048,3.132511548363903,0.0,0.09598609062411323,-1.7283603533153966,1.7310236394994216,1,0,0,0,ad4b715165e84dd399d377549dc111fb1309cda1260e23e9ee621d07fad63984,6ba3dffa4798388fb8057a608cfa40a0e24aeba9257d245b2d5103a1844d1115
4,5.503287987001386,2.3328241980016173,APPROACH,,KFB_TIMING,kfb_timing,0.0023210305806766196,-0.0021602710421161683,0.004670450854695004,1,-28.28571428571429,0,0.31000792862560145,-0.002451432925831572,0.3985340074337956,0.30361084576905334,-0.0009744621527826318,0.4278715558097056,0.39827688262334504,0.7980864204846136,-4.0661729621511205,-0.5687105983110171,1.0940500265190551,0.3362081450676939,4.162851062423797,200.0,13.0,1.2,0.5,0.3,3.0,IDLE,0.08,nan,0,0.05,20.0,0,unknown,unknown,nan,0,0.0,0,0.005178913001145702,1,0.0003377430002728943,2.0316998416092247e-05,0.0004392829978314694,1.243999577127397e-06,5.767000402556732e-06,1.5299883671104908e-07,3.0241997592383996e-05,1.2479977158363909e-06,0.0009200999993481673,0.004079900000651833,0.004248345998348668,0,0,0,200.0,0.0,0,0.0,1.0197723584129048,0.021500645261663974,1.7697723584129048,,,,,unknown,unknown,nan,,nan,,1.0,0.0,0.0,nan,nan,0.0,0,,4334849056,F04_M01_05,MDCEB22F,measured,hold_baseline,0.5,,1,1,1.0197723584129048,0.021500645261663974,1.7697723584129048,1.4697723584129048,3.143078704010892,0.0,0.09904321024230683,-1.7330864810755602,1.7359142572091428,1,0,0,0,ad4b715165e84dd399d377549dc111fb1309cda1260e23e9ee621d07fad63984,6ba3dffa4798388fb8057a608cfa40a0e24aeba9257d245b2d5103a1844d1115
4,5.508445854000456,2.3379820650006877,APPROACH,,KFB_TIMING,kfb_timing,0.002304166188104001,-0.0021601725425748693,0.004702461386345837,1,-28.28571428571429,0,0.3100585218033193,-0.002451728424455469,0.39863003902874805,0.30360077505380423,-0.000972917968066654,0.4278477380233434,0.3759837637115427,0.8043457668768697,-4.034398986524669,-0.5731726496921067,1.0706674892414745,0.33850395361035823,4.130945543787611,200.0,13.0,1.2,0.5,0.3,3.0,IDLE,0.08,nan,0,0.05,20.0,0,unknown,unknown,nan,0,0.0,0,0.005157866999070393,1,0.00046937200022512116,1.8684000679058954e-05,0.00039555200055474415,1.248998160008341e-06,5.893998604733497e-06,1.4800025383010507e-07,3.160199776175432e-05,1.3729986676480621e-06,0.0010069150011986494,0.003993084998801351,0.0041481299995211884,0,0,0,200.0,0.0,0,0.0,1.0197723584129048,0.021500645261663974,1.7697723584129048,,,,,unknown,unknown,nan,,nan,,1.0,0.0,0.0,nan,nan,0.0,0,,4339852248,F04_M01_05,MDCEB22F,measured,hold_baseline,0.5,,1,1,1.0197723584129048,0.021500645261663974,1.7697723584129048,1.4697723584129048,3.111173185374706,0.0,0.10217288343843484,-1.7171994932623347,1.7202364365896168,1,0,0,0,ad4b715165e84dd399d377549dc111fb1309cda1260e23e9ee621d07fad63984,6ba3dffa4798388fb8057a608cfa40a0e24aeba9257d245b2d5103a1844d1115
4,5.513629693999974,2.3431659050002054,APPROACH,,KFB_TIMING,kfb_timing,0.0022963042080181295,-0.0021660296427828147,0.0047445757114540025,1,-28.28571428571429,0,0.3100821077435769,-0.0024341571238316326,0.39875638200407254,0.30359276627517456,-0.0009725168316670656,0.42782557329338566,0.3665090502904914,0.8078400633414244,-4.006264226665017,-0.5758452678686394,1.0564670315186517,0.34017451555918615,4.103302024679656,200.0,13.0,1.2,0.5,0.3,3.0,IDLE,0.08,nan,0,0.05,20.0,0,unknown,unknown,nan,0,0.0,0,0.005183839999517659,1,0.0002745120000327006,1.999199957936071e-05,0.0004327889982960187,1.505002728663385e-06,5.966001481283456e-06,1.2600139598362148e-07,3.106199801550247e-05,1.4020006346981972e-06,0.0008519170005456544,0.004148082999454346,0.004329475999838905,0,0,0,200.0,0.0,0,0.0,1.0197723584129048,0.021500645261663974,1.7697723584129048,,,,,unknown,unknown,nan,,nan,,1.0,0.0,0.0,nan,nan,0.0,0,,4344737134,F04_M01_05,MDCEB22F,measured,hold_baseline,0.5,,1,1,1.0197723584129048,0.021500645261663974,1.7697723584129048,1.4697723584129048,3.083529666266751,0.0,0.10392003167071223,-1.7031321133325086,1.7062996127429961,1,0,0,0,ad4b715165e84dd399d377549dc111fb1309cda1260e23e9ee621d07fad63984,6ba3dffa4798388fb8057a608cfa40a0e24aeba9257d245b2d5103a1844d1115
4,5.518784956999298,2.3483211679995293,APPROACH,,KFB_TIMING,kfb_timing,0.002285488191201529,-0.0021660613557052955,0.004783292119317053,1,-28.28571428571429,0,0.3101145557940267,-0.0024340619850641903,0.3988725312276617,0.3035824165230125,-0.0009715906070912137,0.42780188473474035,0.3697289999974631,0.8103377467056336,-4.027562605803446,-0.5777795288479028,1.0647510097347352,0.34153452450262667,4.124876645530304,200.0,13.0,1.2,0.5,0.3,3.0,IDLE,0.08,nan,0,0.05,20.0,0,unknown,unknown,nan,0,0.0,0,0.005155262999323895,1,0.00030939700081944466,1.8415998056298122e-05,0.00011900200115633197,1.0840012691915035e-06,5.180001608096063e-06,1.5600016922689974e-07,2.7332000172464177e-05,3.454999387031421e-06,0.0005513260002771858,0.004448673999722814,0.004602409000654006,0,0,0,200.0,0.0,0,0.0,1.0197723584129048,0.021500645261663974,1.7697723584129048,,,,,unknown,unknown,nan,,nan,,1.0,0.0,0.0,nan,nan,0.0,0,,4350409574,F04_M01_05,MDCEB22F,measured,hold_baseline,0.5,,1,1,1.0197723584129048,0.021500645261663974,1.7697723584129048,1.4697723584129048,3.1051042871173995,0.0,0.10516887335281683,-1.713781302901723,1.717005196875603,1,0,0,0,ad4b715165e84dd399d377549dc111fb1309cda1260e23e9ee621d07fad63984,6ba3dffa4798388fb8057a608cfa40a0e24aeba9257d245b2d5103a1844d1115
4,5.5238581779995,2.3533943889997317,APPROACH,,KFB_TIMING,kfb_timing,0.002280540875951531,-0.0021777450491380777,0.004828778968452699,1,-28.28571428571429,0,0.31012939773977666,-0.0023990109047658434,0.39900899177506866,0.30357500378990676,-0.0009704887564927116,0.42778653910908154,0.3798188509150775,0.8159315513232315,-4.078662298568883,-0.5814634664114828,1.086236248242854,0.343628865991087,4.176780195524106,200.0,13.0,1.2,0.5,0.3,3.0,IDLE,0.08,nan,0,0.05,20.0,0,unknown,unknown,nan,0,0.0,0,0.005073221000202466,1,0.0004418909993546549,1.9049999536946416e-05,0.00048638099906384014,1.4750003174412996e-06,5.7819997891783714e-06,1.2999953469261527e-07,3.144100264762528e-05,1.3490025594364852e-06,0.0010704000014811754,0.003929599998518825,0.003997304000222357,0,0,0,200.0,0.0,0,0.0,1.0197723584129048,0.021500645261663974,1.7697723584129048,,,,,unknown,unknown,nan,,nan,,1.0,0.0,0.0,nan,nan,0.0,0,,4355275683,F04_M01_05,MDCEB22F,measured,hold_baseline,0.5,,1,1,1.0197723584129048,0.021500645261663974,1.7697723584129048,1.4697723584129048,3.1570078371112014,0.0,0.10796577566161575,-1.7393311492844414,1.7426788159570168,1,0,0,0,ad4b715165e84dd399d377549dc111fb1309cda1260e23e9ee621d07fad63984,6ba3dffa4798388fb8057a608cfa40a0e24aeba9257d245b2d5103a1844d1115
4,5.528990516999329,2.3585267279995605,APPROACH,,KFB_TIMING,kfb_timing,0.0022758358122585143,-0.002195145327862768,0.004864527500062609,1,-28.28571428571429,0,0.31014351293085574,-0.0023468100685917724,0.3991162373698984,0.30356914776403654,-0.0009727813454864223,0.42776841663022314,0.38344066948599603,0.821561493972315,-4.082457893832527,-0.5853506881049366,1.0900046677836683,0.345177129979831,4.181919713517872,200.0,13.0,1.2,0.5,0.3,3.0,IDLE,0.08,nan,0,0.05,20.0,0,unknown,unknown,nan,0,0.0,0,0.005132338999828789,1,0.00034777200198732316,3.0579001759178936e-05,0.00035057800050708465,1.7089987522922456e-06,6.236998160602525e-06,1.4199758879840374e-07,4.330099909566343e-05,1.5449986676685512e-06,0.0008753149995754939,0.004124685000424506,0.004239853002218297,0,0,0,200.0,0.0,0,0.0,1.0197723584129048,0.021500645261663974,1.7697723584129048,,,,,unknown,unknown,nan,,nan,,1.0,0.0,0.0,nan,nan,0.0,0,,4360400412,F04_M01_05,MDCEB22F,measured,hold_baseline,0.5,,1,1,1.0197723584129048,0.021500645261663974,1.7697723584129048,1.4697723584129048,3.1621473551049673,0.0,0.11078074698615753,-1.7412289469162634,1.7447494431814359,1,0,0,0,ad4b715165e84dd399d377549dc111fb1309cda1260e23e9ee621d07fad63984,6ba3dffa4798388fb8057a608cfa40a0e24aeba9257d245b2d5103a1844d1115
4,5.534080204000929,2.363616415001161,APPROACH,,KFB_TIMING,kfb_timing,0.0022708590449760924,-0.0022068324278832954,0.004910001376131229,1,-28.28571428571429,0,0.31015844323270303,-0.0023117487685301906,0.39925265899810425,0.303563011756415,-0.0009714237000082422,0.4277545743883624,0.3725014942713616,0.8279295448036093,-4.065493458540125,-0.589814900331814,1.078687647974559,0.34644575348695167,4.1656286147261925,200.0,13.0,1.2,0.5,0.3,3.0,IDLE,0.08,nan,0,0.05,20.0,0,unknown,unknown,nan,0,0.0,0,0.005089687001600396,1,0.00021996100258547813,2.0143997971899807e-05,0.0004919620005239267,1.2499986041802913e-06,5.622001481242478e-06,1.4299803297035396e-07,3.0260001949500293e-05,1.3120006769895554e-06,0.0008543330004613381,0.004145666999538662,0.004233911000483204,0,0,0,200.0,0.0,0,0.0,1.0197723584129048,0.021500645261663974,1.7697723584129048,,,,,unknown,unknown,nan,,nan,,1.0,0.0,0.0,nan,nan,0.0,0,,4365612610,F04_M01_05,MDCEB22F,measured,hold_baseline,0.5,,1,1,1.0197723584129048,0.021500645261663974,1.7697723584129048,1.4697723584129048,3.1458562563132877,0.0,0.11396477240180464,-1.7327467292700625,1.7364904828834202,1,0,0,0,ad4b715165e84dd399d377549dc111fb1309cda1260e23e9ee621d07fad63984,6ba3dffa4798388fb8057a608cfa40a0e24aeba9257d245b2d5103a1844d1115
4,5.539255618001334,2.368791829001566,APPROACH,,KFB_TIMING,kfb_timing,0.002266129106619247,-0.002224236260774691,0.004945739770247915,1,-28.28571428571429,0,0.31017263304777354,-0.0022595372698560037,0.3993598741804543,0.3035581321499532,-0.000971806653591957,0.42774418474931214,0.37447109143073243,0.8339227795793125,-4.0505774902688625,-0.5940442051990511,1.0763300461105723,0.34755224075138424,4.1524491333779645,200.0,13.0,1.2,0.5,0.3,3.0,IDLE,0.08,nan,0,0.05,20.0,0,unknown,unknown,nan,0,0.0,0,0.005175414000404999,1,0.00040285800059791654,1.8880000425269827e-05,0.00043341399941709824,1.3900025805924088e-06,5.773999873781577e-06,1.1999873095192015e-07,3.07910013361834e-05,1.353000698145479e-06,0.0009774399986781646,0.0040225600013218355,0.004196337999019306,0,0,0,200.0,0.0,0,0.0,1.0197723584129048,0.021500645261663974,1.7697723584129048,,,,,unknown,unknown,nan,,nan,,1.0,0.0,0.0,nan,nan,0.0,0,,4370657087,F04_M01_05,MDCEB22F,measured,hold_baseline,0.5,,1,1,1.0197723584129048,0.021500645261663974,1.7697723584129048,1.4697723584129048,3.1326767749650597,0.0,0.11696138978965626,-1.7252887451344312,1.729248744625558,1,0,0,0,ad4b715165e84dd399d377549dc111fb1309cda1260e23e9ee621d07fad63984,6ba3dffa4798388fb8057a608cfa40a0e24aeba9257d245b2d5103a1844d1115
4,5.544388976999471,2.3739251879997028,APPROACH,,KFB_TIMING,kfb_timing,0.0022674423513839026,-0.0022417771129270175,0.0049882052627598615,1,-28.28571428571429,0,0.31016869331347957,-0.0022069147133990242,0.39948727065799017,0.30355502437218856,-0.0009723256785183574,0.42773573074007015,0.38715923995427537,0.8406290385594919,-4.036386597821839,-0.5985288810765724,1.0812540337408667,0.34928268445758004,4.141131032052377,200.0,13.0,1.2,0.5,0.3,3.0,IDLE,0.08,nan,0,0.05,20.0,0,unknown,unknown,nan,0,0.0,0,0.005133358998136828,1,0.0002057329984381795,1.981599780265242e-05,0.0004979170007572975,1.424999936716631e-06,5.7299985201098025e-06,1.1700103641487658e-07,3.384299998288043e-05,1.3710014172829688e-06,0.000849760999699356,0.004150239000300644,0.004280994999135146,0,0,0,200.0,0.0,0,0.0,1.0197723584129048,0.021500645261663974,1.7697723584129048,,,,,unknown,unknown,nan,,nan,,1.0,0.0,0.0,nan,nan,0.0,0,,4375861026,F04_M01_05,MDCEB22F,measured,hold_baseline,0.5,,1,1,1.0197723584129048,0.021500645261663974,1.7697723584129048,1.4697723584129048,3.1213586736394725,0.0,0.12031451927974596,-1.7181932989109197,1.7224005910275069,1,0,0,0,ad4b715165e84dd399d377549dc111fb1309cda1260e23e9ee621d07fad63984,6ba3dffa4798388fb8057a608cfa40a0e24aeba9257d245b2d5103a1844d1115
4,5.5495628460012085,2.37909905700144,APPROACH,,KFB_TIMING,kfb_timing,0.0022660757208828597,-0.002259206267802418,0.0050175486419688,1,-28.28571428571429,0,0.3101727932049827,-0.0021546272487728228,0.399575300795617,0.3035518996771845,-0.0009728956133791449,0.4277278444946875,0.4026760081635052,0.8441302486187017,-4.032500048181905,-0.6008002021340342,1.0913108161054128,0.3505362842016747,4.139536264217362,200.0,13.0,1.2,0.5,0.3,3.0,IDLE,0.08,nan,0,0.05,20.0,0,unknown,unknown,nan,0,0.0,0,0.00517386900173733,1,0.00033160900056827813,1.8856000679079443e-05,0.0004429639993759338,1.2919990695081651e-06,5.762001819675788e-06,1.309999788645655e-07,3.1218001822708175e-05,1.3650023902300745e-06,0.0009175970008072909,0.004082402999192709,0.004254138002579566,0,0,0,200.0,0.0,0,0.0,1.0197723584129048,0.021500645261663974,1.7697723584129048,,,,,unknown,unknown,nan,,nan,,1.0,0.0,0.0,nan,nan,0.0,0,,4381145812,F04_M01_05,MDCEB22F,measured,hold_baseline,0.5,,1,1,1.0197723584129048,0.021500645261663974,1.7697723584129048,1.4697723584129048,3.1197639058044575,0.0,0.12206512430935085,-1.7162500240909526,1.7205853770635309,1,0,0,0,ad4b715165e84dd399d377549dc111fb1309cda1260e23e9ee621d07fad63984,6ba3dffa4798388fb8057a608cfa40a0e24aeba9257d245b2d5103a1844d1115
4,5.554738107999583,2.3842743189998146,APPROACH,,KFB_TIMING,kfb_timing,0.002268281655318588,-0.002265132280271431,0.005040449233597459,1,-28.28571428571429,0,0.3101661754016755,-0.0021368492113657835,0.399644002570503,0.30354931034276317,-0.0009712728707713045,0.4277219044679401,0.4183292574014662,0.8457970582084109,-4.049653838718618,-0.6016408688787691,1.107667437863401,0.35168227292971005,4.1581327834402435,200.0,13.0,1.2,0.5,0.3,3.0,IDLE,0.08,nan,0,0.05,20.0,0,unknown,unknown,nan,0,0.0,0,0.005175261998374481,1,0.00041150000106426887,1.9416002032812685e-05,0.00047412099957000464,1.1990014172624797e-06,5.784000677522272e-06,1.2899909052066505e-07,3.305699647171423e-05,3.706998541019857e-06,0.0010326139999961015,0.003967386000003899,0.004140929999266518,0,0,0,200.0,0.0,0,0.0,1.0197723584129048,0.021500645261663974,1.7697723584129048,,,,,unknown,unknown,nan,,nan,,1.0,0.0,0.0,nan,nan,0.0,0,,4386058715,F04_M01_05,MDCEB22F,measured,hold_baseline,0.5,,1,1,1.0197723584129048,0.021500645261663974,1.7697723584129048,1.4697723584129048,3.1383604250273387,0.0,0.12289852910420546,-1.724826919359309,1.7291998005443159,1,0,0,0,ad4b715165e84dd399d377549dc111fb1309cda1260e23e9ee621d07fad63984,6ba3dffa4798388fb8057a608cfa40a0e24aeba9257d245b2d5103a1844d1115
4,5.559806137000123,2.389342348000355,APPROACH,,KFB_TIMING,kfb_timing,0.0022734126973265045,-0.0022768912870105777,0.005066744144533613,1,-28.28571428571429,0,0.31015078227565174,-0.0021015721911483436,0.39972288730331146,0.3035476520482322,-0.0009710628472145372,0.4277179255764809,0.43373512942751924,0.8469508346478551,-4.085595793684876,-0.6017334661710152,1.1292269935644796,0.35308422782840276,4.194942772933351,200.0,13.0,1.2,0.5,0.3,3.0,IDLE,0.08,nan,0,0.05,20.0,0,unknown,unknown,nan,0,0.0,0,0.005068029000540264,1,0.00023706999854766764,1.937100023496896e-05,0.00039838899829192087,1.1810006981249899e-06,5.2580035116989166e-06,1.359985617455095e-07,3.0879997211741284e-05,1.4139986888039857e-06,0.0007661240015295334,0.004233875998470467,0.004296023998904275,0,0,0,200.0,0.0,0,0.0,1.0197723584129048,0.021500645261663974,1.7697723584129048,,,,,unknown,unknown,nan,,nan,,1.0,0.0,0.0,nan,nan,0.0,0,,4391365304,F04_M01_05,MDCEB22F,measured,hold_baseline,0.5,,1,1,1.0197723584129048,0.021500645261663974,1.7697723584129048,1.4697723584129048,3.1751704145204465,0.0,0.12347541732392758,-1.7427978968424378,1.7471664740149242,1,0,0,0,ad4b715165e84dd399d377549dc111fb1309cda1260e23e9ee621d07fad63984,6ba3dffa4798388fb8057a608cfa40a0e24aeba9257d245b2d5103a1844d1115
4,5.565008516001399,2.3945447270016302,APPROACH,,KFB_TIMING,kfb_timing,0.0022823917738049593,-0.0022828615142647356,0.005076873783441177,1,-28.28571428571429,0,0.3101238450462164,-0.00208366150938587,0.39975327622003415,0.3035462675727152,-0.0009719032952791532,0.42771469017596087,0.44512945695943884,0.8483737450540629,-4.122558853371736,-0.6018524763388702,1.1483968513653027,0.35460838917529613,4.2324188999039,200.0,13.0,1.2,0.5,0.3,3.0,IDLE,0.08,nan,0,0.05,20.0,0,unknown,unknown,nan,0,0.0,0,0.005202379001275403,1,0.0004646099987439811,3.140199987683445e-05,0.00035778299934463575,2.439999661874026e-06,7.3500013968441635e-06,1.449989213142544e-07,4.102799721295014e-05,1.5890000213403255e-06,0.00101425799948629,0.00398574200051371,0.004175166999630164,0,0,0,200.0,0.0,0,0.0,1.0197723584129048,0.021500645261663974,1.7697723584129048,,,,,unknown,unknown,nan,,nan,,1.0,0.0,0.0,nan,nan,0.0,0,,4396569750,F04_M01_05,MDCEB22F,measured,hold_baseline,0.5,,1,1,1.0197723584129048,0.021500645261663974,1.7697723584129048,1.4697723584129048,3.212646541490995,0.0,0.12418687252703148,-1.7612794266858678,1.7656521736103474,1,0,0,0,ad4b715165e84dd399d377549dc111fb1309cda1260e23e9ee621d07fad63984,6ba3dffa4798388fb8057a608cfa40a0e24aeba9257d245b2d5103a1844d1115
4,5.570094151000376,2.3996303620006074,APPROACH,,KFB_TIMING,kfb_timing,0.0022879783519043073,-0.0022888117226436975,0.005093390267534168,1,-28.28571428571429,0,0.31010708531191833,-0.0020658108842489843,0.3998028256723131,0.30354676392015395,-0.0009702816218055141,0.42771429632127383,0.44345116287605,0.847816055045925,-4.144858267604472,-0.6008369936716311,1.1548941903589702,0.35511798050082355,4.253856021961592,200.0,13.0,1.2,0.5,0.3,3.0,IDLE,0.08,nan,0,0.05,20.0,0,unknown,unknown,nan,0,0.0,0,0.005085634998977184,1,0.0005090170016046613,1.9513998267939314e-05,0.0003531849979481194,1.205000444315374e-06,5.69400071981363e-06,1.410007826052606e-07,2.9928996809758246e-05,1.3450007827486843e-06,0.0010053890000563115,0.003994610999943689,0.00407843200082425,0,0,0,200.0,0.0,0,0.0,1.0197723584129048,0.021500645261663974,1.7697723584129048,,,,,unknown,unknown,nan,,nan,,1.0,0.0,0.0,nan,nan,0.0,0,,4401582649,F04_M01_05,MDCEB22F,measured,hold_baseline,0.5,,1,1,1.0197723584129048,0.021500645261663974,1.7697723584129048,1.4697723584129048,3.2340836635486876,0.0,0.12390802752296254,-1.772429133802236,1.7767549728748688,1,0,0,0,ad4b715165e84dd399d377549dc111fb1309cda1260e23e9ee621d07fad63984,6ba3dffa4798388fb8057a608cfa40a0e24aeba9257d245b2d5103a1844d1115
4,5.575303505000193,2.4048397160004242,APPROACH,,KFB_TIMING,kfb_timing,0.002296954887741287,-0.002294783964869171,0.005103522225057428,1,-28.28571428571429,0,0.3100801557044074,-0.0020478941575725637,0.3998332215448829,0.3035460648766061,-0.0009714024754629447,0.4277134860362251,0.43778506031795217,0.847851654787195,-4.154551313561609,-0.6002123531062176,1.1551140899994983,0.35530510464044,4.262722698531945,200.0,13.0,1.2,0.5,0.3,3.0,IDLE,0.08,nan,0,0.05,20.0,0,unknown,unknown,nan,0,0.0,0,0.005209353999816813,1,0.00036151899985270575,1.990399687201716e-05,0.0004300030013837386,1.4690012903884053e-06,5.576999683398753e-06,1.2599775800481439e-07,3.181400097673759e-05,1.4170000213198364e-06,0.0009347029990749434,0.004065297000925057,0.004270278001058614,0,0,0,200.0,0.0,0,0.0,1.0197723584129048,0.021500645261663974,1.7697723584129048,,,,,unknown,unknown,nan,,nan,,1.0,0.0,0.0,nan,nan,0.0,0,,4406824879,F04_M01_05,MDCEB22F,measured,hold_baseline,0.5,,1,1,1.0197723584129048,0.021500645261663974,1.7697723584129048,1.4697723584129048,3.2429503401190405,0.0,0.12392582739359753,-1.7772756567808046,1.781590966209929,1,0,0,0,ad4b715165e84dd399d377549dc111fb1309cda1260e23e9ee621d07fad63984,6ba3dffa4798388fb8057a608cfa40a0e24aeba9257d245b2d5103a1844d1115
4,5.580474057001993,2.4100102680022246,APPROACH,,KFB_TIMING,kfb_timing,0.002306395673422168,-0.002294943452055894,0.005103873198792587,1,-28.28571428571429,0,0.31005183334736475,-0.002047415696012395,0.3998342744660884,0.30354589939779947,-0.0009703426976167958,0.4277134202522513,0.42976692626753726,0.8492540780984124,-4.151712233042904,-0.6003842659978913,1.1501258339149723,0.3555390386750645,4.2594185713637405,200.0,13.0,1.2,0.5,0.3,3.0,IDLE,0.08,nan,0,0.05,20.0,0,unknown,unknown,nan,0,0.0,0,0.005170552001800388,1,0.00046419899808824994,1.9112998415948823e-05,0.00036004200228489935,1.2229975254740566e-06,5.857000360265374e-06,1.359985617455095e-07,3.098700108239427e-05,1.3409990060608834e-06,0.0009664979988883715,0.004033502001111629,0.004199180999421515,0,0,0,200.0,0.0,0,0.0,1.0197723584129048,0.021500645261663974,1.7697723584129048,,,,,unknown,unknown,nan,,nan,,1.0,0.0,0.0,nan,nan,0.0,0,,4411870794,F04_M01_05,MDCEB22F,measured,hold_baseline,0.5,,1,1,1.0197723584129048,0.021500645261663974,1.7697723584129048,1.4697723584129048,3.2396462129508357,0.0,0.12462703904920619,-1.775856116521452,1.7802238189196393,1,0,0,0,ad4b715165e84dd399d377549dc111fb1309cda1260e23e9ee621d07fad63984,6ba3dffa4798388fb8057a608cfa40a0e24aeba9257d245b2d5103a1844d1115
4,5.58563704900007,2.4151732600003015,APPROACH,,KFB_TIMING,kfb_timing,0.0023153711655028164,-0.002300917120017229,0.005114006924647238,1,-28.28571428571429,0,0.31002490687112283,-0.002029494692128389,0.39986467564365236,0.30354519600792057,-0.0009697005425504893,0.42771049477491596,0.41825390311675303,0.8480625846036223,-4.128867095404761,-0.5991947029026901,1.1371893455791127,0.3546491021996018,4.235763209433824,200.0,13.0,1.2,0.5,0.3,3.0,IDLE,0.08,nan,0,0.05,20.0,0,unknown,unknown,nan,0,0.0,0,0.0051629919980769046,1,0.00023044499903335236,1.845200313255191e-05,0.0004705869978351984,1.2470009096432477e-06,5.751000571763143e-06,1.2500095181167126e-07,3.0294999305624515e-05,1.2659984349738806e-06,0.0008411319977312814,0.004158868002268719,0.004320390999055235,0,0,0,200.0,0.0,0,0.0,1.0197723584129048,0.021500645261663974,1.7697723584129048,,,,,unknown,unknown,nan,,nan,,1.0,0.0,0.0,nan,nan,0.0,0,,4417057669,F04_M01_05,MDCEB22F,measured,hold_baseline,0.5,,1,1,1.0197723584129048,0.021500645261663974,1.7697723584129048,1.4697723584129048,3.2159908510209188,0.0,0.12403129230181115,-1.7644335477023805,1.7687875807251887,1,0,0,0,ad4b715165e84dd399d377549dc111fb1309cda1260e23e9ee621d07fad63984,6ba3dffa4798388fb8057a608cfa40a0e24aeba9257d245b2d5103a1844d1115
4,5.590813067999989,2.42034927900022,APPROACH,,KFB_TIMING,kfb_timing,0.0023214191413263585,-0.0023010558471123982,0.005120744853372928,1,-28.28571428571429,0,0.3100067629436522,-0.002029078510842882,0.3998848894298294,0.30354527414814475,-0.0009708515687729038,0.42771227389788125,0.4079307957471279,0.8492224981119704,-4.117261500971827,-0.5994828693758556,1.1282022587927907,0.3546519812525185,4.223674780662356,200.0,13.0,1.2,0.5,0.3,3.0,IDLE,0.08,nan,0,0.05,20.0,0,unknown,unknown,nan,0,0.0,0,0.005176018999918597,1,0.00033857699963846244,1.876700116554275e-05,0.00040319899926544167,1.0999974620062858e-06,4.954999894835055e-06,1.400003384333104e-07,2.848099757102318e-05,4.3100008042529225e-06,0.0008665890018164646,0.0041334109981835355,0.0043077260015707,0,0,0,200.0,0.0,0,0.0,1.0197723584129048,0.021500645261663974,1.7697723584129048,,,,,unknown,unknown,nan,,nan,,1.0,0.0,0.0,nan,nan,0.0,0,,4421987536,F04_M01_05,MDCEB22F,measured,hold_baseline,0.5,,1,1,1.0197723584129048,0.021500645261663974,1.7697723584129048,1.4697723584129048,3.203902422249451,0.0,0.1246112490559852,-1.7586307504859133,1.7630400108749489,1,0,0,0,ad4b715165e84dd399d377549dc111fb1309cda1260e23e9ee621d07fad63984,6ba3dffa4798388fb8057a608cfa40a0e24aeba9257d245b2d5103a1844d1115
4,5.59596990800128,2.4255061190015113,APPROACH,,KFB_TIMING,kfb_timing,0.002330393096484723,-0.0023070308908869396,0.005130880410078042,1,-28.28571428571429,0,0.3099798410781771,-0.002011153379519258,0.39991529609994475,0.30354494009509003,-0.0009721372486689861,0.4277115104479622,0.40069031797736426,0.8502942177579097,-4.111304918699228,-0.599863619893744,1.1227379475026804,0.35486243535706835,4.2173903212998685,200.0,13.0,1.2,0.5,0.3,3.0,IDLE,0.08,nan,0,0.05,20.0,0,unknown,unknown,nan,0,0.0,0,0.00515684000129113,1,0.00033498300035716966,1.669800258241594e-05,0.00016671499906806275,1.0799994925037026e-06,4.622001142706722e-06,1.309999788645655e-07,2.625799970701337e-05,1.1589982022996992e-06,0.0006151000015961472,0.004384899998403853,0.0045380000010482036,0,0,0,200.0,0.0,0,0.0,1.0197723584129048,0.021500645261663974,1.7697723584129048,,,,,unknown,unknown,nan,,nan,,1.0,0.0,0.0,nan,nan,0.0,0,,4427289694,F04_M01_05,MDCEB22F,measured,hold_baseline,0.5,,1,1,1.0197723584129048,0.021500645261663974,1.7697723584129048,1.4697723584129048,3.1976179628869636,0.0,0.12514710887895486,-1.7556524593496141,1.7601072003946547,1,0,0,0,ad4b715165e84dd399d377549dc111fb1309cda1260e23e9ee621d07fad63984,6ba3dffa4798388fb8057a608cfa40a0e24aeba9257d245b2d5103a1844d1115
4,5.601055710001674,2.4305919210019056,APPROACH,,KFB_TIMING,kfb_timing,0.0023364402278254204,-0.0023071699589395783,0.005137619512343443,1,-28.28571428571429,0,0.309961699684155,-0.0020107361753613417,0.39993551340674094,0.3035450051786053,-0.0009708375940364004,0.4277114159303548,0.3932514468649261,0.8495520357300088,-4.105450154643902,-0.5991104044473173,1.1172059544063444,0.3549519723532614,4.210832023975785,200.0,13.0,1.2,0.5,0.3,3.0,IDLE,0.08,nan,0,0.05,20.0,0,unknown,unknown,nan,0,0.0,0,0.005085802000394324,1,0.0002496509987395257,1.9655999494716525e-05,0.0003827559994533658,1.176998921437189e-06,5.292997229844332e-06,1.5300247468985617e-07,3.1178999051917344e-05,1.3890021364204586e-06,0.000765417000366142,0.004234582999633858,0.004318167997553246,0,0,0,200.0,0.0,0,0.0,1.0197723584129048,0.021500645261663974,1.7697723584129048,,,,,unknown,unknown,nan,,nan,,1.0,0.0,0.0,nan,nan,0.0,0,,4432239041,F04_M01_05,MDCEB22F,measured,hold_baseline,0.5,,1,1,1.0197723584129048,0.021500645261663974,1.7697723584129048,1.4697723584129048,3.19105966556288,0.0,0.12477601786500442,-1.7527250773219512,1.7571608495830675,1,0,0,0,ad4b715165e84dd399d377549dc111fb1309cda1260e23e9ee621d07fad63984,6ba3dffa4798388fb8057a608cfa40a0e24aeba9257d245b2d5103a1844d1115
4,5.606123017001664,2.435659228001896,APPROACH,,KFB_TIMING,kfb_timing,0.0023393660248497705,-0.0023130069667710207,0.0051410170928096665,1,-28.28571428571429,0,0.3099529222930819,-0.0019932251518670146,0.3999457061481396,0.3035451220738791,-0.0009701978027111223,0.42771270057145216,0.39045370541782737,0.8469255889594314,-4.10071514921629,-0.5971844344206642,1.1149718968415092,0.3548551348928848,4.205425279840408,200.0,13.0,1.2,0.5,0.3,3.0,IDLE,0.08,nan,0,0.05,20.0,0,unknown,unknown,nan,0,0.0,0,0.005067306999990251,1,0.0003594659974623937,1.6426001820946112e-05,0.0001544090009701904,1.0069998097606003e-06,4.425997758517042e-06,1.4200122677721083e-07,2.66739989456255e-05,1.0450021363794804e-06,0.0006242759991437197,0.00437572400085628,0.004438193998794304,0,0,0,200.0,0.0,0,0.0,1.0197723584129048,0.021500645261663974,1.7697723584129048,,,,,unknown,unknown,nan,,nan,,1.0,0.0,0.0,nan,nan,0.0,0,,4437360705,F04_M01_05,MDCEB22F,measured,hold_baseline,0.5,,1,1,1.0197723584129048,0.021500645261663974,1.7697723584129048,1.4697723584129048,3.185652921427503,0.0,0.1234627944797157,-1.750357574608145,1.7547064428584196,1,0,0,0,ad4b715165e84dd399d377549dc111fb1309cda1260e23e9ee621d07fad63984,6ba3dffa4798388fb8057a608cfa40a0e24aeba9257d245b2d5103a1844d1115
4,5.611303092999151,2.4408393039993825,APPROACH,,KFB_TIMING,kfb_timing,0.0023454126447764734,-0.002313146378404415,0.005147756898995307,1,-28.28571428571429,0,0.3099347824333018,-0.001992806916966832,0.3999659255666965,0.3035440170403769,-0.0009709944700719104,0.4277090227320128,0.38856287578422555,0.8423337147702983,-4.094948519310801,-0.5940899415050724,1.1131444223318958,0.3543280519015026,4.198703439311016,200.0,13.0,1.2,0.5,0.3,3.0,IDLE,0.08,nan,0,0.05,20.0,0,unknown,unknown,nan,0,0.0,0,0.0051800759974867105,1,0.0002795389991661068,2.271999983349815e-05,0.00023563799913972616,2.2219974198378623e-06,7.84099756856449e-06,1.2099917512387037e-07,4.1421000787522644e-05,1.8730024748947471e-06,0.0006933779986866284,0.004306622001313372,0.0044832470011897385,0,0,0,200.0,0.0,0,0.0,1.0197723584129048,0.021500645261663974,1.7697723584129048,,,,,unknown,unknown,nan,,nan,,1.0,0.0,0.0,nan,nan,0.0,0,,4442488585,F04_M01_05,MDCEB22F,measured,hold_baseline,0.5,,1,1,1.0197723584129048,0.021500645261663974,1.7697723584129048,1.4697723584129048,3.1789310808981113,0.0,0.12116685738514915,-1.7474742596554005,1.7516699733359544,1,0,0,0,ad4b715165e84dd399d377549dc111fb1309cda1260e23e9ee621d07fad63984,6ba3dffa4798388fb8057a608cfa40a0e24aeba9257d245b2d5103a1844d1115
4,5.616495820002456,2.4460320310026873,APPROACH,,KFB_TIMING,kfb_timing,0.0023454126447764734,-0.002313146378404415,0.005147756898995307,1,-28.28571428571429,0,0.3099347824333018,-0.001992806916966832,0.3999659255666965,0.30354458493736475,-0.0009720327989008095,0.4277100440582526,0.38542713605190626,0.8405428488035929,-4.068991995464197,-0.59287315660094,1.1048823191084671,0.3545918549837419,4.172740372588707,200.0,13.0,1.2,0.5,0.3,3.0,IDLE,0.08,nan,0,0.05,20.0,0,unknown,unknown,nan,0,0.0,0,0.0051927270033047535,1,0.00036564800029736944,2.313799996045418e-05,0.0001358379995508585,1.5139994502533227e-06,4.575002094497904e-06,1.1399970389902592e-07,2.695299917832017e-05,1.3569988368544728e-06,0.0006270240010053385,0.004372975998994662,0.0045617930009029806,0,0,0,200.0,0.0,0,0.0,1.0197723584129048,0.021500645261663974,1.7697723584129048,,,,,unknown,unknown,nan,,nan,,1.0,0.0,0.0,nan,nan,0.0,0,,4447995831,F04_M01_05,MDCEB22F,measured,hold_baseline,0.5,,1,1,1.0197723584129048,0.021500645261663974,1.7697723584129048,1.4697723584129048,3.152968014175802,0.0,0.12027142440179645,-1.7344959977320984,1.7386608587290118,1,0,0,0,ad4b715165e84dd399d377549dc111fb1309cda1260e23e9ee621d07fad63984,6ba3dffa4798388fb8057a608cfa40a0e24aeba9257d245b2d5103a1844d1115
4,5.621630441000889,2.4511666520011204,APPROACH,,KFB_TIMING,kfb_timing,0.0023483379259001125,-0.0023189840746995075,0.005151154901242709,1,-28.28571428571429,0,0.30992600658993086,-0.001975293828081554,0.3999761195734387,0.30354470605778694,-0.0009709618398907934,0.42770932686074853,0.3873088832387994,0.839804946550214,-4.052742177336241,-0.5924746986906868,1.102672164832772,0.35487485911760475,4.156921899103469,200.0,13.0,1.2,0.5,0.3,3.0,IDLE,0.08,nan,0,0.05,20.0,0,unknown,unknown,nan,0,0.0,0,0.005134620998433093,1,0.0005239579986664467,2.0584997400874272e-05,0.0002882879998651333,1.3459975889418274e-06,5.077999958302826e-06,1.4200122677721083e-07,3.0508999770972878e-05,1.4640027075074613e-06,0.0009450569996261038,0.004054943000373896,0.0041874340022332035,0,0,0,200.0,0.0,0,0.0,1.0197723584129048,0.021500645261663974,1.7697723584129048,,,,,unknown,unknown,nan,,nan,,1.0,0.0,0.0,nan,nan,0.0,0,,4452722149,F04_M01_05,MDCEB22F,measured,hold_baseline,0.5,,1,1,1.0197723584129048,0.021500645261663974,1.7697723584129048,1.4697723584129048,3.137149540690564,0.0,0.119902473275107,-1.7263710886681205,1.7305299011824786,1,0,0,0,ad4b715165e84dd399d377549dc111fb1309cda1260e23e9ee621d07fad63984,6ba3dffa4798388fb8057a608cfa40a0e24aeba9257d245b2d5103a1844d1115
4,5.6267277040024055,2.456263915002637,APPROACH,,KFB_TIMING,kfb_timing,0.0023454126447764734,-0.002313146378404415,0.005147756898995307,1,-28.28571428571429,0,0.30993478243330175,-0.001992806916966832,0.3999659255666965,0.3035442437801201,-0.0009701048189380036,0.42770741286293645,0.3890879056313832,0.838214557832085,-4.046144267039271,-0.591718845868016,1.1032197762303622,0.3543973237973432,4.150334501334201,200.0,13.0,1.2,0.5,0.3,3.0,IDLE,0.08,nan,0,0.05,20.0,0,unknown,unknown,nan,0,0.0,0,0.005097263001516694,1,0.00025881499823299237,1.3844000932294875e-05,0.0001713640012894757,9.499999578110874e-07,4.3860018195118755e-06,1.2600139598362148e-07,2.2652999177807942e-05,3.473000106168911e-06,0.0005309369989845436,0.0044690630010154565,0.004562756999803241,0,0,0,200.0,0.0,0,0.0,1.0197723584129048,0.021500645261663974,1.7697723584129048,,,,,unknown,unknown,nan,,nan,,1.0,0.0,0.0,nan,nan,0.0,0,,4458130293,F04_M01_05,MDCEB22F,measured,hold_baseline,0.5,,1,1,1.0197723584129048,0.021500645261663974,1.7697723584129048,1.4697723584129048,3.130562142921296,0.0,0.1191072789160425,-1.7230721335196353,1.7271838701199973,1,0,0,0,ad4b715165e84dd399d377549dc111fb1309cda1260e23e9ee621d07fad63984,6ba3dffa4798388fb8057a608cfa40a0e24aeba9257d245b2d5103a1844d1115
4,5.631790321000153,2.4613265320003848,APPROACH,,KFB_TIMING,kfb_timing,0.0023422914837872844,-0.0023188443168347377,0.005144414860322328,1,-28.28571428571429,0,0.3099441459162693,-0.0019757131016758635,0.3999558994506776,0.3035436414113135,-0.0009708463467270195,0.4277070335384635,0.3927378619398014,0.8406757453641178,-4.044093493761086,-0.5936452099654475,1.106247267771043,0.35457528469335825,4.14917713809923,200.0,13.0,1.2,0.5,0.3,3.0,IDLE,0.08,nan,0,0.05,20.0,0,unknown,unknown,nan,0,0.0,0,0.005062616997747682,1,0.0002495729968359228,2.0162002329016104e-05,0.00045153799874242395,1.3609969755634665e-06,6.160997145343572e-06,1.2999953469261527e-07,3.1423998734680936e-05,1.4329998521134257e-06,0.0008484409991069697,0.00415155900089303,0.0042112320006708615,0,0,0,200.0,0.0,0,0.0,1.0197723584129048,0.021500645261663974,1.7697723584129048,,,,,unknown,unknown,nan,,nan,,1.0,0.0,0.0,nan,nan,0.0,0,,4462987814,F04_M01_05,MDCEB22F,measured,hold_baseline,0.5,,1,1,1.0197723584129048,0.021500645261663974,1.7697723584129048,1.4697723584129048,3.129404779686325,0.0,0.12033787268205892,-1.7220467468805432,1.726246275026685,1,0,0,0,ad4b715165e84dd399d377549dc111fb1309cda1260e23e9ee621d07fad63984,6ba3dffa4798388fb8057a608cfa40a0e24aeba9257d245b2d5103a1844d1115
4,5.6369672149994585,2.46650342599969,APPROACH,,KFB_TIMING,kfb_timing,0.0023393660248497705,-0.0023130069667710207,0.0051410170928096665,1,-28.28571428571429,0,0.3099529222930818,-0.0019932251518670146,0.3999457061481396,0.3035441288889365,-0.0009713592342945783,0.4277092803455759,0.3955836682238767,0.8433222531574471,-4.039992086257591,-0.595845420694257,1.1080532728091226,0.35432672517036023,4.145987809709524,200.0,13.0,1.2,0.5,0.3,3.0,IDLE,0.08,nan,0,0.05,20.0,0,unknown,unknown,nan,0,0.0,0,0.005176893999305321,1,0.0003522480001265649,1.397199957864359e-05,0.00018759399972623214,1.1020019883289933e-06,3.8050020521041006e-06,1.1199881555512547e-07,2.2529002308147028e-05,9.57999873207882e-07,0.0006342980013869237,0.004365701998613076,0.004539007000857964,0,0,0,200.0,0.0,0,0.0,1.0197723584129048,0.021500645261663974,1.7697723584129048,,,,,unknown,unknown,nan,,nan,,1.0,0.0,0.0,nan,nan,0.0,0,,4468401443,F04_M01_05,MDCEB22F,measured,hold_baseline,0.5,,1,1,1.0197723584129048,0.021500645261663974,1.7697723584129048,1.4697723584129048,3.1262154512966194,0.0,0.12166112657872358,-1.7199960431287955,1.724293425754189,1,0,0,0,ad4b715165e84dd399d377549dc111fb1309cda1260e23e9ee621d07fad63984,6ba3dffa4798388fb8057a608cfa40a0e24aeba9257d245b2d5103a1844d1115
4,5.642072509999707,2.4716087209999387,APPROACH,,KFB_TIMING,kfb_timing,0.0023362447078990878,-0.0023187045562966468,0.005137675288466406,1,-28.28571428571429,0,0.30996228624393385,-0.0019761323832901364,0.3999356807351098,0.30354383806552016,-0.0009708461746939243,0.42770788927982883,0.4003832022762367,0.8471711045821093,-4.036984120088741,-0.5987669655926982,1.111333542990824,0.35426100431967344,4.144302881662067,200.0,13.0,1.2,0.5,0.3,3.0,IDLE,0.08,nan,0,0.05,20.0,0,unknown,unknown,nan,0,0.0,0,0.005105295000248589,1,0.00023097399753169157,1.916099790832959e-05,0.0005051860025560018,1.3190001482143998e-06,5.7920005929190665e-06,1.3899989426136017e-07,3.26449990097899e-05,1.33900175569579e-06,0.0008811150000838097,0.00411888499991619,0.004217570000037085,0,0,0,200.0,0.0,0,0.0,1.0197723584129048,0.021500645261663974,1.7697723584129048,,,,,unknown,unknown,nan,,nan,,1.0,0.0,0.0,nan,nan,0.0,0,,4473314546,F04_M01_05,MDCEB22F,measured,hold_baseline,0.5,,1,1,1.0197723584129048,0.021500645261663974,1.7697723584129048,1.4697723584129048,3.124530523249162,0.0,0.12358555229105467,-1.7184920600443705,1.7229301637532002,1,0,0,0,ad4b715165e84dd399d377549dc111fb1309cda1260e23e9ee621d07fad63984,6ba3dffa4798388fb8057a608cfa40a0e24aeba9257d245b2d5103a1844d1115
4,5.6472324110000045,2.476768622000236,APPROACH,,KFB_TIMING,kfb_timing,0.002330197598353373,-0.0023185647930868782,0.005130936185771133,1,-28.28571428571429,0,0.309980427572571,-0.001976551672919442,0.399915463427024,0.30354415060588924,-0.0009723344279216999,0.42770796178793113,0.40152384327251645,0.8492632958500802,-4.016945007031626,-0.6005965149176798,1.1072554578287583,0.35354621626161625,4.125326257632332,200.0,13.0,1.2,0.5,0.3,3.0,IDLE,0.08,nan,0,0.05,20.0,0,unknown,unknown,nan,0,0.0,0,0.0051599010002973955,1,0.00033450100090703927,2.6262998289894313e-05,0.00017900300008477643,2.1999985619913787e-06,7.876999006839469e-06,1.269982021767646e-07,3.955899956054054e-05,1.8589998944662511e-06,0.0006961120016057976,0.0043038879983942025,0.004461519001779379,0,0,0,200.0,0.0,0,0.0,1.0197723584129048,0.021500645261663974,1.7697723584129048,,,,,unknown,unknown,nan,,nan,,1.0,0.0,0.0,nan,nan,0.0,0,,4478255118,F04_M01_05,MDCEB22F,measured,hold_baseline,0.5,,1,1,1.0197723584129048,0.021500645261663974,1.7697723584129048,1.4697723584129048,3.105553899219427,0.0,0.12463164792504011,-1.7084725035158128,1.713012359247329,1,0,0,0,ad4b715165e84dd399d377549dc111fb1309cda1260e23e9ee621d07fad63984,6ba3dffa4798388fb8057a608cfa40a0e24aeba9257d245b2d5103a1844d1115
4,5.652420378999523,2.481956589999754,APPROACH,,KFB_TIMING,kfb_timing,0.002330197598353373,-0.0023185647930868782,0.005130936185771133,1,-28.28571428571429,0,0.309980427572571,-0.001976551672919442,0.399915463427024,0.30354447170401605,-0.0009711514556180658,0.42770937854455104,0.4050068893196157,0.8528585221760248,-4.004134485647443,-0.6032973180173284,1.1066971977264,0.35335275523942355,4.11393865029557,200.0,13.0,1.2,0.5,0.3,3.0,IDLE,0.08,nan,0,0.05,20.0,0,unknown,unknown,nan,0,0.0,0,0.0051879679995181505,1,0.0001733879980747588,1.5333000192185864e-05,0.00016798300202935934,1.3549979485105723e-06,4.420002369442955e-06,1.270018401555717e-07,3.214000025764108e-05,1.095999323297292e-06,0.0004692660004366189,0.004530733999563381,0.004715070001111599,0,0,0,200.0,0.0,0,0.0,1.0197723584129048,0.021500645261663974,1.7697723584129048,,,,,unknown,unknown,nan,,nan,,1.0,0.0,0.0,nan,nan,0.0,0,,4483851830,F04_M01_05,MDCEB22F,measured,hold_baseline,0.5,,1,1,1.0197723584129048,0.021500645261663974,1.7697723584129048,1.4697723584129048,3.0941662918826656,0.0,0.1264292610880124,-1.7020672428237213,1.7067563555331515,1,0,0,0,ad4b715165e84dd399d377549dc111fb1309cda1260e23e9ee621d07fad63984,6ba3dffa4798388fb8057a608cfa40a0e24aeba9257d245b2d5103a1844d1115
4,5.657624111001496,2.4871603220017278,APPROACH,,KFB_TIMING,kfb_timing,0.0023236823704698706,-0.0023242403244013122,0.005133980767290254,1,-28.28571428571429,0,0.30999997325622153,-0.00195952507897614,0.39992459717158135,0.3035448080736718,-0.0009700776365843718,0.42770951437028326,0.4049026822103651,0.8572225989370167,-4.001545456220108,-0.6062568592646759,1.1067044308963105,0.35344656706058336,4.112315990337473,200.0,13.0,1.2,0.5,0.3,3.0,IDLE,0.08,nan,0,0.05,20.0,0,unknown,unknown,nan,0,0.0,0,0.005203732001973549,1,0.0003083179981331341,1.940700167324394e-05,0.0004225089978717733,1.429998519597575e-06,5.616002454189584e-06,1.360021997243166e-07,4.231099956086837e-05,1.8310020095668733e-06,0.0008884680028131697,0.00411153199718683,0.004312790999392746,0,0,0,200.0,0.0,0,0.0,1.0197723584129048,0.021500645261663974,1.7697723584129048,,,,,unknown,unknown,nan,,nan,,1.0,0.0,0.0,nan,nan,0.0,0,,4488738909,F04_M01_05,MDCEB22F,measured,hold_baseline,0.5,,1,1,1.0197723584129048,0.021500645261663974,1.7697723584129048,1.4697723584129048,3.0925436319245683,0.0,0.12861129946850836,-1.700772728110054,1.7056285466167285,1,0,0,0,ad4b715165e84dd399d377549dc111fb1309cda1260e23e9ee621d07fad63984,6ba3dffa4798388fb8057a608cfa40a0e24aeba9257d245b2d5103a1844d1115
4,5.6627780240014545,2.492314235001686,APPROACH,,KFB_TIMING,kfb_timing,0.0023266075235139905,-0.0023300772682851197,0.005137378223597789,1,-28.28571428571429,0,0.30999119779708917,-0.0019420142473247177,0.399934789540504,0.3035444529091719,-0.0009711348212942846,0.4277085739134486,0.40583563952692675,0.8620733907080138,-4.003095376525179,-0.6094611607040148,1.1084882529138662,0.35374163876468123,4.114929609462877,200.0,13.0,1.2,0.5,0.3,3.0,IDLE,0.08,nan,0,0.05,20.0,0,unknown,unknown,nan,0,0.0,0,0.005153912999958266,1,0.0002662330007296987,1.4434997865464538e-05,0.00018880599964177236,9.920004231389612e-07,4.018998879473656e-06,1.1700103641487658e-07,2.4156001018127427e-05,3.6050005292054266e-06,0.0005557670010603033,0.004444232998939697,0.004594392001308734,0,0,0,200.0,0.0,0,0.0,1.0197723584129048,0.021500645261663974,1.7697723584129048,,,,,unknown,unknown,nan,,nan,,1.0,0.0,0.0,nan,nan,0.0,0,,4493990661,F04_M01_05,MDCEB22F,measured,hold_baseline,0.5,,1,1,1.0197723584129048,0.021500645261663974,1.7697723584129048,1.4697723584129048,3.095157251049972,0.0,0.13103669535400692,-1.7015476882625895,1.7065858170514197,1,0,0,0,ad4b715165e84dd399d377549dc111fb1309cda1260e23e9ee621d07fad63984,6ba3dffa4798388fb8057a608cfa40a0e24aeba9257d245b2d5103a1844d1115
4,5.6678565910006,2.4973928020008316,APPROACH,,KFB_TIMING,kfb_timing,0.0023230161938607996,-0.0023415895069029092,0.005143820117430434,1,-28.28571428571429,0,0.3100019717860487,-0.001907477531471349,0.3999541152220019,0.30354409227762946,-0.0009708591727636716,0.4277062893944248,0.40705447607389,0.8648714075826067,-4.002629476902128,-0.611445727578855,1.10977648672481,0.35374390175790493,4.115183911748236,200.0,13.0,1.2,0.5,0.3,3.0,IDLE,0.08,nan,0,0.05,20.0,0,unknown,unknown,nan,0,0.0,0,0.005078566999145551,1,0.0003791470007854514,1.926400000229478e-05,0.00015279600120265968,1.368000084767118e-06,4.880999767920002e-06,1.3300086720846593e-07,2.737600152613595e-05,1.3190001482143998e-06,0.0006545129981532227,0.004345487001846777,0.004422196998348227,0,0,0,200.0,0.0,0,0.0,1.0197723584129048,0.021500645261663974,1.7697723584129048,,,,,unknown,unknown,nan,,nan,,1.0,0.0,0.0,nan,nan,0.0,0,,4498981978,F04_M01_05,MDCEB22F,measured,hold_baseline,0.5,,1,1,1.0197723584129048,0.021500645261663974,1.7697723584129048,1.4697723584129048,3.0954115533353312,0.0,0.13243570379130337,-1.701314738451064,1.7064615597514965,1,0,0,0,ad4b715165e84dd399d377549dc111fb1309cda1260e23e9ee621d07fad63984,6ba3dffa4798388fb8057a608cfa40a0e24aeba9257d245b2d5103a1844d1115
4,5.672924763999617,2.502460974999849,APPROACH,,KFB_TIMING,kfb_timing,0.002322546014000726,-0.0023474055014698204,0.005153603095430392,1,-28.28571428571429,0,0.31000338232562896,-0.0018900295477706154,0.3999834641560018,0.30354370445408696,-0.0009693122354165699,0.4277082245071969,0.40963206356224136,0.8650384770099668,-4.003237325873574,-0.6118053785066752,1.112138473244391,0.3532689465297422,4.1160659714675845,200.0,13.0,1.2,0.5,0.3,3.0,IDLE,0.08,nan,0,0.05,20.0,0,unknown,unknown,nan,0,0.0,0,0.005068172999017406,1,0.00028756299798260443,1.409199830959551e-05,0.00018248600099468604,8.8600063463673e-07,3.870001819450408e-06,1.129992597270757e-07,2.2051000996725634e-05,9.57999873207882e-07,0.0005617620008706581,0.004438237999129342,0.004502255000261357,0,0,0,200.0,0.0,0,0.0,1.0197723584129048,0.021500645261663974,1.7697723584129048,,,,,unknown,unknown,nan,,nan,,1.0,0.0,0.0,nan,nan,0.0,0,,4504002252,F04_M01_05,MDCEB22F,measured,hold_baseline,0.5,,1,1,1.0197723584129048,0.021500645261663974,1.7697723584129048,1.4697723584129048,3.0962936130546796,0.0,0.13251923850498343,-1.7016186629367869,1.7067710516143397,1,0,0,0,ad4b715165e84dd399d377549dc111fb1309cda1260e23e9ee621d07fad63984,6ba3dffa4798388fb8057a608cfa40a0e24aeba9257d245b2d5103a1844d1115
4,5.6780577749996155,2.507593985999847,APPROACH,,KFB_TIMING,kfb_timing,0.0023283929805160974,-0.0023590815687837027,0.005160399298100519,1,-28.28571428571429,0,0.3099858414260829,-0.0018550013458289685,0.4000038527640122,0.3035441847548133,-0.0009706705224273131,0.4277079334218329,0.4131729443855543,0.8654686095979207,-4.002219422575196,-0.612383589797338,1.1146215477214734,0.3533398523647064,4.115520392685441,200.0,13.0,1.2,0.5,0.3,3.0,IDLE,0.08,nan,0,0.05,20.0,0,unknown,unknown,nan,0,0.0,0,0.005133010999998078,1,0.000218446999497246,1.517300188424997e-05,0.00018807300148182549,1.3620010577142239e-06,5.098001565784216e-06,1.2600139598362148e-07,3.608500264817849e-05,9.840005077421665e-07,0.0005275120020087343,0.004472487997991266,0.004597693001414882,0,0,0,200.0,0.0,0,0.0,1.0197723584129048,0.021500645261663974,1.7697723584129048,,,,,unknown,unknown,nan,,nan,,1.0,0.0,0.0,nan,nan,0.0,0,,4509590288,F04_M01_05,MDCEB22F,measured,hold_baseline,0.5,,1,1,1.0197723584129048,0.021500645261663974,1.7697723584129048,1.4697723584129048,3.095748034272536,0.0,0.13273430479896037,-1.7011097112875981,1.7062803537248616,1,0,0,0,ad4b715165e84dd399d377549dc111fb1309cda1260e23e9ee621d07fad63984,6ba3dffa4798388fb8057a608cfa40a0e24aeba9257d245b2d5103a1844d1115
4,5.6832268409998505,2.512763052000082,APPROACH,,KFB_TIMING,kfb_timing,0.0023368881831783983,-0.002370880106864651,0.0051803215438825535,1,-28.28571428571429,0,0.309960355818096,-0.001819605731586124,0.40006361950135827,0.3035437210949432,-0.0009712994505648971,0.42770574083897067,0.41544421749290417,0.8645584834795228,-3.9998995113291977,-0.6119553130364824,1.115824614738206,0.3534156156624504,4.113301760135799,200.0,13.0,1.2,0.5,0.3,3.0,IDLE,0.08,nan,0,0.05,20.0,0,unknown,unknown,nan,0,0.0,0,0.005169066000235034,1,0.0004307689996494446,2.865399801521562e-05,0.0003781179984798655,1.8959981389343739e-06,6.668000423815101e-06,1.309999788645655e-07,3.584300065995194e-05,1.4809993444941938e-06,0.0009826070017879829,0.004017392998212017,0.004182221000519348,0,0,0,200.0,0.0,0,0.0,1.0197723584129048,0.021500645261663974,1.7697723584129048,,,,,unknown,unknown,nan,,nan,,1.0,0.0,0.0,nan,nan,0.0,0,,4514262061,F04_M01_05,MDCEB22F,measured,hold_baseline,0.5,,1,1,1.0197723584129048,0.021500645261663974,1.7697723584129048,1.4697723584129048,3.093529401722894,0.0,0.1322792417397614,-1.6999497556645988,1.7050885518293104,1,0,0,0,ad4b715165e84dd399d377549dc111fb1309cda1260e23e9ee621d07fad63984,6ba3dffa4798388fb8057a608cfa40a0e24aeba9257d245b2d5103a1844d1115
4,5.6884533730008116,2.517989584001043,APPROACH,,KFB_TIMING,kfb_timing,0.0023393355493052104,-0.0023825376010441065,0.0051935042629825704,1,-28.28571428571429,0,0.30995301371971556,-0.0017846332490477571,0.40010316765865833,0.30354355704903885,-0.0009696976847507546,0.427708074731623,0.4164235745966888,0.8649259080811219,-3.995883571977162,-0.61231347236556,1.1157281311861897,0.35408535430183286,4.109573084974497,200.0,13.0,1.2,0.5,0.3,3.0,IDLE,0.08,nan,0,0.05,20.0,0,unknown,unknown,nan,0,0.0,0,0.005226532000961015,1,0.00016598499860265292,1.893199805635959e-05,0.000183023999852594,1.1230004020035267e-06,5.288999091135338e-06,1.3700264389626682e-07,3.061600000364706e-05,1.395997969666496e-06,0.00048035100189736113,0.004519648998102639,0.0047428399993805215,0,0,0,200.0,0.0,0,0.0,1.0197723584129048,0.021500645261663974,1.7697723584129048,,,,,unknown,unknown,nan,,nan,,1.0,0.0,0.0,nan,nan,0.0,0,,4519840506,F04_M01_05,MDCEB22F,measured,hold_baseline,0.5,,1,1,1.0197723584129048,0.021500645261663974,1.7697723584129048,1.4697723584129048,3.089800726561592,0.0,0.13246295404056097,-1.697941785988581,1.7031009197341314,1,0,0,0,ad4b715165e84dd399d377549dc111fb1309cda1260e23e9ee621d07fad63984,6ba3dffa4798388fb8057a608cfa40a0e24aeba9257d245b2d5103a1844d1115
4,5.693577628000639,2.523113839000871,APPROACH,,KFB_TIMING,kfb_timing,0.0023478237791434986,-0.0023943405299292455,0.005213429342902948,1,-28.28571428571429,0,0.3099275490302007,-0.0017492244623923403,0.40016294289841947,0.30354417760387753,-0.0009708316109588036,0.4277066824424568,0.42165160890620845,0.86298433934349,-3.9922860014080275,-0.611120853202528,1.118553304910734,0.35429180209241196,4.106200137144293,200.0,13.0,1.2,0.5,0.3,3.0,IDLE,0.08,nan,0,0.05,20.0,0,unknown,unknown,nan,0,0.0,0,0.005124254999827826,1,0.0002831879974110052,1.8713999452302232e-05,0.00038503000178025104,1.448002876713872e-06,5.7390025176573545e-06,1.4800025383010507e-07,3.299800300737843e-05,1.3510034477803856e-06,0.000834509999549482,0.004165490000450518,0.004285057999368291,0,0,0,200.0,0.0,0,0.0,1.0197723584129048,0.021500645261663974,1.7697723584129048,,,,,unknown,unknown,nan,,nan,,1.0,0.0,0.0,nan,nan,0.0,0,,4525015889,F04_M01_05,MDCEB22F,measured,hold_baseline,0.5,,1,1,1.0197723584129048,0.021500645261663974,1.7697723584129048,1.4697723584129048,3.086427778731388,0.0,0.13149216967174499,-1.6961430007040137,1.7012322797085055,1,0,0,0,ad4b715165e84dd399d377549dc111fb1309cda1260e23e9ee621d07fad63984,6ba3dffa4798388fb8057a608cfa40a0e24aeba9257d245b2d5103a1844d1115
4,5.6988337990005675,2.528370010000799,APPROACH,,KFB_TIMING,kfb_timing,0.0023531851345541255,-0.002411842796144925,0.0052300138221207364,1,-28.28571428571429,0,0.3099114649639688,-0.0016967176637453013,0.4002126963360728,0.3035440218499536,-0.0009709663557209581,0.4277065753364261,0.4181341546669713,0.859401375532739,-3.988649755485376,-0.6088981235891675,1.1158315695180088,0.35386845545083334,4.101552604502371,200.0,13.0,1.2,0.5,0.3,3.0,IDLE,0.08,nan,0,0.05,20.0,0,unknown,unknown,nan,0,0.0,0,0.005256170999928145,1,0.00040790899947751313,2.9784998332615942e-05,0.00030762000096729025,1.5709993022028357e-06,6.8259978434070945e-06,1.3400131138041615e-07,3.3735002944013104e-05,4.556997737381607e-06,0.0008893320009519812,0.004110667999048019,0.004363639000075636,0,0,0,200.0,0.0,0,0.0,1.0197723584129048,0.021500645261663974,1.7697723584129048,,,,,unknown,unknown,nan,,nan,,1.0,0.0,0.0,nan,nan,0.0,0,,4529995484,F04_M01_05,MDCEB22F,measured,hold_baseline,0.5,,1,1,1.0197723584129048,0.021500645261663974,1.7697723584129048,1.4697723584129048,3.081780246089466,0.0,0.1297006877663695,-1.694324877742688,1.6992819247390483,1,0,0,0,ad4b715165e84dd399d377549dc111fb1309cda1260e23e9ee621d07fad63984,6ba3dffa4798388fb8057a608cfa40a0e24aeba9257d245b2d5103a1844d1115
4,5.70398512400061,2.5335213350008416,APPROACH,,KFB_TIMING,kfb_timing,0.0023561040544045897,-0.0024176849062371186,0.00523341443080285,1,-28.28571428571429,0,0.30990270820441745,-0.001679191333468721,0.40022289816211915,0.3035431683424707,-0.0009697759489925139,0.4277070017374385,0.4192500893956379,0.8574877801775527,-3.9837567478702542,-0.6073920516617806,1.1155740346954366,0.3541368046139215,4.096507507232699,200.0,13.0,1.2,0.5,0.3,3.0,IDLE,0.08,nan,0,0.05,20.0,0,unknown,unknown,nan,0,0.0,0,0.0051513250000425614,1,0.0003146150011161808,1.9929997506551445e-05,0.0001663109978835564,1.1600022844504565e-06,4.9340014811605215e-06,1.3699900591745973e-07,2.8209000447532162e-05,1.276999682886526e-06,0.0006043710018275306,0.0043956289981724695,0.004542817001492949,0,0,0,200.0,0.0,0,0.0,1.0197723584129048,0.021500645261663974,1.7697723584129048,,,,,unknown,unknown,nan,,nan,,1.0,0.0,0.0,nan,nan,0.0,0,,4535384778,F04_M01_05,MDCEB22F,measured,hold_baseline,0.5,,1,1,1.0197723584129048,0.021500645261663974,1.7697723584129048,1.4697723584129048,3.0767351488197945,0.0,0.12874389008877635,-1.691878373935127,1.6967697019408854,1,0,0,0,ad4b715165e84dd399d377549dc111fb1309cda1260e23e9ee621d07fad63984,6ba3dffa4798388fb8057a608cfa40a0e24aeba9257d245b2d5103a1844d1115
4,5.709171631999197,2.538707842999429,APPROACH,,KFB_TIMING,kfb_timing,0.002358747128861638,-0.002417808346937859,0.0052465413111280595,1,-28.28571428571429,0,0.30989477898104634,-0.0016788210113664994,0.4002622788030948,0.30354294442160135,-0.0009710819723501461,0.4277061479881897,0.4228935708988467,0.8554090398283537,-3.9806935623986073,-0.6055936519074324,1.1173439698000525,0.3543141175061761,4.093468558014018,200.0,13.0,1.2,0.5,0.3,3.0,IDLE,0.08,nan,0,0.05,20.0,0,unknown,unknown,nan,0,0.0,0,0.005186507998587331,1,0.0002501499984646216,2.907399903051555e-05,0.0004314580000936985,1.2399978004395962e-06,5.706999218091369e-06,1.4600300346501172e-07,2.9999999242136255e-05,1.3270000636111945e-06,0.0008438789991487283,0.004156121000851272,0.004334722998464713,0,0,0,200.0,0.0,0,0.0,1.0197723584129048,0.021500645261663974,1.7697723584129048,,,,,unknown,unknown,nan,,nan,,1.0,0.0,0.0,nan,nan,0.0,0,,4540600533,F04_M01_05,MDCEB22F,measured,hold_baseline,0.5,,1,1,1.0197723584129048,0.021500645261663974,1.7697723584129048,1.4697723584129048,3.073696199601113,0.0,0.12770451991417686,-1.6903467811993036,1.6951639109883612,1,0,0,0,ad4b715165e84dd399d377549dc111fb1309cda1260e23e9ee621d07fad63984,6ba3dffa4798388fb8057a608cfa40a0e24aeba9257d245b2d5103a1844d1115
4,5.71434331799901,2.5438795289992413,APPROACH,,KFB_TIMING,kfb_timing,0.002358266216353183,-0.00242362881193173,0.005256325450643895,1,-28.28571428571429,0,0.3098962217185717,-0.001661359616384887,0.4002916312216423,0.3035433807998035,-0.0009718577048741205,0.4277051634512494,0.42350643820107925,0.8529267351819143,-3.976523848875432,-0.6035174419607944,1.1168263483952963,0.35404696147535697,4.088958747586104,200.0,13.0,1.2,0.5,0.3,3.0,IDLE,0.08,nan,0,0.05,20.0,0,unknown,unknown,nan,0,0.0,0,0.0051716859998123255,1,0.00028270899929339066,3.4814998798538e-05,0.00039491600182373077,2.46399940806441e-06,8.12099824543111e-06,1.500011421740055e-07,4.956699922331609e-05,2.0090010366402566e-06,0.0008928160023060627,0.004107183997693937,0.004275317001884105,0,0,0,200.0,0.0,0,0.0,1.0197723584129048,0.021500645261663974,1.7697723584129048,,,,,unknown,unknown,nan,,nan,,1.0,0.0,0.0,nan,nan,0.0,0,,4545853268,F04_M01_05,MDCEB22F,measured,hold_baseline,0.5,,1,1,1.0197723584129048,0.021500645261663974,1.7697723584129048,1.4697723584129048,3.069186389173199,0.0,0.12646336759095717,-1.688261924437716,1.6929918218492923,1,0,0,0,ad4b715165e84dd399d377549dc111fb1309cda1260e23e9ee621d07fad63984,6ba3dffa4798388fb8057a608cfa40a0e24aeba9257d245b2d5103a1844d1115
4,5.719518096000684,2.5490543070009153,APPROACH,,KFB_TIMING,kfb_timing,0.002358266216353183,-0.00242362881193173,0.005256325450643895,1,-28.28571428571429,0,0.3098962217185717,-0.001661359616384887,0.4002916312216423,0.3035437610204735,-0.0009707201837637278,0.42770801541490777,0.42364066092363223,0.8540720947539626,-3.97353358500902,-0.6036107035101956,1.1163890550085518,0.35457087581455143,4.086303917211723,200.0,13.0,1.2,0.5,0.3,3.0,IDLE,0.08,nan,0,0.05,20.0,0,unknown,unknown,nan,0,0.0,0,0.005174778001673985,1,0.0003637039990280755,1.9883998902514577e-05,0.0004461310018086806,1.4840006770100445e-06,5.755999154644087e-06,1.2099917512387037e-07,3.259900040575303e-05,1.357999281026423e-06,0.0009569150024617556,0.0040430849975382445,0.004208877999190008,0,0,0,200.0,0.0,0,0.0,1.0197723584129048,0.021500645261663974,1.7697723584129048,,,,,unknown,unknown,nan,,nan,,1.0,0.0,0.0,nan,nan,0.0,0,,4551031918,F04_M01_05,MDCEB22F,measured,hold_baseline,0.5,,1,1,1.0197723584129048,0.021500645261663974,1.7697723584129048,1.4697723584129048,3.066531558798818,0.0,0.12703604737698132,-1.68676679250451,1.6915437829477307,1,0,0,0,ad4b715165e84dd399d377549dc111fb1309cda1260e23e9ee621d07fad63984,6ba3dffa4798388fb8057a608cfa40a0e24aeba9257d245b2d5103a1844d1115
4,5.724714173000393,2.5542503840006248,APPROACH,,KFB_TIMING,kfb_timing,0.002355348140036212,-0.0024177861175381076,0.005252924383256696,1,-28.28571428571429,0,0.3099049759475226,-0.0016788876995657539,0.4002814280194807,0.3035438294390275,-0.0009692319987349516,0.42770640334549725,0.42696378644407085,0.8523221513647787,-3.9709005423414325,-0.6018987188088787,1.1180940423832417,0.3539676463250206,4.083724065336592,200.0,13.0,1.2,0.5,0.3,3.0,IDLE,0.08,nan,0,0.05,20.0,0,unknown,unknown,nan,0,0.0,0,0.005196076999709476,1,0.0004749870022351388,1.92299994523637e-05,0.00033444599830545485,1.2140008038841188e-06,4.905999958282337e-06,1.1399970389902592e-07,2.728199979173951e-05,1.2950004020240158e-06,0.0009556139993946999,0.0040443860006053,0.00423580799906631,0,0,0,200.0,0.0,0,0.0,1.0197723584129048,0.021500645261663974,1.7697723584129048,,,,,unknown,unknown,nan,,nan,,1.0,0.0,0.0,nan,nan,0.0,0,,4555997662,F04_M01_05,MDCEB22F,measured,hold_baseline,0.5,,1,1,1.0197723584129048,0.021500645261663974,1.7697723584129048,1.4697723584129048,3.0639517069236875,0.0,0.12616107568238938,-1.6854502711707162,1.6901654456315152,1,0,0,0,ad4b715165e84dd399d377549dc111fb1309cda1260e23e9ee621d07fad63984,6ba3dffa4798388fb8057a608cfa40a0e24aeba9257d245b2d5103a1844d1115
4,5.729910074001964,2.5594462850021955,APPROACH,,KFB_TIMING,kfb_timing,0.002358747128861638,-0.002417808346937859,0.0052465413111280595,1,-28.28571428571429,0,0.30989477898104634,-0.0016788210113664994,0.4002622788030948,0.30354255576081157,-0.0009704510164214048,0.42770701848252507,0.4282186932428884,0.8500506886710196,-3.9668669038474222,-0.5998875900657268,1.1180391957510005,0.3529562988766176,4.0794595788404076,200.0,13.0,1.2,0.5,0.3,3.0,IDLE,0.08,nan,0,0.05,20.0,0,unknown,unknown,nan,0,0.0,0,0.005195901001570746,1,0.00027451300047687255,2.8071997803635895e-05,0.0002997289993800223,1.02400008472614e-06,5.031000910094008e-06,1.3300086720846593e-07,2.7055000828113407e-05,1.4090001059230417e-06,0.0007251079987327103,0.00427489200126729,0.004467484999622684,0,0,0,200.0,0.0,0,0.0,1.0197723584129048,0.021500645261663974,1.7697723584129048,,,,,unknown,unknown,nan,,nan,,1.0,0.0,0.0,nan,nan,0.0,0,,4560996439,F04_M01_05,MDCEB22F,measured,hold_baseline,0.5,,1,1,1.0197723584129048,0.021500645261663974,1.7697723584129048,1.4697723584129048,3.0596872204275027,0.0,0.12502534433550982,-1.683433451923711,1.6880697627118362,1,0,0,0,ad4b715165e84dd399d377549dc111fb1309cda1260e23e9ee621d07fad63984,6ba3dffa4798388fb8057a608cfa40a0e24aeba9257d245b2d5103a1844d1115
4,5.735092071001418,2.5646282820016495,APPROACH,,KFB_TIMING,kfb_timing,0.0023621458322614086,-0.002417830570355197,0.0052401578284460406,1,-28.28571428571429,0,0.309884582870847,-0.0016787543411144862,0.4002431283550487,0.3035433127133488,-0.0009700725500884832,0.42770687023144477,0.4277206583063906,0.84926769942669,-3.962738190959519,-0.5987182918674041,1.1168675729748454,0.3522873510591427,4.075229387030953,200.0,13.0,1.2,0.5,0.3,3.0,IDLE,0.08,nan,0,0.05,20.0,0,unknown,unknown,nan,0,0.0,0,0.005181996999453986,1,0.00026451400117366575,1.8279999494552612e-05,0.00014425799963646568,1.1140000424347818e-06,4.857000021729618e-06,1.4599936548620462e-07,2.6558998797554523e-05,3.0279989005066454e-06,0.0005291519992169924,0.004470848000783008,0.0046495349997712765,0,0,0,200.0,0.0,0,0.0,1.0197723584129048,0.021500645261663974,1.7697723584129048,,,,,unknown,unknown,nan,,nan,,1.0,0.0,0.0,nan,nan,0.0,0,,4566626510,F04_M01_05,MDCEB22F,measured,hold_baseline,0.5,,1,1,1.0197723584129048,0.021500645261663974,1.7697723584129048,1.4697723584129048,3.0554570286180485,0.0,0.12463384971334501,-1.6813690954797595,1.6859820970961683,1,0,0,0,ad4b715165e84dd399d377549dc111fb1309cda1260e23e9ee621d07fad63984,6ba3dffa4798388fb8057a608cfa40a0e24aeba9257d245b2d5103a1844d1115
4,5.740284736999456,2.5698209479996876,APPROACH,,KFB_TIMING,kfb_timing,0.002362420887268263,-0.0024235496298893435,0.005230431357990588,1,-28.28571428571429,0,0.30988375770582643,-0.0016615971625120463,0.40021394894368234,0.3035441928904926,-0.0009708615017769108,0.42770719602253143,0.42540058070843945,0.8490353008803615,-3.958536059664855,-0.5979952976341617,1.1145395467962744,0.35178897277930543,4.070851794388373,200.0,13.0,1.2,0.5,0.3,3.0,IDLE,0.08,nan,0,0.05,20.0,0,unknown,unknown,nan,0,0.0,0,0.005192665998038137,1,0.00037607799822581,1.86950019269716e-05,0.0004624559987860266,1.429998519597575e-06,5.736001185141504e-06,1.3899989426136017e-07,3.1306000892072916e-05,1.3190001482143998e-06,0.0009801179985515773,0.004019882001448423,0.00420511899937992,0,0,0,200.0,0.0,0,0.0,1.0197723584129048,0.021500645261663974,1.7697723584129048,,,,,unknown,unknown,nan,,nan,,1.0,0.0,0.0,nan,nan,0.0,0,,4571792355,F04_M01_05,MDCEB22F,measured,hold_baseline,0.5,,1,1,1.0197723584129048,0.021500645261663974,1.7697723584129048,1.4697723584129048,3.0510794359754683,0.0,0.12451765044018076,-1.6792680298324274,1.6838781907514644,1,0,0,0,ad4b715165e84dd399d377549dc111fb1309cda1260e23e9ee621d07fad63984,6ba3dffa4798388fb8057a608cfa40a0e24aeba9257d245b2d5103a1844d1115
4,5.745453154999268,2.5749893659994996,APPROACH,,KFB_TIMING,kfb_timing,0.002368737421457018,-0.00242941479324322,0.005227448023803913,1,-28.28571428571429,0,0.30986480810326017,-0.001644001672450416,0.4002049989411223,0.3035438350500849,-0.0009706756613487204,0.42770691141805295,0.4229766515282206,0.8497186452080479,-3.9554544160454697,-0.5979060449318816,1.1123503653554334,0.35194506977922674,4.067745156860965,200.0,13.0,1.2,0.5,0.3,3.0,IDLE,0.08,nan,0,0.05,20.0,0,unknown,unknown,nan,0,0.0,0,0.005168417999811936,1,0.00043345800077077,3.0237999453675002e-05,0.0003295899987278972,1.976997737074271e-06,6.567999662365764e-06,1.449989213142544e-07,3.5329998354427516e-05,1.7130005289800465e-06,0.000957512002059957,0.004042487997940043,0.004206634999718517,0,0,0,200.0,0.0,0,0.0,1.0197723584129048,0.021500645261663974,1.7697723584129048,,,,,unknown,unknown,nan,,nan,,1.0,0.0,0.0,nan,nan,0.0,0,,4576777503,F04_M01_05,MDCEB22F,measured,hold_baseline,0.5,,1,1,1.0197723584129048,0.021500645261663974,1.7697723584129048,1.4697723584129048,3.04797279844806,0.0,0.12485932260402394,-1.6777272080227348,1.6823669144930593,1,0,0,0,ad4b715165e84dd399d377549dc111fb1309cda1260e23e9ee621d07fad63984,6ba3dffa4798388fb8057a608cfa40a0e24aeba9257d245b2d5103a1844d1115
4,5.750647004999337,2.5801832159995683,APPROACH,,KFB_TIMING,kfb_timing,0.0023784513778768723,-0.002435302753493556,0.005218079290864646,1,-28.28571428571429,0,0.3098356662340006,-0.0016263377916994086,0.4001768927423045,0.3035432715349172,-0.0009715357288185289,0.4277062460879345,0.4223300386039489,0.8475683321401559,-3.9553854248428584,-0.5962359492146421,1.112114215236419,0.35157504457818145,4.067162229148646,200.0,13.0,1.2,0.5,0.3,3.0,IDLE,0.08,nan,0,0.05,20.0,0,unknown,unknown,nan,0,0.0,0,0.005193850000068778,1,0.00029620699933730066,2.5606001145206392e-05,0.0003066360004595481,1.2440032151062042e-06,5.859998054802418e-06,1.2500095181167126e-07,3.065800046897493e-05,1.4129982446320355e-06,0.0007695280000916682,0.004230471999908332,0.004415507999510737,0,0,0,200.0,0.0,0,0.0,1.0197723584129048,0.021500645261663974,1.7697723584129048,,,,,unknown,unknown,nan,,nan,,1.0,0.0,0.0,nan,nan,0.0,0,,4582151077,F04_M01_05,MDCEB22F,measured,hold_baseline,0.5,,1,1,1.0197723584129048,0.021500645261663974,1.7697723584129048,1.4697723584129048,3.0473898707357407,0.0,0.12378416607007797,-1.6776927124214291,1.6822530597628993,1,0,0,0,ad4b715165e84dd399d377549dc111fb1309cda1260e23e9ee621d07fad63984,6ba3dffa4798388fb8057a608cfa40a0e24aeba9257d245b2d5103a1844d1115
4,5.755791268002213,2.5853274790024443,APPROACH,,KFB_TIMING,kfb_timing,0.0023847671915448454,-0.0024411688417991097,0.005215095004778598,1,-28.28571428571429,0,0.30981671879299666,-0.0016087395267827477,0.40016793988404636,0.30354371309654005,-0.0009707980322656608,0.4277052638127353,0.4197718059034211,0.8453310743509701,-3.9562600470379943,-0.5945142833355391,1.1109493335103626,0.35148584557011553,4.067282453196957,200.0,13.0,1.2,0.5,0.3,3.0,IDLE,0.08,nan,0,0.05,20.0,0,unknown,unknown,nan,0,0.0,0,0.0051442630028759595,1,0.0003212139999959618,2.0138999389018863e-05,0.00048320600035367534,1.7050006135832518e-06,5.755002348450944e-06,1.2899909052066505e-07,3.1908999517327175e-05,1.2920027074869722e-06,0.000950384001043858,0.004049615998956142,0.004189920000499114,0,0,0,200.0,0.0,0,0.0,1.0197723584129048,0.021500645261663974,1.7697723584129048,,,,,unknown,unknown,nan,,nan,,1.0,0.0,0.0,nan,nan,0.0,0,,4587367639,F04_M01_05,MDCEB22F,measured,hold_baseline,0.5,,1,1,1.0197723584129048,0.021500645261663974,1.7697723584129048,1.4697723584129048,3.047510094784052,0.0,0.12266553717548506,-1.678130023518997,1.6826072654801,1,0,0,0,ad4b715165e84dd399d377549dc111fb1309cda1260e23e9ee621d07fad63984,6ba3dffa4798388fb8057a608cfa40a0e24aeba9257d245b2d5103a1844d1115
4,5.761006797001755,2.590543008001987,APPROACH,,KFB_TIMING,kfb_timing,0.0023973979213955943,-0.002452902336619244,0.005209125648962944,1,-28.28571428571429,0,0.3097788266034444,-0.0015735390423223445,0.4001500318165994,0.30354360220524945,-0.0009710761208618062,0.4277045413223087,0.4133906035280105,0.8440077911012074,-3.95120831068426,-0.5932184002456138,1.1056374780119103,0.35187208521647745,4.061439160808045,200.0,13.0,1.2,0.5,0.3,3.0,IDLE,0.08,nan,0,0.05,20.0,0,unknown,unknown,nan,0,0.0,0,0.005215528999542585,1,0.00042536399996606633,1.8963997717946768e-05,0.0004523920033534523,1.2979980965610594e-06,6.022000889061019e-06,1.359985617455095e-07,3.8197002140805125e-05,1.2429991329554468e-06,0.0010287579971191008,0.003971242002880899,0.004183455999736907,0,0,0,200.0,0.0,0,0.0,1.0197723584129048,0.021500645261663974,1.7697723584129048,,,,,unknown,unknown,nan,,nan,,1.0,0.0,0.0,nan,nan,0.0,0,,4592380763,F04_M01_05,MDCEB22F,measured,hold_baseline,0.5,,1,1,1.0197723584129048,0.021500645261663974,1.7697723584129048,1.4697723584129048,3.0416668023951403,0.0,0.1220038955506037,-1.67560415534213,1.6800399506944277,1,0,0,0,ad4b715165e84dd399d377549dc111fb1309cda1260e23e9ee621d07fad63984,6ba3dffa4798388fb8057a608cfa40a0e24aeba9257d245b2d5103a1844d1115
4,5.766179019999981,2.595715231000213,APPROACH,,KFB_TIMING,kfb_timing,0.0024134242742156753,-0.002464660168265911,0.0051967675546222445,1,-28.28571428571429,0,0.3097307475449842,-0.001538265547382343,0.40011295753357734,0.30354397168851266,-0.0009689816563131885,0.42770753491362345,0.41070943311158564,0.8403612228263677,-3.950851130281219,-0.5906407304766588,1.104066432181633,0.35139383869474833,4.060063284841931,200.0,13.0,1.2,0.5,0.3,3.0,IDLE,0.08,nan,0,0.05,20.0,0,unknown,unknown,nan,0,0.0,0,0.0051722229982260615,1,0.00020974799917894416,2.07759985642042e-05,0.0004554900006041862,1.4260003808885813e-06,6.467998900916427e-06,1.410007826052606e-07,3.3319000067422166e-05,1.45800004247576e-06,0.0008216539972636383,0.004178346002736362,0.004347066998889204,0,0,0,200.0,0.0,0,0.0,1.0197723584129048,0.021500645261663974,1.7697723584129048,,,,,unknown,unknown,nan,,nan,,1.0,0.0,0.0,nan,nan,0.0,0,,4597617280,F04_M01_05,MDCEB22F,measured,hold_baseline,0.5,,1,1,1.0197723584129048,0.021500645261663974,1.7697723584129048,1.4697723584129048,3.040290926429026,0.0,0.12018061141318387,-1.6754255651406094,1.6797303961309913,1,0,0,0,ad4b715165e84dd399d377549dc111fb1309cda1260e23e9ee621d07fad63984,6ba3dffa4798388fb8057a608cfa40a0e24aeba9257d245b2d5103a1844d1115
4,5.771431280001707,2.6009674910019385,APPROACH,,KFB_TIMING,kfb_timing,0.0024294486495880507,-0.002476419932530656,0.005184406289168301,1,-28.28571428571429,0,0.3096826744188671,-0.0015029862545881084,0.40007587373721554,0.3035436585752961,-0.0009704599542188991,0.4277047186007582,0.4063643709017021,0.8383700773099524,-3.950767567693668,-0.5892413593949711,1.101497233439051,0.3509739649086347,4.059133006247415,200.0,13.0,1.2,0.5,0.3,3.0,IDLE,0.08,nan,0,0.05,20.0,0,unknown,unknown,nan,0,0.0,0,0.005252260001725517,1,0.00028686200312222354,1.906000034068711e-05,0.0004542919996310957,1.2920027074869722e-06,5.859998054802418e-06,1.3400131138041615e-07,3.263300095568411e-05,3.839999408228323e-06,0.0008876710016920697,0.00411232899830793,0.004361061000963673,0,0,0,200.0,0.0,0,0.0,1.0197723584129048,0.021500645261663974,1.7697723584129048,,,,,unknown,unknown,nan,,nan,,1.0,0.0,0.0,nan,nan,0.0,0,,4602885363,F04_M01_05,MDCEB22F,measured,hold_baseline,0.5,,1,1,1.0197723584129048,0.021500645261663974,1.7697723584129048,1.4697723584129048,3.0393606478345103,0.0,0.1191850386549762,-1.675383783846834,1.6796177828947045,1,0,0,0,ad4b715165e84dd399d377549dc111fb1309cda1260e23e9ee621d07fad63984,6ba3dffa4798388fb8057a608cfa40a0e24aeba9257d245b2d5103a1844d1115
4,5.776567691002128,2.60610390200236,APPROACH,,KFB_TIMING,kfb_timing,0.0024483881606497393,-0.00249402900990563,0.0051754445905809925,1,-28.28571428571429,0,0.30962585588568203,-0.0014501590224631862,0.4000489886414536,0.30354291373545234,-0.0009720549562098127,0.4277031082554142,0.4017118375287687,0.8409097528723379,-3.949972157435181,-0.590741224976979,1.0984863458306513,0.35134056908233446,4.058421079360753,200.0,13.0,1.2,0.5,0.3,3.0,IDLE,0.08,nan,0,0.05,20.0,0,unknown,unknown,nan,0,0.0,0,0.0051364110004215036,1,0.0003065780001634266,1.9189003069186583e-05,0.0004479669987631496,1.3940007193014026e-06,6.144000508356839e-06,1.410007826052606e-07,3.1267998565454036e-05,1.448999682907015e-06,0.0008998829980555456,0.0041001170019444545,0.004228933998092543,0,0,0,200.0,0.0,0,0.0,1.0197723584129048,0.021500645261663974,1.7697723584129048,,,,,unknown,unknown,nan,,nan,,1.0,0.0,0.0,nan,nan,0.0,0,,4608116211,F04_M01_05,MDCEB22F,measured,hold_baseline,0.5,,1,1,1.0197723584129048,0.021500645261663974,1.7697723584129048,1.4697723584129048,3.038648720947848,0.0,0.12045487643616898,-1.6749860787175905,1.679311686720182,1,0,0,0,ad4b715165e84dd399d377549dc111fb1309cda1260e23e9ee621d07fad63984,6ba3dffa4798388fb8057a608cfa40a0e24aeba9257d245b2d5103a1844d1115
4,5.781821002001379,2.611357213001611,APPROACH,,KFB_TIMING,kfb_timing,0.0024707202285486896,-0.00251166496613694,0.0051600885978263554,1,-28.28571428571429,0,0.30955885968198515,-0.0013972511537692573,0.4000029206631897,0.3035433395196189,-0.0009710693364623985,0.42770570256604595,0.39509911758225513,0.8409566510444552,-3.9472823182343078,-0.5907990199016594,1.093707813662344,0.35058155253526296,4.055163264468571,200.0,13.0,1.2,0.5,0.3,3.0,IDLE,0.08,nan,0,0.05,20.0,0,unknown,unknown,nan,0,0.0,0,0.005253310999250971,1,0.0004178529998171143,3.1723000574856997e-05,0.0003953669984184671,2.535001840442419e-06,7.204002031357959e-06,1.3500175555236638e-07,3.9722999645164236e-05,1.6029989637900144e-06,0.0010024629991676193,0.003997537000832381,0.004247240998665802,0,0,0,200.0,0.0,0,0.0,1.0197723584129048,0.021500645261663974,1.7697723584129048,,,,,unknown,unknown,nan,,nan,,1.0,0.0,0.0,nan,nan,0.0,0,,4613007251,F04_M01_05,MDCEB22F,measured,hold_baseline,0.5,,1,1,1.0197723584129048,0.021500645261663974,1.7697723584129048,1.4697723584129048,3.035390906055666,0.0,0.12047832552222759,-1.6736411591171538,1.6779719176469103,1,0,0,0,ad4b715165e84dd399d377549dc111fb1309cda1260e23e9ee621d07fad63984,6ba3dffa4798388fb8057a608cfa40a0e24aeba9257d245b2d5103a1844d1115
4,5.786997875002271,2.6165340860025026,APPROACH,,KFB_TIMING,kfb_timing,0.002489653957659682,-0.002529282072734728,0.005151120919071677,1,-28.28571428571429,0,0.3095020584946522,-0.0013443998339758931,0.3999760176269257,0.3035440340882112,-0.0009713002939375692,0.4277039915016269,0.38857740713899047,0.843224211510631,-3.9474172550721933,-0.5922832861663957,1.0898444364428388,0.3505496867359763,4.055135319302955,200.0,13.0,1.2,0.5,0.3,3.0,IDLE,0.08,nan,0,0.05,20.0,0,unknown,unknown,nan,0,0.0,0,0.005176873000891646,1,0.000324980999721447,1.9733000954147428e-05,0.00018004000230575912,1.3659991964232177e-06,4.9770023906603456e-06,1.4400211512111127e-07,3.0538998544216156e-05,1.2419986887834966e-06,0.0006310399985522963,0.004368960001447704,0.0045390330014924984,0,0,0,200.0,0.0,0,0.0,1.0197723584129048,0.021500645261663974,1.7697723584129048,,,,,unknown,unknown,nan,,nan,,1.0,0.0,0.0,nan,nan,0.0,0,,4618362497,F04_M01_05,MDCEB22F,measured,hold_baseline,0.5,,1,1,1.0197723584129048,0.021500645261663974,1.7697723584129048,1.4697723584129048,3.03536296089005,0.0,0.1216121057553155,-1.6737086275360966,1.6781209950879603,1,0,0,0,ad4b715165e84dd399d377549dc111fb1309cda1260e23e9ee621d07fad63984,6ba3dffa4798388fb8057a608cfa40a0e24aeba9257d245b2d5103a1844d1115
4,5.792173009001999,2.6217092200022307,APPROACH,,KFB_TIMING,kfb_timing,0.002508800009742518,-0.002535354046338234,0.005142089563366418,1,-28.28571428571429,0,0.3094446203384037,-0.0013261839131653744,0.39994892355980993,0.3035435279267983,-0.0009701666196366967,0.42770556144424365,0.3831388733900482,0.8450535787082696,-3.948033300567631,-0.5935065491787339,1.0867408621019203,0.3505907376722954,4.0555983392812935,200.0,13.0,1.2,0.5,0.3,3.0,IDLE,0.08,nan,0,0.05,20.0,0,unknown,unknown,nan,0,0.0,0,0.005175133999728132,1,0.00023552199854748324,1.8908998754341155e-05,0.000431708998803515,1.2159980542492121e-06,5.7489996834192425e-06,1.450025592930615e-07,3.0620998586528e-05,1.296000846195966e-06,0.0008094359982351307,0.004190564001764869,0.004362481002317509,0,0,0,200.0,0.0,0,0.0,1.0197723584129048,0.021500645261663974,1.7697723584129048,,,,,unknown,unknown,nan,,nan,,1.0,0.0,0.0,nan,nan,0.0,0,,4623347476,F04_M01_05,MDCEB22F,measured,hold_baseline,0.5,,1,1,1.0197723584129048,0.021500645261663974,1.7697723584129048,1.4697723584129048,3.0358259808683887,0.0,0.1225267893541348,-1.6740166502838154,1.6784947302678308,1,0,0,0,ad4b715165e84dd399d377549dc111fb1309cda1260e23e9ee621d07fad63984,6ba3dffa4798388fb8057a608cfa40a0e24aeba9257d245b2d5103a1844d1115
4,5.79735167400213,2.626887885002361,APPROACH,,KFB_TIMING,kfb_timing,0.002524335677764028,-0.00255295447862898,0.005139512570105078,1,-28.28571428571429,0,0.30939801333433914,-0.0012733826162931372,0.3999411925800259,0.3035433735998234,-0.0009712694244838798,0.42770490528252875,0.3757442224720151,0.8458565399149371,-3.947732484658438,-0.593953208325716,1.0821199875604302,0.3507883813416081,4.054780977718211,200.0,13.0,1.2,0.5,0.3,3.0,IDLE,0.08,nan,0,0.05,20.0,0,unknown,unknown,nan,0,0.0,0,0.005178665000130422,1,0.0002481160008755978,1.8700000509852543e-05,0.00023026399867376313,1.1600022844504565e-06,5.860001692781225e-06,1.400003384333104e-07,3.256400304962881e-05,1.272001100005582e-06,0.0006212160005816258,0.004378783999418374,0.004554004000965506,0,0,0,200.0,0.0,0,0.0,1.0197723584129048,0.021500645261663974,1.7697723584129048,,,,,unknown,unknown,nan,,nan,,1.0,0.0,0.0,nan,nan,0.0,0,,4628882567,F04_M01_05,MDCEB22F,measured,hold_baseline,0.5,,1,1,1.0197723584129048,0.021500645261663974,1.7697723584129048,1.4697723584129048,3.0350086193053065,0.0,0.12292826995746858,-1.673866242329219,1.6783740812953696,1,0,0,0,ad4b715165e84dd399d377549dc111fb1309cda1260e23e9ee621d07fad63984,6ba3dffa4798388fb8057a608cfa40a0e24aeba9257d245b2d5103a1844d1115
4,5.80259933400157,2.632135545001802,APPROACH,,KFB_TIMING,kfb_timing,0.0025338221105451475,-0.0025704039858037695,0.005130187218177201,1,-28.28571428571429,0,0.30936955403599575,-0.001221034094768768,0.3999132165242423,0.30354388973040414,-0.0009702625541093178,0.4277045501588528,0.37156919703829067,0.8439885005881798,-3.949733756051425,-0.5926051475489754,1.0802928601151858,0.35075274358242636,4.055955744458371,200.0,13.0,1.2,0.5,0.3,3.0,IDLE,0.08,nan,0,0.05,20.0,0,unknown,unknown,nan,0,0.0,0,0.005247659999440657,1,0.0003551359986886382,1.8754999473458156e-05,0.0004794019987457432,1.1849988368339837e-06,5.742997018387541e-06,1.3900353224016726e-07,3.459499930613674e-05,1.353000698145479e-06,0.000979898999503348,0.004020101000496652,0.004264243998477468,0,0,0,200.0,0.0,0,0.0,1.0197723584129048,0.021500645261663974,1.7697723584129048,,,,,unknown,unknown,nan,,nan,,1.0,0.0,0.0,nan,nan,0.0,0,,4633737119,F04_M01_05,MDCEB22F,measured,hold_baseline,0.5,,1,1,1.0197723584129048,0.021500645261663974,1.7697723584129048,1.4697723584129048,3.0361833860454666,0.0,0.12199425029408989,-1.6748668780257125,1.6793039201444193,1,0,0,0,ad4b715165e84dd399d377549dc111fb1309cda1260e23e9ee621d07fad63984,6ba3dffa4798388fb8057a608cfa40a0e24aeba9257d245b2d5103a1844d1115
4,5.807728064999537,2.637264275999769,APPROACH,,KFB_TIMING,kfb_timing,0.002540130639283378,-0.002576280295763058,0.005127195648116725,1,-28.28571428571429,0,0.30935062844978106,-0.0012034051648909029,0.39990424181406087,0.3035432319105376,-0.0009701400376520373,0.4277048744533192,0.36461267629679195,0.8436015888889433,-3.9490783050432703,-0.5921129501694196,1.0759879922415094,0.35129906235742003,4.054605468335444,200.0,13.0,1.2,0.5,0.3,3.0,IDLE,0.08,nan,0,0.05,20.0,0,unknown,unknown,nan,0,0.0,0,0.005128730997967068,1,0.0003008799976669252,1.8213999283034354e-05,0.00014814399764873087,1.0519979696255177e-06,5.030000465922058e-06,1.3400131138041615e-07,2.6305002393200994e-05,3.612996806623414e-06,0.0005808899986732285,0.0044191100013267716,0.004538978002528893,0,0,0,200.0,0.0,0,0.0,1.0197723584129048,0.021500645261663974,1.7697723584129048,,,,,unknown,unknown,nan,,nan,,1.0,0.0,0.0,nan,nan,0.0,0,,4639012130,F04_M01_05,MDCEB22F,measured,hold_baseline,0.5,,1,1,1.0197723584129048,0.021500645261663974,1.7697723584129048,1.4697723584129048,3.034833109922539,0.0,0.12180079444447167,-1.674539152521635,1.6789630153327322,1,0,0,0,ad4b715165e84dd399d377549dc111fb1309cda1260e23e9ee621d07fad63984,6ba3dffa4798388fb8057a608cfa40a0e24aeba9257d245b2d5103a1844d1115
4,5.8129626190020645,2.642498830002296,APPROACH,,KFB_TIMING,kfb_timing,0.0025430450949557315,-0.002582133571167628,0.0051306009098416455,1,-28.28571428571429,0,0.309341885082764,-0.001185845338677193,0.3999144575992356,0.3035432491137721,-0.0009700026578464442,0.4277035628752454,0.3620515387102143,0.8443006719676448,-3.9492050991087266,-0.5922798046565213,1.074736234316683,0.352119055216046,4.054644972891439,200.0,13.0,1.2,0.5,0.3,3.0,IDLE,0.08,nan,0,0.05,20.0,0,unknown,unknown,nan,0,0.0,0,0.0052345540025271475,1,0.0002695069997571409,3.197600017301738e-05,0.00029584599906229414,2.538999979151413e-06,5.854999471921474e-06,1.3399767340160906e-07,3.561300036380999e-05,1.55799716594629e-06,0.0007342999997490551,0.004265700000250945,0.004491192998102633,0,0,0,200.0,0.0,0,0.0,1.0197723584129048,0.021500645261663974,1.7697723584129048,,,,,unknown,unknown,nan,,nan,,1.0,0.0,0.0,nan,nan,0.0,0,,4644371583,F04_M01_05,MDCEB22F,measured,hold_baseline,0.5,,1,1,1.0197723584129048,0.021500645261663974,1.7697723584129048,1.4697723584129048,3.0348726144785343,0.0,0.12215033598382241,-1.6746025495543633,1.6790516381442635,1,0,0,0,ad4b715165e84dd399d377549dc111fb1309cda1260e23e9ee621d07fad63984,6ba3dffa4798388fb8057a608cfa40a0e24aeba9257d245b2d5103a1844d1115
4,5.8181313640016015,2.647667575001833,APPROACH,,KFB_TIMING,kfb_timing,0.0025459592100245954,-0.002587987187856239,0.00513400635847875,1,-28.28571428571429,0,0.3093331427375574,-0.0011682844886113592,0.3999246739451469,0.30354276401457797,-0.0009716211103709621,0.4277028518824486,0.35702049554613013,0.8456990489712206,-3.950214137544894,-0.5929815450790227,1.072228336398043,0.35274074486013157,4.055473122599925,200.0,13.0,1.2,0.5,0.3,3.0,IDLE,0.08,nan,0,0.05,20.0,0,unknown,unknown,nan,0,0.0,0,0.005168744999537012,1,0.000245860999712022,2.0540999685181305e-05,0.00046288000157801434,1.4519973774440587e-06,5.702000635210425e-06,1.2500095181167126e-07,3.279000156908296e-05,1.329000951955095e-06,0.0008561239992559422,0.004143876000744058,0.004309356001613196,0,0,0,200.0,0.0,0,0.0,1.0197723584129048,0.021500645261663974,1.7697723584129048,,,,,unknown,unknown,nan,,nan,,1.0,0.0,0.0,nan,nan,0.0,0,,4649638123,F04_M01_05,MDCEB22F,measured,hold_baseline,0.5,,1,1,1.0197723584129048,0.021500645261663974,1.7697723584129048,1.4697723584129048,3.03570076418702,0.0,0.12284952448561032,-1.675107068772447,1.6796058161121497,1,0,0,0,ad4b715165e84dd399d377549dc111fb1309cda1260e23e9ee621d07fad63984,6ba3dffa4798388fb8057a608cfa40a0e24aeba9257d245b2d5103a1844d1115
4,5.8233315520010365,2.652867763001268,APPROACH,,KFB_TIMING,kfb_timing,0.0025423454596596173,-0.0025995154923627974,0.005140465673503526,1,-28.28571428571429,0,0.30934398398865237,-0.0011336995750916845,0.39994405189022125,0.30354273061979054,-0.0009700491838516906,0.4277027969815538,0.35275089389299824,0.8450600858779937,-3.9504675056095393,-0.5924459894460673,1.0698841810951134,0.35219960898899294,4.055213096097822,200.0,13.0,1.2,0.5,0.3,3.0,IDLE,0.08,nan,0,0.05,20.0,0,unknown,unknown,nan,0,0.0,0,0.005200187999435002,1,0.00037273999987519346,1.8531998648541048e-05,0.0004372789990156889,1.3159988156985492e-06,5.742000212194398e-06,1.1600059224292636e-07,3.0109000363154337e-05,1.3429998944047838e-06,0.0009511450007266831,0.004048854999273317,0.004245668002113234,0,0,0,200.0,0.0,0,0.0,1.0197723584129048,0.021500645261663974,1.7697723584129048,,,,,unknown,unknown,nan,,nan,,1.0,0.0,0.0,nan,nan,0.0,0,,4654574569,F04_M01_05,MDCEB22F,measured,hold_baseline,0.5,,1,1,1.0197723584129048,0.021500645261663974,1.7697723584129048,1.4697723584129048,3.0354407376849175,0.0,0.12253004293899689,-1.6752337528047696,1.6797088253500916,1,0,0,0,ad4b715165e84dd399d377549dc111fb1309cda1260e23e9ee621d07fad63984,6ba3dffa4798388fb8057a608cfa40a0e24aeba9257d245b2d5103a1844d1115
4,5.828497532002075,2.6580337430023064,APPROACH,,KFB_TIMING,kfb_timing,0.0025389509547631417,-0.0025994918511069703,0.005146861957180609,1,-28.28571428571429,0,0.30935416750334177,-0.0011337704988591659,0.3999632407412525,0.3035425002533292,-0.0009709667894002251,0.4277018126606519,0.3518639863646196,0.8457665591102597,-3.951266841620054,-0.5926882472169253,1.069772262822193,0.351688493898547,4.056062005331739,200.0,13.0,1.2,0.5,0.3,3.0,IDLE,0.08,nan,0,0.05,20.0,0,unknown,unknown,nan,0,0.0,0,0.005165980001038406,1,0.00036570700103766285,1.862900171545334e-05,0.00018138100131182,1.2409982446115464e-06,5.727000825572759e-06,1.2799864634871483e-07,3.6407000152394176e-05,1.3749995559919626e-06,0.0006937750003999099,0.00430622499960009,0.004468775001441827,0,0,0,200.0,0.0,0,0.0,1.0197723584129048,0.021500645261663974,1.7697723584129048,,,,,unknown,unknown,nan,,nan,,1.0,0.0,0.0,nan,nan,0.0,0,,4659578101,F04_M01_05,MDCEB22F,measured,hold_baseline,0.5,,1,1,1.0197723584129048,0.021500645261663974,1.7697723584129048,1.4697723584129048,3.0362896469188345,0.0,0.12288327955512984,-1.675633420810027,1.6801332272560223,1,0,0,0,ad4b715165e84dd399d377549dc111fb1309cda1260e23e9ee621d07fad63984,6ba3dffa4798388fb8057a608cfa40a0e24aeba9257d245b2d5103a1844d1115
4,5.833591950002301,2.6631281610025326,APPROACH,,KFB_TIMING,kfb_timing,0.002532423037298226,-0.0026051656701614615,0.0051499149276533224,1,-28.28571428571429,0,0.3093737512557365,-0.0011167490416956923,0.3999723996526706,0.3035427973895153,-0.0009700826750474369,0.4277016386561838,0.3519552772841643,0.8496186526180962,-3.951502470182646,-0.5949454693195937,1.070198750974186,0.35186852809685265,4.057104403875296,200.0,13.0,1.2,0.5,0.3,3.0,IDLE,0.08,nan,0,0.05,20.0,0,unknown,unknown,nan,0,0.0,0,0.005094418000226142,1,0.00017536400264361873,1.886800237116404e-05,0.0002085269989038352,1.2800010154023767e-06,5.706999218091369e-06,1.359985617455095e-07,3.1603001843905076e-05,1.291002263315022e-06,0.0005264199971861672,0.004473580002813833,0.004564490001939703,0,0,0,200.0,0.0,0,0.0,1.0197723584129048,0.021500645261663974,1.7697723584129048,,,,,unknown,unknown,nan,,nan,,1.0,0.0,0.0,nan,nan,0.0,0,,4665161014,F04_M01_05,MDCEB22F,measured,hold_baseline,0.5,,1,1,1.0197723584129048,0.021500645261663974,1.7697723584129048,1.4697723584129048,3.037332045462391,0.0,0.12480932630904812,-1.675751235091323,1.6803926832272904,1,0,0,0,ad4b715165e84dd399d377549dc111fb1309cda1260e23e9ee621d07fad63984,6ba3dffa4798388fb8057a608cfa40a0e24aeba9257d245b2d5103a1844d1115
4,5.8387102039996535,2.668246414999885,APPROACH,,KFB_TIMING,kfb_timing,0.002529028124145072,-0.0026051419622020846,0.005156310365966687,1,-28.28571428571429,0,0.309383935995196,-0.001116820165573823,0.3999915859676107,0.30354179211097776,-0.000968724338019593,0.4277004588485137,0.34864044025702806,0.8537036249515613,-3.9500155608042884,-0.597462558001638,1.0681149198444062,0.3521904679490521,4.056227676848782,200.0,13.0,1.2,0.5,0.3,3.0,IDLE,0.08,nan,0,0.05,20.0,0,unknown,unknown,nan,0,0.0,0,0.00511825399735244,1,0.0004125809973629657,1.8493003153707832e-05,0.0004601719992933795,1.209999027196318e-06,5.773999873781577e-06,1.3300086720846593e-07,3.883400131599046e-05,1.3829994713887572e-06,0.0010222769997199066,0.0039777230002800935,0.004092097999091493,0,0,0,200.0,0.0,0,0.0,1.0197723584129048,0.021500645261663974,1.7697723584129048,,,,,unknown,unknown,nan,,nan,,1.0,0.0,0.0,nan,nan,0.0,0,,4670113453,F04_M01_05,MDCEB22F,measured,hold_baseline,0.5,,1,1,1.0197723584129048,0.021500645261663974,1.7697723584129048,1.4697723584129048,3.0364553184358773,0.0,0.12685181247578065,-1.6750077804021442,1.6798042882241098,1,0,0,0,ad4b715165e84dd399d377549dc111fb1309cda1260e23e9ee621d07fad63984,6ba3dffa4798388fb8057a608cfa40a0e24aeba9257d245b2d5103a1844d1115
4,5.843867622999824,2.673403834000055,APPROACH,,KFB_TIMING,kfb_timing,0.002522499814316237,-0.0026108152536075866,0.005159362627323806,1,-28.28571428571429,0,0.3094035209246825,-0.001099800291357317,0.40000074275168207,0.3035421377422688,-0.0009709124737686276,0.42770130488809605,0.34533019067155873,0.8560287973762143,-3.947967314935971,-0.5988372157430071,1.065956557310431,0.3523433097003471,4.05444005533802,200.0,13.0,1.2,0.5,0.3,3.0,IDLE,0.08,nan,0,0.05,20.0,0,unknown,unknown,nan,0,0.0,0,0.005157419000170194,1,0.00028009499874315225,1.8737999198492616e-05,0.0004235599990352057,2.1090017980895936e-06,6.771002517780289e-06,1.6999911167658865e-07,3.891199958161451e-05,5.4150004871189594e-06,0.0008603390015196055,0.004139660998480395,0.004290333999961149,0,0,0,200.0,0.0,0,0.0,1.0197723584129048,0.021500645261663974,1.7697723584129048,,,,,unknown,unknown,nan,,nan,,1.0,0.0,0.0,nan,nan,0.0,0,,4675323690,F04_M01_05,MDCEB22F,measured,hold_baseline,0.5,,1,1,1.0197723584129048,0.021500645261663974,1.7697723584129048,1.4697723584129048,3.034667696925115,0.0,0.12801439868810716,-1.6739836574679854,1.6788713386502765,1,0,0,0,ad4b715165e84dd399d377549dc111fb1309cda1260e23e9ee621d07fad63984,6ba3dffa4798388fb8057a608cfa40a0e24aeba9257d245b2d5103a1844d1115
4,5.848995991000265,2.678532202000497,APPROACH,,KFB_TIMING,kfb_timing,0.0025159712333685524,-0.00261648807754076,0.0051624146147391005,1,-28.28571428571429,0,0.30942310666752554,-0.0010827818195577967,0.40000989871392795,0.3035420087007382,-0.0009703997599037799,0.42770130415552604,0.3455243945570719,0.8590693073697122,-3.9470701531568784,-0.6006691131175719,1.066416370682699,0.3531276222284198,4.054226187084358,200.0,13.0,1.2,0.5,0.3,3.0,IDLE,0.08,nan,0,0.05,20.0,0,unknown,unknown,nan,0,0.0,0,0.0051283680004416965,1,0.0003115660001640208,3.979800021625124e-05,0.00039001000186544843,2.8100002964492887e-06,6.951999239390716e-06,1.2999953469261527e-07,3.736500002560206e-05,1.672000507824123e-06,0.0009078770017367788,0.004092122998263221,0.004217221001454163,0,0,0,200.0,0.0,0,0.0,1.0197723584129048,0.021500645261663974,1.7697723584129048,,,,,unknown,unknown,nan,,nan,,1.0,0.0,0.0,nan,nan,0.0,0,,4680647774,F04_M01_05,MDCEB22F,measured,hold_baseline,0.5,,1,1,1.0197723584129048,0.021500645261663974,1.7697723584129048,1.4697723584129048,3.034453828671453,0.0,0.12953465368485612,-1.6735350765784391,1.678540699251483,1,0,0,0,ad4b715165e84dd399d377549dc111fb1309cda1260e23e9ee621d07fad63984,6ba3dffa4798388fb8057a608cfa40a0e24aeba9257d245b2d5103a1844d1115
4,5.854186373999255,2.6837225849994866,APPROACH,,KFB_TIMING,kfb_timing,0.0025125757912802804,-0.002616464242491324,0.005168808772347204,1,-28.28571428571429,0,0.30943329299379035,-0.0010828533247061044,0.40002908118675223,0.3035426347275295,-0.0009703664778122709,0.4277027770342458,0.3473232249840446,0.8597947376038488,-3.9464708545341347,-0.6010692622309957,1.0679667864176428,0.3534505574006689,4.053950248721852,200.0,13.0,1.2,0.5,0.3,3.0,IDLE,0.08,nan,0,0.05,20.0,0,unknown,unknown,nan,0,0.0,0,0.005190382998989662,1,0.00048188900109380484,2.0874998881481588e-05,0.0004687750006269198,1.2139971659053117e-06,5.745998350903392e-06,1.2300006346777081e-07,3.219700010959059e-05,1.3779972505290061e-06,0.001098329001251841,0.003901670998748159,0.0040887969989853445,0,0,0,200.0,0.0,0,0.0,1.0197723584129048,0.021500645261663974,1.7697723584129048,,,,,unknown,unknown,nan,,nan,,1.0,0.0,0.0,nan,nan,0.0,0,,4685627584,F04_M01_05,MDCEB22F,measured,hold_baseline,0.5,,1,1,1.0197723584129048,0.021500645261663974,1.7697723584129048,1.4697723584129048,3.0341778903089476,0.0,0.12989736880192443,-1.6732354272670673,1.6782699787231101,1,0,0,0,ad4b715165e84dd399d377549dc111fb1309cda1260e23e9ee621d07fad63984,6ba3dffa4798388fb8057a608cfa40a0e24aeba9257d245b2d5103a1844d1115
4,5.859293093002634,2.6888293040028657,APPROACH,,KFB_TIMING,kfb_timing,0.0025057840465909087,-0.0026164165529155028,0.0051815958568825655,1,-28.28571428571429,0,0.30945366822785847,-0.0010829963934335684,0.4000674424403583,0.30354246648269706,-0.0009709133265432277,0.4277020614167587,0.3490482016767586,0.8594887677980526,-3.946360661525441,-0.6006994972355656,1.0695553946039076,0.35359109694251556,4.053926252400296,200.0,13.0,1.2,0.5,0.3,3.0,IDLE,0.08,nan,0,0.05,20.0,0,unknown,unknown,nan,0,0.0,0,0.005106719003379112,1,0.0002744049998000264,1.8302001990377903e-05,0.000471547002234729,1.162003172794357e-06,5.735997547162697e-06,1.2900272849947214e-07,2.9876999178668484e-05,1.3479984772857279e-06,0.0008853800027281977,0.004114619997271802,0.004217992998746922,0,0,0,200.0,0.0,0,0.0,1.0197723584129048,0.021500645261663974,1.7697723584129048,,,,,unknown,unknown,nan,,nan,,1.0,0.0,0.0,nan,nan,0.0,0,,4690510258,F04_M01_05,MDCEB22F,measured,hold_baseline,0.5,,1,1,1.0197723584129048,0.021500645261663974,1.7697723584129048,1.4697723584129048,3.034153893987391,0.0,0.12974438389902632,-1.6731803307627204,1.6782032130837388,1,0,0,0,ad4b715165e84dd399d377549dc111fb1309cda1260e23e9ee621d07fad63984,6ba3dffa4798388fb8057a608cfa40a0e24aeba9257d245b2d5103a1844d1115
4,5.864455841001472,2.693992052001704,APPROACH,,KFB_TIMING,kfb_timing,0.0024992548322777808,-0.002622088728181892,0.005184646264379076,1,-28.28571428571429,0,0.3094732558707979,-0.0010659798676344013,0.4000765936628478,0.3035424732562535,-0.0009700650721461996,0.4277008701274591,0.3507361400510067,0.8610398194365214,-3.9479169576351296,-0.601292905152871,1.0716159588998933,0.3543132882532772,4.055915891013542,200.0,13.0,1.2,0.5,0.3,3.0,IDLE,0.08,nan,0,0.05,20.0,0,unknown,unknown,nan,0,0.0,0,0.005162747998838313,1,0.0003673719984362833,1.8417998944642022e-05,0.0001724720023048576,1.0180010576732457e-06,4.921002982882783e-06,1.500011421740055e-07,2.69029987975955e-05,1.2280033843126148e-06,0.0006584729999303818,0.004341527000069618,0.004500764000113122,0,0,0,200.0,0.0,0,0.0,1.0197723584129048,0.021500645261663974,1.7697723584129048,,,,,unknown,unknown,nan,,nan,,1.0,0.0,0.0,nan,nan,0.0,0,,4695774514,F04_M01_05,MDCEB22F,measured,hold_baseline,0.5,,1,1,1.0197723584129048,0.021500645261663974,1.7697723584129048,1.4697723584129048,3.036143532600637,0.0,0.13051990971826072,-1.6739584788175648,1.679039140591451,1,0,0,0,ad4b715165e84dd399d377549dc111fb1309cda1260e23e9ee621d07fad63984,6ba3dffa4798388fb8057a608cfa40a0e24aeba9257d245b2d5103a1844d1115
4,5.869566649002081,2.699102860002313,APPROACH,,KFB_TIMING,kfb_timing,0.0024924616993194093,-0.002622040891827785,0.005197430837211671,1,-28.28571428571429,0,0.309493635269673,-0.0010661233766967211,0.4001149473813456,0.30354156077403116,-0.0009689474088141756,0.4277011204338407,0.33610753997951026,0.8643126564037241,-3.941904557001976,-0.6029836829248632,1.0611468430037614,0.3549670088854875,4.049520488028636,200.0,13.0,1.2,0.5,0.3,3.0,IDLE,0.08,nan,0,0.05,20.0,0,unknown,unknown,nan,0,0.0,0,0.005110808000608813,1,0.0002627439971547574,1.8597998860059306e-05,0.0003715509992616717,1.0160001693293452e-06,5.287998646963388e-06,1.3299722922965884e-07,2.9097998776705936e-05,1.429001713404432e-06,0.0007621580007253215,0.004237841999274679,0.00434449299791595,0,0,0,200.0,0.0,0,0.0,1.0197723584129048,0.021500645261663974,1.7697723584129048,,,,,unknown,unknown,nan,,nan,,1.0,0.0,0.0,nan,nan,0.0,0,,4700757030,F04_M01_05,MDCEB22F,measured,hold_baseline,0.5,,1,1,1.0197723584129048,0.021500645261663974,1.7697723584129048,1.4697723584129048,3.0297481296157316,0.0,0.13215632820186207,-1.670952278500988,1.6761702813590993,1,0,0,0,ad4b715165e84dd399d377549dc111fb1309cda1260e23e9ee621d07fad63984,6ba3dffa4798388fb8057a608cfa40a0e24aeba9257d245b2d5103a1844d1115
4,5.874741399002232,2.704277610002464,APPROACH,,KFB_TIMING,kfb_timing,0.002488577773265138,-0.0026278465867569834,0.005213619613552364,1,-28.28571428571429,0,0.3095052870478358,-0.0010487062919091266,0.4001635137103677,0.3035420965557825,-0.0009703458214016455,0.4277015973114899,0.31668140282071766,0.8661950940925289,-3.932812670686939,-0.6038566280702362,1.0466883374952975,0.35482463005357767,4.039504493701943,200.0,13.0,1.2,0.5,0.3,3.0,IDLE,0.08,nan,0,0.05,20.0,0,unknown,unknown,nan,0,0.0,0,0.005174750000151107,1,0.0003536750009516254,2.1029001800343394e-05,0.0001522759994259104,1.2220007192809135e-06,5.043002602178603e-06,1.5700061339884996e-07,2.7744998078560457e-05,1.272001100005582e-06,0.0006325579997792374,0.004367442000220763,0.004534587998932693,0,0,0,200.0,0.0,0,0.0,1.0197723584129048,0.021500645261663974,1.7697723584129048,,,,,unknown,unknown,nan,,nan,,1.0,0.0,0.0,nan,nan,0.0,0,,4706079003,F04_M01_05,MDCEB22F,measured,hold_baseline,0.5,,1,1,1.0197723584129048,0.021500645261663974,1.7697723584129048,1.4697723584129048,3.0197321352890385,0.0,0.13309754704626447,-1.6664063353434695,1.6717132025268522,1,0,0,0,ad4b715165e84dd399d377549dc111fb1309cda1260e23e9ee621d07fad63984,6ba3dffa4798388fb8057a608cfa40a0e24aeba9257d245b2d5103a1844d1115
4,5.8798286439996446,2.709364854999876,APPROACH,,KFB_TIMING,kfb_timing,0.002481782022598078,-0.0026277985953961237,0.0052264009407329715,1,-28.28571428571429,0,0.309525674299837,-0.0010488502659917057,0.4002018576919095,0.30354167393680226,-0.0009700590185680079,0.4277005236541061,0.31427141047745966,0.8671443715555828,-3.9306840319899274,-0.604146860910852,1.0449800906369424,0.3545380732897241,4.037447564972778,200.0,13.0,1.2,0.5,0.3,3.0,IDLE,0.08,nan,0,0.05,20.0,0,unknown,unknown,nan,0,0.0,0,0.005087244997412199,1,0.00021171299886191264,3.120799738098867e-05,0.0004111829985049553,2.4050023057498038e-06,5.67399911233224e-06,1.320004230365157e-07,3.762299820664339e-05,4.739998985314742e-06,0.0007924469973659143,0.004207553002634086,0.004290718999982346,0,0,0,200.0,0.0,0,0.0,1.0197723584129048,0.021500645261663974,1.7697723584129048,,,,,unknown,unknown,nan,,nan,,1.0,0.0,0.0,nan,nan,0.0,0,,4711386496,F04_M01_05,MDCEB22F,measured,hold_baseline,0.5,,1,1,1.0197723584129048,0.021500645261663974,1.7697723584129048,1.4697723584129048,3.0176752065598733,0.0,0.1335721857777914,-1.6653420159949637,1.6706901445365705,1,0,0,0,ad4b715165e84dd399d377549dc111fb1309cda1260e23e9ee621d07fad63984,6ba3dffa4798388fb8057a608cfa40a0e24aeba9257d245b2d5103a1844d1115
4,5.8849211130000185,2.71445732400025,APPROACH,,KFB_TIMING,kfb_timing,0.0024778944878822984,-0.0026336042705124014,0.005242586731531712,1,-28.28571428571429,0,0.30953733690398433,-0.0010314332406428724,0.40025041506430575,0.30354166579950614,-0.0009705814965600846,0.42769986639734736,0.3205770554622156,0.8687579737265712,-3.934373958376237,-0.6047523749159013,1.050284653105614,0.3549451700939165,4.041881803040686,200.0,13.0,1.2,0.5,0.3,3.0,IDLE,0.08,nan,0,0.05,20.0,0,unknown,unknown,nan,0,0.0,0,0.005092469000373967,1,0.00042302400106564164,1.979999797185883e-05,0.00043595299939624965,1.338998117716983e-06,5.560999852605164e-06,1.309999788645655e-07,3.231899972888641e-05,1.2839991541113704e-06,0.0010044600021501537,0.003995539997849846,0.004084725002030609,0,0,0,200.0,0.0,0,0.0,1.0197723584129048,0.021500645261663974,1.7697723584129048,,,,,unknown,unknown,nan,,nan,,1.0,0.0,0.0,nan,nan,0.0,0,,4716012115,F04_M01_05,MDCEB22F,measured,hold_baseline,0.5,,1,1,1.0197723584129048,0.021500645261663974,1.7697723584129048,1.4697723584129048,3.0221094446277807,0.0,0.1343789868632856,-1.6671869791881184,1.6725938346427105,1,0,0,0,ad4b715165e84dd399d377549dc111fb1309cda1260e23e9ee621d07fad63984,6ba3dffa4798388fb8057a608cfa40a0e24aeba9257d245b2d5103a1844d1115
4,5.8900893019999785,2.71962551300021,APPROACH,,KFB_TIMING,kfb_timing,0.002474004816313713,-0.002639410054660515,0.005258771140999976,1,-28.28571428571429,0,0.30954900591869006,-0.0010140158881985321,0.40029896829271056,0.3035419034120981,-0.0009699254471643645,0.4277019199883163,0.33376794411138405,0.8662177563096732,-3.9403506702600923,-0.6027939433252527,1.0604106895597143,0.35462133418396624,4.0482215411809745,200.0,13.0,1.2,0.5,0.3,3.0,IDLE,0.08,nan,0,0.05,20.0,0,unknown,unknown,nan,0,0.0,0,0.005168188999959966,1,0.00024525600019842386,1.8614999135024846e-05,0.00016710000272723846,1.0919975466094911e-06,4.879999323748052e-06,1.5299883671104908e-07,2.6896999770542607e-05,1.239000994246453e-06,0.0005323469995346386,0.0044676530004653615,0.00463250800021342,0,0,0,200.0,0.0,0,0.0,1.0197723584129048,0.021500645261663974,1.7697723584129048,,,,,unknown,unknown,nan,,nan,,1.0,0.0,0.0,nan,nan,0.0,0,,4721667621,F04_M01_05,MDCEB22F,measured,hold_baseline,0.5,,1,1,1.0197723584129048,0.021500645261663974,1.7697723584129048,1.4697723584129048,3.0284491827680697,0.0,0.13310887815483663,-1.6701753351300461,1.675471164634116,1,0,0,0,ad4b715165e84dd399d377549dc111fb1309cda1260e23e9ee621d07fad63984,6ba3dffa4798388fb8057a608cfa40a0e24aeba9257d245b2d5103a1844d1115
4,5.895254931001546,2.724791142001777,APPROACH,,KFB_TIMING,kfb_timing,0.002470113008286229,-0.0026452159476889766,0.0052749541688861925,1,-28.28571428571429,0,0.3095606813427725,-0.000996598209113147,0.4003475173763692,0.30354133934090344,-0.0009698041522227027,0.4276998527709642,0.36912916305401,0.8642745496327615,-3.9549867076177967,-0.6011974820491337,1.087138071599443,0.35510776126141075,4.065113367864828,200.0,13.0,1.2,0.5,0.3,3.0,IDLE,0.08,nan,0,0.05,20.0,0,unknown,unknown,nan,0,0.0,0,0.00516562900156714,1,0.00039033099892549217,1.8540999008109793e-05,0.000491880997287808,1.1320007615722716e-06,5.71400232729502e-06,1.1799784260801971e-07,3.0169998353812844e-05,1.344000338576734e-06,0.0010226590020465665,0.003977340997953434,0.004139690998272272,0,0,0,200.0,0.0,0,0.0,1.0197723584129048,0.021500645261663974,1.7697723584129048,,,,,unknown,unknown,nan,,nan,,1.0,0.0,0.0,nan,nan,0.0,0,,4726277474,F04_M01_05,MDCEB22F,measured,hold_baseline,0.5,,1,1,1.0197723584129048,0.021500645261663974,1.7697723584129048,1.4697723584129048,3.045341009451923,0.0,0.13213727481638077,-1.6774933538088983,1.6826895766804184,1,0,0,0,ad4b715165e84dd399d377549dc111fb1309cda1260e23e9ee621d07fad63984,6ba3dffa4798388fb8057a608cfa40a0e24aeba9257d245b2d5103a1844d1115
4,5.900421495000046,2.7299577060002775,APPROACH,,KFB_TIMING,kfb_timing,0.0024696200231331122,-0.0026510462068927414,0.005284748566376103,1,-28.28571428571429,0,0.3095621602982318,-0.0009791074315018524,0.40037690056883896,0.30354230637594665,-0.0009700275646741868,0.4277013621505696,0.4150224123869378,0.859878209872097,-3.9721817363554814,-0.598143532961908,1.1213784518230074,0.3550435693142133,4.085322739421252,200.0,13.0,1.2,0.5,0.3,3.0,IDLE,0.08,nan,0,0.05,20.0,0,unknown,unknown,nan,0,0.0,0,0.005166563998500351,1,0.00018069299767375924,1.8560000171419233e-05,0.00015366799925686792,1.0610019671730697e-06,5.471003532875329e-06,1.5099794836714864e-07,3.7579997297143564e-05,1.2950004020240158e-06,0.0004745660007756669,0.004525433999224333,0.004683409999415744,0,0,0,200.0,0.0,0,0.0,1.0197723584129048,0.021500645261663974,1.7697723584129048,,,,,unknown,unknown,nan,,nan,,1.0,0.0,0.0,nan,nan,0.0,0,,4731784931,F04_M01_05,MDCEB22F,measured,hold_baseline,0.5,,1,1,1.0197723584129048,0.021500645261663974,1.7697723584129048,1.4697723584129048,3.065550381008347,0.0,0.1299391049360485,-1.6860908681777407,1.6910903543997726,1,0,0,0,ad4b715165e84dd399d377549dc111fb1309cda1260e23e9ee621d07fad63984,6ba3dffa4798388fb8057a608cfa40a0e24aeba9257d245b2d5103a1844d1115
4,5.905516754999553,2.7350529659997846,APPROACH,,KFB_TIMING,kfb_timing,0.0024720327659537855,-0.0026627317869670655,0.005297949924843221,1,-28.28571428571429,0,0.30955492206976976,-0.0009440506912788802,0.40041650464424033,0.30354130838409465,-0.0009699899969091543,0.42770042104863343,0.4194621249826584,0.8588558359913241,-3.972734466241473,-0.5973972083166059,1.1244572775706119,0.35523188751832735,4.086098501085631,200.0,13.0,1.2,0.5,0.3,3.0,IDLE,0.08,nan,0,0.05,20.0,0,unknown,unknown,nan,0,0.0,0,0.005095259999507107,1,0.00032259100044029765,1.9184000848326832e-05,0.0003436719998717308,1.4140023267827928e-06,5.800000508315861e-06,1.219996192958206e-07,3.0121002055238932e-05,1.2650016287807375e-06,0.0008079660001385491,0.004192033999861451,0.0042836370012082625,0,0,0,200.0,0.0,0,0.0,1.0197723584129048,0.021500645261663974,1.7697723584129048,,,,,unknown,unknown,nan,,nan,,1.0,0.0,0.0,nan,nan,0.0,0,,4737033038,F04_M01_05,MDCEB22F,measured,hold_baseline,0.5,,1,1,1.0197723584129048,0.021500645261663974,1.7697723584129048,1.4697723584129048,3.0663261426727266,0.0,0.12942791799566206,-1.6863672331207364,1.6913267073217935,1,0,0,0,ad4b715165e84dd399d377549dc111fb1309cda1260e23e9ee621d07fad63984,6ba3dffa4798388fb8057a608cfa40a0e24aeba9257d245b2d5103a1844d1115
4,5.910632033999718,2.74016824499995,APPROACH,,KFB_TIMING,kfb_timing,0.002471537372164684,-0.002668562798735354,0.005307744152594201,1,-28.28571428571429,0,0.30955640825113706,-0.0009265576559740144,0.40044588732749326,0.3035423066581546,-0.0009710005256083802,0.42770081755270145,0.3589622017483916,0.8590567057076397,-3.948339069963154,-0.5975972813167343,1.07906521350031,0.35459077980943204,4.0566259005857095,200.0,13.0,1.2,0.5,0.3,3.0,IDLE,0.08,nan,0,0.05,20.0,0,unknown,unknown,nan,0,0.0,0,0.005115279000165174,1,0.0005288060019665863,2.185700213885866e-05,0.0002845330018317327,1.4229990483727306e-06,6.861999281682074e-06,1.720000000204891e-07,3.648500205599703e-05,1.3550015864893794e-06,0.000966744999459479,0.004033255000540521,0.004141827997955261,0,0,0,200.0,0.0,0,0.0,1.0197723584129048,0.021500645261663974,1.7697723584129048,,,,,unknown,unknown,nan,,nan,,1.0,0.0,0.0,nan,nan,0.0,0,,4742090761,F04_M01_05,MDCEB22F,measured,hold_baseline,0.5,,1,1,1.0197723584129048,0.021500645261663974,1.7697723584129048,1.4697723584129048,3.0368535421728047,0.0,0.12952835285381986,-1.674169534981577,1.6791727802860115,1,0,0,0,ad4b715165e84dd399d377549dc111fb1309cda1260e23e9ee621d07fad63984,6ba3dffa4798388fb8057a608cfa40a0e24aeba9257d245b2d5103a1844d1115
4,5.915697645999899,2.7452338570001302,APPROACH,,KFB_TIMING,kfb_timing,0.0024773487021717278,-0.002680274580269256,0.005314559418140733,1,-28.28571428571429,0,0.30953897426111593,-0.0008914223113723084,0.4004663331241329,0.3035414462092689,-0.0009704439225908645,0.42769847865427735,0.3101385642672002,0.8577755771091209,-3.9281991649838077,-0.596936605879442,1.04236402941868,0.3532679180274061,4.032705487574079,200.0,13.0,1.2,0.5,0.3,3.0,IDLE,0.08,nan,0,0.05,20.0,0,unknown,unknown,nan,0,0.0,0,0.005065612000180408,1,0.0003518529993016273,2.947500252048485e-05,0.0003940230017178692,1.686999894445762e-06,5.915000656386837e-06,1.410007826052606e-07,3.9759001083439216e-05,4.122997779631987e-06,0.000915612999961013,0.004084387000038987,0.0041464860005362425,0,0,0,200.0,0.0,0,0.0,1.0197723584129048,0.021500645261663974,1.7697723584129048,,,,,unknown,unknown,nan,,nan,,1.0,0.0,0.0,nan,nan,0.0,0,,4747010797,F04_M01_05,MDCEB22F,measured,hold_baseline,0.5,,1,1,1.0197723584129048,0.021500645261663974,1.7697723584129048,1.4697723584129048,3.012933129161174,0.0,0.12888778855456046,-1.6640995824919038,1.6690834258622944,1,0,0,0,ad4b715165e84dd399d377549dc111fb1309cda1260e23e9ee621d07fad63984,6ba3dffa4798388fb8057a608cfa40a0e24aeba9257d245b2d5103a1844d1115
4,5.920761031000438,2.75029724200067,APPROACH,,KFB_TIMING,kfb_timing,0.002483158667497265,-0.0026919877264337338,0.005321375429568727,1,-28.28571428571429,0,0.30952154436513934,-0.0008562828728788754,0.40048678115841685,0.3035411906752492,-0.0009708836051196138,0.4276997157148468,0.29892157901590777,0.8592855713566547,-3.9215981432968325,-0.5977425983695003,1.033414850081681,0.3533440641445056,4.0257493465257195,200.0,13.0,1.2,0.5,0.3,3.0,IDLE,0.08,nan,0,0.05,20.0,0,unknown,unknown,nan,0,0.0,0,0.005063385000539711,1,0.0003319630013720598,1.9464001525193453e-05,0.00029985400033183396,1.1810006981249899e-06,4.986999556422234e-06,1.2300006346777081e-07,2.927999958046712e-05,1.2370001059025526e-06,0.0007568630026071332,0.004243136997392867,0.004303224999603117,0,0,0,200.0,0.0,0,0.0,1.0197723584129048,0.021500645261663974,1.7697723584129048,,,,,unknown,unknown,nan,,nan,,1.0,0.0,0.0,nan,nan,0.0,0,,4752027422,F04_M01_05,MDCEB22F,measured,hold_baseline,0.5,,1,1,1.0197723584129048,0.021500645261663974,1.7697723584129048,1.4697723584129048,3.0059769881128147,0.0,0.12964278567832738,-1.6607990716484162,1.665851376403873,1,0,0,0,ad4b715165e84dd399d377549dc111fb1309cda1260e23e9ee621d07fad63984,6ba3dffa4798388fb8057a608cfa40a0e24aeba9257d245b2d5103a1844d1115
4,5.9258252950021415,2.755361506002373,APPROACH,,KFB_TIMING,kfb_timing,0.002488967267699066,-0.0027037022370833296,0.0053281921867847975,1,-28.28571428571429,0,0.30950411856453397,-0.0008211393409300878,0.40050723143006506,0.30354132308907544,-0.0009692373605246513,0.4277003850538449,0.31188809460120315,0.8570571491994292,-3.925567510481784,-0.5960243054714227,1.0427679689415696,0.3527445288692215,4.030124243729711,200.0,13.0,1.2,0.5,0.3,3.0,IDLE,0.08,nan,0,0.05,20.0,0,unknown,unknown,nan,0,0.0,0,0.005064264001703123,1,0.0002396870004304219,1.8719001673161983e-05,0.00032810199991217814,1.028998667607084e-06,5.08399898535572e-06,1.2600139598362148e-07,2.6633002562448382e-05,1.2540003808680922e-06,0.0007073939996189438,0.004292606000381056,0.004353560001618462,0,0,0,200.0,0.0,0,0.0,1.0197723584129048,0.021500645261663974,1.7697723584129048,,,,,unknown,unknown,nan,,nan,,1.0,0.0,0.0,nan,nan,0.0,0,,4757345369,F04_M01_05,MDCEB22F,measured,hold_baseline,0.5,,1,1,1.0197723584129048,0.021500645261663974,1.7697723584129048,1.4697723584129048,3.010351885316806,0.0,0.12852857459971462,-1.662783755240892,1.66774380861739,1,0,0,0,ad4b715165e84dd399d377549dc111fb1309cda1260e23e9ee621d07fad63984,6ba3dffa4798388fb8057a608cfa40a0e24aeba9257d245b2d5103a1844d1115
4,5.930889473002026,2.760425684002257,APPROACH,,KFB_TIMING,kfb_timing,0.00249527392824736,-0.0027095847838546753,0.005325213824325716,1,-28.28571428571429,0,0.3094851985828891,-0.0008034917006160508,0.4004982963426878,0.3035411865924378,-0.0009708884252389834,0.42769971853522337,0.32583160018480645,0.8542384000875474,-3.929241956096251,-0.5939496343768771,1.052629679891416,0.3521015533441488,4.034207707271679,200.0,13.0,1.2,0.5,0.3,3.0,IDLE,0.08,nan,0,0.05,20.0,0,unknown,unknown,nan,0,0.0,0,0.005064177999884123,1,0.00044731900197803043,1.8735001503955573e-05,0.00037548700129264034,1.248001353815198e-06,5.698999302694574e-06,1.2599775800481439e-07,3.1837997084949166e-05,1.4610013749916106e-06,0.0009662960001151077,0.004033703999884892,0.004093688003194984,0,0,0,200.0,0.0,0,0.0,1.0197723584129048,0.021500645261663974,1.7697723584129048,,,,,unknown,unknown,nan,,nan,,1.0,0.0,0.0,nan,nan,0.0,0,,4762003957,F04_M01_05,MDCEB22F,measured,hold_baseline,0.5,,1,1,1.0197723584129048,0.021500645261663974,1.7697723584129048,1.4697723584129048,3.014435348858774,0.0,0.1271192000437737,-1.6646209780481254,1.6694676671255622,1,0,0,0,ad4b715165e84dd399d377549dc111fb1309cda1260e23e9ee621d07fad63984,6ba3dffa4798388fb8057a608cfa40a0e24aeba9257d245b2d5103a1844d1115
4,5.935954372002016,2.765490583002247,APPROACH,,KFB_TIMING,kfb_timing,0.0025015802869125803,-0.002715467768065124,0.005322235201389861,1,-28.28571428571429,0,0.3094662795068934,-0.0007858427479847043,0.40048936047388023,0.30354199415302785,-0.0009704702124713506,0.4277006321803518,0.38813402106225636,0.8498141308992098,-3.949825728850185,-0.5905545598343951,1.0981070191536628,0.35209777439067846,4.058812063112658,200.0,13.0,1.2,0.5,0.3,3.0,IDLE,0.08,nan,0,0.05,20.0,0,unknown,unknown,nan,0,0.0,0,0.005064898999989964,1,0.0002780860013444908,1.926600089063868e-05,0.00015778099987073801,1.1460033420007676e-06,4.829998943023384e-06,1.5100158634595573e-07,2.6510999305173755e-05,1.3729986676480621e-06,0.0005555249990720768,0.004444475000927923,0.004505844000959769,0,0,0,200.0,0.0,0,0.0,1.0197723584129048,0.021500645261663974,1.7697723584129048,,,,,unknown,unknown,nan,,nan,,1.0,0.0,0.0,nan,nan,0.0,0,,4767017587,F04_M01_05,MDCEB22F,measured,hold_baseline,0.5,,1,1,1.0197723584129048,0.021500645261663974,1.7697723584129048,1.4697723584129048,3.039039704699753,0.0,0.12490706544960489,-1.6749128644250924,1.6795638953061298,1,0,0,0,ad4b715165e84dd399d377549dc111fb1309cda1260e23e9ee621d07fad63984,6ba3dffa4798388fb8057a608cfa40a0e24aeba9257d245b2d5103a1844d1115
4,5.941042873000697,2.7705790840009286,APPROACH,,KFB_TIMING,kfb_timing,0.0025049827502529876,-0.002715492585973517,0.00531584734147077,1,-28.28571428571429,0,0.3094560721168722,-0.0007857682942595257,0.40047019689412294,0.3035418383782983,-0.0009704710259364063,0.42770003163453474,0.4114539534652511,0.8490352774620147,-3.9560278567475597,-0.5896652358688232,1.1146972771197268,0.35285483587608824,4.066978197822048,200.0,13.0,1.2,0.5,0.3,3.0,IDLE,0.08,nan,0,0.05,20.0,0,unknown,unknown,nan,0,0.0,0,0.005088500998681411,1,0.00025385699700564146,1.8832997739082202e-05,0.00012467200212995522,9.62001649895683e-07,5.330999556463212e-06,1.410007826052606e-07,2.7605001378105953e-05,1.3110002328176051e-06,0.0005052269989391789,0.004494773001060821,0.004579979999107309,0,0,0,200.0,0.0,0,0.0,1.0197723584129048,0.021500645261663974,1.7697723584129048,,,,,unknown,unknown,nan,,nan,,1.0,0.0,0.0,nan,nan,0.0,0,,4772328958,F04_M01_05,MDCEB22F,measured,hold_baseline,0.5,,1,1,1.0197723584129048,0.021500645261663974,1.7697723584129048,1.4697723584129048,3.0472058394091435,0.0,0.12451763873100735,-1.6780139283737798,1.6826275244900608,1,0,0,0,ad4b715165e84dd399d377549dc111fb1309cda1260e23e9ee621d07fad63984,6ba3dffa4798388fb8057a608cfa40a0e24aeba9257d245b2d5103a1844d1115
4,5.946134771002107,2.775670982002339,APPROACH,,KFB_TIMING,kfb_timing,0.002511786818757328,-0.002715542201610267,0.005303070390177628,1,-28.28571428571429,0,0.3094356599113592,-0.0007856194473492752,0.4004318660402435,0.3035415083069143,-0.0009694746092446293,0.42769869134339555,0.4017894183233123,0.8486974903601425,-3.9483345487119195,-0.5892773970959508,1.1064368329468435,0.3530777125547234,4.0584563414397286,200.0,13.0,1.2,0.5,0.3,3.0,IDLE,0.08,nan,0,0.05,20.0,0,unknown,unknown,nan,0,0.0,0,0.0050918980014103,1,0.00037773199801449664,1.9080998754361644e-05,0.0002112889997079037,1.286996848648414e-06,5.9250014601275325e-06,1.2599775800481439e-07,3.21830011671409e-05,1.3829994713887572e-06,0.0007326900013140403,0.00426730999868596,0.004355877001216868,0,0,0,200.0,0.0,0,0.0,1.0197723584129048,0.021500645261663974,1.7697723584129048,,,,,unknown,unknown,nan,,nan,,1.0,0.0,0.0,nan,nan,0.0,0,,4777346516,F04_M01_05,MDCEB22F,measured,hold_baseline,0.5,,1,1,1.0197723584129048,0.021500645261663974,1.7697723584129048,1.4697723584129048,3.0386839830268237,0.0,0.12434874518007127,-1.6741672743559597,1.6787789231915922,1,0,0,0,ad4b715165e84dd399d377549dc111fb1309cda1260e23e9ee621d07fad63984,6ba3dffa4798388fb8057a608cfa40a0e24aeba9257d245b2d5103a1844d1115
4,5.951228406000155,2.7807646170003864,APPROACH,,KFB_TIMING,kfb_timing,0.002518322405699741,-0.0027098715291220456,0.005300024797804342,1,-28.28571428571429,0,0.30941605315053194,-0.0008026314648139398,0.40042272926312367,0.3035411017150621,-0.0009701280999741876,0.4276995679335318,0.3881333256527595,0.84794706274798,-3.9385972673616094,-0.5888383873121286,1.095185569395446,0.35252407385274276,4.047494303167521,200.0,13.0,1.2,0.5,0.3,3.0,IDLE,0.08,nan,0,0.05,20.0,0,unknown,unknown,nan,0,0.0,0,0.0050936349980474915,1,0.0002759749986580573,1.8301001546205953e-05,0.0002406169987807516,1.2210002751089633e-06,5.767000402556732e-06,1.490006980020553e-07,3.0786002753302455e-05,3.2140014809556305e-06,0.0006587079988094047,0.004341292001190595,0.004431477998878108,0,0,0,200.0,0.0,0,0.0,1.0197723584129048,0.021500645261663974,1.7697723584129048,,,,,unknown,unknown,nan,,nan,,1.0,0.0,0.0,nan,nan,0.0,0,,4782338833,F04_M01_05,MDCEB22F,measured,hold_baseline,0.5,,1,1,1.0197723584129048,0.021500645261663974,1.7697723584129048,1.4697723584129048,3.027721944754616,0.0,0.12397353137399003,-1.6692986336808047,1.67389586441031,1,0,0,0,ad4b715165e84dd399d377549dc111fb1309cda1260e23e9ee621d07fad63984,6ba3dffa4798388fb8057a608cfa40a0e24aeba9257d245b2d5103a1844d1115
4,5.956294342002366,2.7858305530025973,APPROACH,,KFB_TIMING,kfb_timing,0.002525125089302499,-0.002709920996348772,0.005287245333686252,1,-28.28571428571429,0,0.30939564509972367,-0.0008024830631337609,0.4003843908707694,0.30354135699969187,-0.0009696044751879964,0.42769976673116583,0.37453322415611334,0.8474261960036275,-3.9300526995440674,-0.5885602311957406,1.0844242757918687,0.35156806999937296,4.037786586096839,200.0,13.0,1.2,0.5,0.3,3.0,IDLE,0.08,nan,0,0.05,20.0,0,unknown,unknown,nan,0,0.0,0,0.005065936002210947,1,0.0002113129994540941,1.8236001778859645e-05,0.0002046250010607764,1.4370016288012266e-06,5.750000127591193e-06,1.2799864634871483e-07,3.058099900954403e-05,1.372001861454919e-06,0.0005553410010179505,0.00444465899898205,0.0045072739994793665,0,0,0,200.0,0.0,0,0.0,1.0197723584129048,0.021500645261663974,1.7697723584129048,,,,,unknown,unknown,nan,,nan,,1.0,0.0,0.0,nan,nan,0.0,0,,4787814574,F04_M01_05,MDCEB22F,measured,hold_baseline,0.5,,1,1,1.0197723584129048,0.021500645261663974,1.7697723584129048,1.4697723584129048,3.0180142276839343,0.0,0.12371309800181374,-1.6650263497720337,1.6696160265319655,1,0,0,0,ad4b715165e84dd399d377549dc111fb1309cda1260e23e9ee621d07fad63984,6ba3dffa4798388fb8057a608cfa40a0e24aeba9257d245b2d5103a1844d1115
4,5.9613984690004145,2.790934680000646,APPROACH,,KFB_TIMING,kfb_timing,0.0025290213933603645,-0.002704111809156102,0.005271055518159698,1,-28.28571428571429,0,0.3093839561875501,-0.0008199106247117711,0.4003358214241897,0.30354167610359806,-0.0009696578622668444,0.42769920638307035,0.3609989873055792,0.8531579874881137,-3.9221503909556494,-0.5920582188668555,1.0737776722016295,0.3523558520958445,4.030069789684042,200.0,13.0,1.2,0.5,0.3,3.0,IDLE,0.08,nan,0,0.05,20.0,0,unknown,unknown,nan,0,0.0,0,0.005104126998048741,1,0.0004487230035010725,2.2742999135516584e-05,0.0003669479992822744,1.8139980966225266e-06,6.532001862069592e-06,1.2300006346777081e-07,4.086199987796135e-05,1.7210004443768412e-06,0.0009751559991855174,0.004024844000814483,0.004122599002585048,0,0,0,200.0,0.0,0,0.0,1.0197723584129048,0.021500645261663974,1.7697723584129048,,,,,unknown,unknown,nan,,nan,,1.0,0.0,0.0,nan,nan,0.0,0,,4792818801,F04_M01_05,MDCEB22F,measured,hold_baseline,0.5,,1,1,1.0197723584129048,0.021500645261663974,1.7697723584129048,1.4697723584129048,3.010297431271137,0.0,0.12657899374405684,-1.6610751954778247,1.665891066873507,1,0,0,0,ad4b715165e84dd399d377549dc111fb1309cda1260e23e9ee621d07fad63984,6ba3dffa4798388fb8057a608cfa40a0e24aeba9257d245b2d5103a1844d1115
4,5.9665510119994,2.796087222999631,APPROACH,,KFB_TIMING,kfb_timing,0.002535821460467158,-0.0027041611198519036,0.005258272807263694,1,-28.28571428571429,0,0.3093635559862297,-0.0008197626926243658,0.4002974732915017,0.3035413474756164,-0.0009717136773671683,0.4276997765369356,0.3574162952213388,0.8565022882947827,-3.9195650243449007,-0.5940064137861403,1.0708468566871763,0.35260798209870614,4.027943961627543,200.0,13.0,1.2,0.5,0.3,3.0,IDLE,0.08,nan,0,0.05,20.0,0,unknown,unknown,nan,0,0.0,0,0.0051525429989851546,1,0.0003532449991325848,2.5847999495454133e-05,0.0003521979997458402,1.5219993656501174e-06,6.58000135445036e-06,1.360021997243166e-07,3.614799788920209e-05,1.377000444335863e-06,0.0008709840003575664,0.004129015999642434,0.004278132997569628,0,0,0,200.0,0.0,0,0.0,1.0197723584129048,0.021500645261663974,1.7697723584129048,,,,,unknown,unknown,nan,,nan,,1.0,0.0,0.0,nan,nan,0.0,0,,4798076793,F04_M01_05,MDCEB22F,measured,hold_baseline,0.5,,1,1,1.0197723584129048,0.021500645261663974,1.7697723584129048,1.4697723584129048,3.0081716032146386,0.0,0.12825114414739136,-1.6597825121724503,1.6647301113659851,1,0,0,0,ad4b715165e84dd399d377549dc111fb1309cda1260e23e9ee621d07fad63984,6ba3dffa4798388fb8057a608cfa40a0e24aeba9257d245b2d5103a1844d1115
4,5.971647881000536,2.801184092000767,APPROACH,,KFB_TIMING,kfb_timing,0.00254575521558148,-0.0026985141434656148,0.005248831892503452,1,-28.28571428571429,0,0.30933375472088676,-0.0008367036217832324,0.400269150547221,0.303541165762666,-0.0009704216662291343,0.4277008653823128,0.35211231431535706,0.8588248112193198,-3.9046059621140774,-0.595317941616572,1.0630719509763806,0.35290114930255057,4.013416357373754,200.0,13.0,1.2,0.5,0.3,3.0,IDLE,0.08,nan,0,0.05,20.0,0,unknown,unknown,nan,0,0.0,0,0.0050968690011359286,1,0.00042846399810514413,1.8996997823705897e-05,0.0004170319989498239,1.019998308038339e-06,4.892001015832648e-06,1.500011421740055e-07,2.7081998268840834e-05,1.2829987099394202e-06,0.0009673250024206936,0.0040326749975793065,0.004126218002056703,0,0,0,200.0,0.0,0,0.0,1.0197723584129048,0.021500645261663974,1.7697723584129048,,,,,unknown,unknown,nan,,nan,,1.0,0.0,0.0,nan,nan,0.0,0,,4803068571,F04_M01_05,MDCEB22F,measured,hold_baseline,0.5,,1,1,1.0197723584129048,0.021500645261663974,1.7697723584129048,1.4697723584129048,2.993643998960849,0.0,0.1294124056096599,-1.6523029810570387,1.6573631804573359,1,0,0,0,ad4b715165e84dd399d377549dc111fb1309cda1260e23e9ee621d07fad63984,6ba3dffa4798388fb8057a608cfa40a0e24aeba9257d245b2d5103a1844d1115
4,5.976716426001076,2.8062526370013074,APPROACH,,KFB_TIMING,kfb_timing,0.002552553321992501,-0.002698563292709378,0.0052360458488009505,1,-28.28571428571429,0,0.3093133604016537,-0.0008365561740519421,0.4002307924161135,0.30354183702608156,-0.0009700464191666914,0.42770057655762506,0.34965117899214265,0.858749084771946,-3.8908191121270796,-0.5951510650389906,1.0574458512524512,0.3527199681503299,3.999772406132705,200.0,13.0,1.2,0.5,0.3,3.0,IDLE,0.08,nan,0,0.05,20.0,0,unknown,unknown,nan,0,0.0,0,0.005068545000540325,1,0.00033034099760698155,1.8850998458219692e-05,0.00041042200246010907,1.0650001058820635e-06,4.903999069938436e-06,1.4099714462645352e-07,3.170800118823536e-05,1.3669996405951679e-06,0.0008668869995744899,0.00413311300042551,0.0041980759997386485,0,0,0,200.0,0.0,0,0.0,1.0197723584129048,0.021500645261663974,1.7697723584129048,,,,,unknown,unknown,nan,,nan,,1.0,0.0,0.0,nan,nan,0.0,0,,4807770317,F04_M01_05,MDCEB22F,measured,hold_baseline,0.5,,1,1,1.0197723584129048,0.021500645261663974,1.7697723584129048,1.4697723584129048,2.9800000477198,0.0,0.129374542385973,-1.6454095560635398,1.6504879216167547,1,0,0,0,ad4b715165e84dd399d377549dc111fb1309cda1260e23e9ee621d07fad63984,6ba3dffa4798388fb8057a608cfa40a0e24aeba9257d245b2d5103a1844d1115
4,5.981824973001494,2.8113611840017256,APPROACH,,KFB_TIMING,kfb_timing,0.002559350281316125,-0.002698612415174671,0.00522325816393603,1,-28.28571428571429,0,0.3092929695236828,-0.0008364088066560634,0.4001924293615187,0.30354141332107637,-0.0009693239443734052,0.4277004319266498,0.3455178075461531,0.8593941968220274,-3.8872822509237697,-0.595404686530382,1.0538115510919623,0.35266861713305486,3.9961111394967292,200.0,13.0,1.2,0.5,0.3,3.0,IDLE,0.08,nan,0,0.05,20.0,0,unknown,unknown,nan,0,0.0,0,0.005108547000418184,1,0.0002043130007223226,1.806399814086035e-05,0.00016460500046378002,1.001000782707706e-06,4.812001861864701e-06,1.4199758879840374e-07,2.9309998353710398e-05,1.2380005500745028e-06,0.0004974709991074633,0.004502529000892537,0.0046067929979471955,0,0,0,200.0,0.0,0,0.0,1.0197723584129048,0.021500645261663974,1.7697723584129048,,,,,unknown,unknown,nan,,nan,,1.0,0.0,0.0,nan,nan,0.0,0,,4813016998,F04_M01_05,MDCEB22F,measured,hold_baseline,0.5,,1,1,1.0197723584129048,0.021500645261663974,1.7697723584129048,1.4697723584129048,2.9763387810838244,0.0,0.12969709841101373,-1.6436411254618848,1.648750280256488,1,0,0,0,ad4b715165e84dd399d377549dc111fb1309cda1260e23e9ee621d07fad63984,6ba3dffa4798388fb8057a608cfa40a0e24aeba9257d245b2d5103a1844d1115
4,5.986887167000532,2.8164233780007635,APPROACH,,KFB_TIMING,kfb_timing,0.0025692816074527336,-0.0026929645738666625,0.005213812311354532,1,-28.28571428571429,0,0.30926317554527294,-0.0008533523305800893,0.4001640918037742,0.3035417143820919,-0.0009703167968513676,0.427699610367007,0.34625737949582286,0.8627916411849184,-3.8905526128271406,-0.597468605143399,1.0553584089374042,0.3532468239461155,4.000087901800406,200.0,13.0,1.2,0.5,0.3,3.0,IDLE,0.08,nan,0,0.05,20.0,0,unknown,unknown,nan,0,0.0,0,0.005062193999037845,1,0.000378707998606842,1.9630002498161048e-05,0.00013119499999447726,1.3659991964232177e-06,5.029000021750107e-06,1.5699697542004287e-07,3.1030001991894096e-05,4.610999894794077e-06,0.0006408560002455488,0.004359143999754451,0.004419428998517105,0,0,0,200.0,0.0,0,0.0,1.0197723584129048,0.021500645261663974,1.7697723584129048,,,,,unknown,unknown,nan,,nan,,1.0,0.0,0.0,nan,nan,0.0,0,,4818008684,F04_M01_05,MDCEB22F,measured,hold_baseline,0.5,,1,1,1.0197723584129048,0.021500645261663974,1.7697723584129048,1.4697723584129048,2.980315543387501,0.0,0.1313958205924592,-1.6452763064135703,1.6505147639797246,1,0,0,0,ad4b715165e84dd399d377549dc111fb1309cda1260e23e9ee621d07fad63984,6ba3dffa4798388fb8057a608cfa40a0e24aeba9257d245b2d5103a1844d1115
4,5.992080162999628,2.821616373999859,APPROACH,,KFB_TIMING,kfb_timing,0.0025794736706219734,-0.002693038005737582,0.0051946251706311095,1,-28.28571428571429,0,0.3092325993557652,-0.000853132034967331,0.40010653038160393,0.303541559987409,-0.0009711152684021658,0.4276991165841864,0.34821039734680864,0.8651229118620332,-3.8991019894561667,-0.5988142192837772,1.059347960582683,0.3534930174330816,4.009075262155863,200.0,13.0,1.2,0.5,0.3,3.0,IDLE,0.08,nan,0,0.05,20.0,0,unknown,unknown,nan,0,0.0,0,0.005192995999095729,1,0.00029489799999282695,1.5170997357927263e-05,0.00016289099949062802,1.1329975677654147e-06,4.4190019252710044e-06,1.4300167094916105e-07,2.4985001800814644e-05,1.0789990483317524e-06,0.0005609239997284021,0.004439076000271598,0.004625665002095047,0,0,0,200.0,0.0,0,0.0,1.0197723584129048,0.021500645261663974,1.7697723584129048,,,,,unknown,unknown,nan,,nan,,1.0,0.0,0.0,nan,nan,0.0,0,,4823624613,F04_M01_05,MDCEB22F,measured,hold_baseline,0.5,,1,1,1.0197723584129048,0.021500645261663974,1.7697723584129048,1.4697723584129048,2.9893029037429586,0.0,0.1325614559310166,-1.6495509947280833,1.6548688841738972,1,0,0,0,ad4b715165e84dd399d377549dc111fb1309cda1260e23e9ee621d07fad63984,6ba3dffa4798388fb8057a608cfa40a0e24aeba9257d245b2d5103a1844d1115
4,5.997165540000424,2.8267017510006553,APPROACH,,KFB_TIMING,kfb_timing,0.002583130599177752,-0.0026987841328257487,0.005178488344557194,1,-28.28571428571429,0,0.30922162857009783,-0.0008358936537028305,0.4000581199033822,0.30354193848704786,-0.0009698907607728069,0.42770049857542314,0.3470688904844406,0.8683921997468254,-3.906297698029843,-0.6008590626418308,1.060939479124068,0.3541560760077873,4.016680661062874,200.0,13.0,1.2,0.5,0.3,3.0,IDLE,0.08,nan,0,0.05,20.0,0,unknown,unknown,nan,0,0.0,0,0.005085377000796143,1,0.00045807399874320254,3.726499926415272e-05,0.0003124309987470042,2.282999048475176e-06,7.3689989221747965e-06,1.3800308806821704e-07,4.21920012740884e-05,2.206998033216223e-06,0.0010017490021709818,0.003998250997829018,0.004081166000105441,0,0,0,200.0,0.0,0,0.0,1.0197723584129048,0.021500645261663974,1.7697723584129048,,,,,unknown,unknown,nan,,nan,,1.0,0.0,0.0,nan,nan,0.0,0,,4828270464,F04_M01_05,MDCEB22F,measured,hold_baseline,0.5,,1,1,1.0197723584129048,0.021500645261663974,1.7697723584129048,1.4697723584129048,2.996908302649969,0.0,0.1341960998734127,-1.6531488490149215,1.6585866604493704,1,0,0,0,ad4b715165e84dd399d377549dc111fb1309cda1260e23e9ee621d07fad63984,6ba3dffa4798388fb8057a608cfa40a0e24aeba9257d245b2d5103a1844d1115
4,6.002335379002034,2.8318715900022653,APPROACH,,KFB_TIMING,kfb_timing,0.002593317855968502,-0.0026988576255889403,0.005159295126545842,1,-28.28571428571429,0,0.3091910667997256,-0.0008356731754132559,0.4000005402493481,0.3035419910934987,-0.0009706694510652125,0.42769951516266697,0.34611277112211725,0.8672857568020363,-3.9096261024329815,-0.6001866616608699,1.0614607048178908,0.35372393235124555,4.019596359724545,200.0,13.0,1.2,0.5,0.3,3.0,IDLE,0.08,nan,0,0.05,20.0,0,unknown,unknown,nan,0,0.0,0,0.005169839001609944,1,0.00026829100170289166,1.6726000467315316e-05,0.0001630890001251828,9.590003173798323e-07,4.141998942941427e-06,1.270018401555717e-07,2.226599826826714e-05,9.77001036517322e-07,0.000541441000677878,0.004458558999322122,0.0046241790005296934,0,0,0,200.0,0.0,0,0.0,1.0197723584129048,0.021500645261663974,1.7697723584129048,,,,,unknown,unknown,nan,,nan,,1.0,0.0,0.0,nan,nan,0.0,0,,4833907817,F04_M01_05,MDCEB22F,measured,hold_baseline,0.5,,1,1,1.0197723584129048,0.021500645261663974,1.7697723584129048,1.4697723584129048,2.9998240013116404,0.0,0.13364287840101818,-1.6548130512164907,1.66020078708081,1,0,0,0,ad4b715165e84dd399d377549dc111fb1309cda1260e23e9ee621d07fad63984,6ba3dffa4798388fb8057a608cfa40a0e24aeba9257d245b2d5103a1844d1115
4,6.007444053000654,2.8369802640008857,APPROACH,,KFB_TIMING,kfb_timing,0.002600107923375339,-0.0026989065872423243,0.005146497597330136,1,-28.28571428571429,0,0.30917069659750507,-0.0008355262904531039,0.399962147661701,0.30354196685624635,-0.000970290465055851,0.42770019395296305,0.3451058642501452,0.8669179165889089,-3.91440259188064,-0.600050540797424,1.062294435279608,0.3538771763841365,4.024076587611693,200.0,13.0,1.2,0.5,0.3,3.0,IDLE,0.08,nan,0,0.05,20.0,0,unknown,unknown,nan,0,0.0,0,0.005108673998620361,1,0.00039677400127402507,2.065099761239253e-05,0.00045448800301528536,3.5750017559621483e-06,6.732996553182602e-06,1.270018401555717e-07,4.028099647257477e-05,1.3409990060608834e-06,0.0010263679978379514,0.003973632002162049,0.004079775000718655,0,0,0,200.0,0.0,0,0.0,1.0197723584129048,0.021500645261663974,1.7697723584129048,,,,,unknown,unknown,nan,,nan,,1.0,0.0,0.0,nan,nan,0.0,0,,4838511441,F04_M01_05,MDCEB22F,measured,hold_baseline,0.5,,1,1,1.0197723584129048,0.021500645261663974,1.7697723584129048,1.4697723584129048,3.004304229198788,0.0,0.13345895829445448,-1.65720129594032,1.6625665186137115,1,0,0,0,ad4b715165e84dd399d377549dc111fb1309cda1260e23e9ee621d07fad63984,6ba3dffa4798388fb8057a608cfa40a0e24aeba9257d245b2d5103a1844d1115
4,6.012649733002036,2.842185944002267,APPROACH,,KFB_TIMING,kfb_timing,0.002603759017835855,-0.0027046527505168393,0.005130355441788514,1,-28.28571428571429,0,0.30915974331412355,-0.0008182878006295588,0.3999137211950762,0.3035410746631555,-0.000969279983324637,0.42769837351620954,0.33849903600415654,0.866316257735261,-3.9169251769157936,-0.5998317135394577,1.0588561491116295,0.3536129499194179,4.025840073493853,200.0,13.0,1.2,0.5,0.3,3.0,IDLE,0.08,nan,0,0.05,20.0,0,unknown,unknown,nan,0,0.0,0,0.005205680001381552,1,0.00023278200023924,1.4327000826597214e-05,0.00017674899936537258,9.499999578110874e-07,4.3100008042529225e-06,1.3700264389626682e-07,2.8263999411137775e-05,1.0029980330727994e-06,0.000509986999531975,0.004490013000468025,0.0046916280007280875,0,0,0,200.0,0.0,0,0.0,1.0197723584129048,0.021500645261663974,1.7697723584129048,,,,,unknown,unknown,nan,,nan,,1.0,0.0,0.0,nan,nan,0.0,0,,4843772998,F04_M01_05,MDCEB22F,measured,hold_baseline,0.5,,1,1,1.0197723584129048,0.021500645261663974,1.7697723584129048,1.4697723584129048,3.0060677150809485,0.0,0.1331581288676305,-1.6584625884578967,1.6637996407614697,1,0,0,0,ad4b715165e84dd399d377549dc111fb1309cda1260e23e9ee621d07fad63984,6ba3dffa4798388fb8057a608cfa40a0e24aeba9257d245b2d5103a1844d1115
4,6.017756509001629,2.8472927200018603,APPROACH,,KFB_TIMING,kfb_timing,0.00260715287895924,-0.002704677261522892,0.005123955267075251,1,-28.28571428571429,0,0.30914956173075336,-0.0008182142676114012,0.3998945206709364,0.3035411592008186,-0.0009707423382088864,0.42770003563995884,0.3373992924625697,0.8676693733814136,-3.919357162137453,-0.6008001176517472,1.0589104691692648,0.35362214333436925,4.028405266163831,200.0,13.0,1.2,0.5,0.3,3.0,IDLE,0.08,nan,0,0.05,20.0,0,unknown,unknown,nan,0,0.0,0,0.005106775999593083,1,0.00032865499815670773,1.964799957931973e-05,0.00010644999929354526,1.1849988368339837e-06,5.361001967685297e-06,1.4300167094916105e-07,2.8886999643873423e-05,1.3899989426136017e-06,0.0005665319986292161,0.004433468001370784,0.0045378559989330824,0,0,0,200.0,0.0,0,0.0,1.0197723584129048,0.021500645261663974,1.7697723584129048,,,,,unknown,unknown,nan,,nan,,1.0,0.0,0.0,nan,nan,0.0,0,,4848755901,F04_M01_05,MDCEB22F,measured,hold_baseline,0.5,,1,1,1.0197723584129048,0.021500645261663974,1.7697723584129048,1.4697723584129048,3.008632907750926,0.0,0.1338346866907068,-1.6596785810687265,1.6650659794194045,1,0,0,0,ad4b715165e84dd399d377549dc111fb1309cda1260e23e9ee621d07fad63984,6ba3dffa4798388fb8057a608cfa40a0e24aeba9257d245b2d5103a1844d1115
4,6.02284143200086,2.852377643001091,APPROACH,,KFB_TIMING,kfb_timing,0.0026139397379931484,-0.0027047262633650183,0.005111153687597655,1,-28.28571428571429,0,0.3091292011536516,-0.0008180672620850217,0.3998561159325036,0.30354135214182915,-0.000969513271777067,0.42769798882527604,0.332708707906905,0.8667230203840264,-3.9206220247100587,-0.6002200663818502,1.056477079886309,0.35277511298231923,4.0290421863046175,200.0,13.0,1.2,0.5,0.3,3.0,IDLE,0.08,nan,0,0.05,20.0,0,unknown,unknown,nan,0,0.0,0,0.005084922999230912,1,0.00016069100092863664,1.3767999917035922e-05,0.00017951800327864476,8.479983080178499e-07,4.034001904074103e-06,1.2100281310267746e-07,2.2195999918039888e-05,3.0809969757683575e-06,0.0004378730009193532,0.004562126999080647,0.004642588999558939,0,0,0,200.0,0.0,0,0.0,1.0197723584129048,0.021500645261663974,1.7697723584129048,,,,,unknown,unknown,nan,,nan,,1.0,0.0,0.0,nan,nan,0.0,0,,4854387928,F04_M01_05,MDCEB22F,measured,hold_baseline,0.5,,1,1,1.0197723584129048,0.021500645261663974,1.7697723584129048,1.4697723584129048,3.0092698278917127,0.0,0.1333615101920132,-1.6603110123550293,1.6656584134053647,1,0,0,0,ad4b715165e84dd399d377549dc111fb1309cda1260e23e9ee621d07fad63984,6ba3dffa4798388fb8057a608cfa40a0e24aeba9257d245b2d5103a1844d1115
4,6.028029249002429,2.857565460002661,APPROACH,,KFB_TIMING,kfb_timing,0.0026139397379931484,-0.0027047262633650183,0.005111153687597655,1,-28.28571428571429,0,0.3091292011536516,-0.0008180672620850217,0.3998561159325036,0.30354024784556216,-0.0009708371107498065,0.4276965047210575,0.32817047185668957,0.8680843061582586,-3.9193807256919557,-0.6008969596449988,1.0534707689660503,0.35287978797497493,4.0277551432680845,200.0,13.0,1.2,0.5,0.3,3.0,IDLE,0.08,nan,0,0.05,20.0,0,unknown,unknown,nan,0,0.0,0,0.005187817001569783,1,0.00040719800017541274,2.5957000616472214e-05,0.00039297900002566166,2.1310006559360772e-06,8.964998414739966e-06,1.3899989426136017e-07,4.434700167621486e-05,1.6089979908429086e-06,0.001004376001219498,0.003995623998780502,0.004179758998361649,0,0,0,200.0,0.0,0,0.0,1.0197723584129048,0.021500645261663974,1.7697723584129048,,,,,unknown,unknown,nan,,nan,,1.0,0.0,0.0,nan,nan,0.0,0,,4859012132,F04_M01_05,MDCEB22F,measured,hold_baseline,0.5,,1,1,1.0197723584129048,0.021500645261663974,1.7697723584129048,1.4697723584129048,3.0079827848551797,0.0,0.1340421530791293,-1.6596903628459778,1.6650944115352444,1,0,0,0,ad4b715165e84dd399d377549dc111fb1309cda1260e23e9ee621d07fad63984,6ba3dffa4798388fb8057a608cfa40a0e24aeba9257d245b2d5103a1844d1115
4,6.033203996001248,2.8627402070014796,APPROACH,,KFB_TIMING,kfb_timing,0.002610801101132404,-0.0027104232993036682,0.005107810963299176,1,-28.28571428571429,0,0.30913861706423384,-0.000800976154269072,0.39984608775960817,0.3035408470002627,-0.0009703700995116801,0.42769706868828977,0.3266961840994722,0.8654856486505239,-3.9189368517504932,-0.5989950020505436,1.052743986469864,0.35208595320422686,4.026643993791013,200.0,13.0,1.2,0.5,0.3,3.0,IDLE,0.08,nan,0,0.05,20.0,0,unknown,unknown,nan,0,0.0,0,0.005174746998818591,1,0.0001496699987910688,2.2819000150775537e-05,0.00015084599726833403,1.3610006135422736e-06,4.624998837243766e-06,1.2300006346777081e-07,2.7417998353485018e-05,1.176998921437189e-06,0.00042460499753360637,0.004575395002466394,0.004745597001601709,0,0,0,200.0,0.0,0,0.0,1.0197723584129048,0.021500645261663974,1.7697723584129048,,,,,unknown,unknown,nan,,nan,,1.0,0.0,0.0,nan,nan,0.0,0,,4864640846,F04_M01_05,MDCEB22F,measured,hold_baseline,0.5,,1,1,1.0197723584129048,0.021500645261663974,1.7697723584129048,1.4697723584129048,3.006871635378108,0.0,0.13274282432526197,-1.6594684258752466,1.6647690872570635,1,0,0,0,ad4b715165e84dd399d377549dc111fb1309cda1260e23e9ee621d07fad63984,6ba3dffa4798388fb8057a608cfa40a0e24aeba9257d245b2d5103a1844d1115
4,6.038352799001586,2.867889010001818,APPROACH,,KFB_TIMING,kfb_timing,0.0026074079815001094,-0.002710398748113848,0.005114211932916071,1,-28.28571428571429,0,0.30914879642313076,-0.0008010498078385329,0.3998652906684589,0.30354137246306134,-0.0009693242259506771,0.42769916902221006,0.32959661386332223,0.8642521129796359,-3.9229183865710624,-0.5979219477272708,1.0561162870298846,0.3520814365188776,4.030490579365897,200.0,13.0,1.2,0.5,0.3,3.0,IDLE,0.08,nan,0,0.05,20.0,0,unknown,unknown,nan,0,0.0,0,0.005148803000338376,1,0.0003000070028065238,2.2361000446835533e-05,0.00042365600165794604,1.7450001905672252e-06,6.368998583639041e-06,1.4300167094916105e-07,3.501399987726472e-05,1.4950019249226898e-06,0.0008861850001267157,0.004113814999873284,0.004259876001015073,0,0,0,200.0,0.0,0,0.0,1.0197723584129048,0.021500645261663974,1.7697723584129048,,,,,unknown,unknown,nan,,nan,,1.0,0.0,0.0,nan,nan,0.0,0,,4869515103,F04_M01_05,MDCEB22F,measured,hold_baseline,0.5,,1,1,1.0197723584129048,0.021500645261663974,1.7697723584129048,1.4697723584129048,3.010718220952992,0.0,0.13212605648981796,-1.6614591932855312,1.666704516630515,1,0,0,0,ad4b715165e84dd399d377549dc111fb1309cda1260e23e9ee621d07fad63984,6ba3dffa4798388fb8057a608cfa40a0e24aeba9257d245b2d5103a1844d1115
4,6.043503172000783,2.8730393830010144,APPROACH,,KFB_TIMING,kfb_timing,0.0026071780132677635,-0.0027219552248116505,0.005114277547966365,1,-28.28571428571429,0,0.3091494863278278,-0.0007663803777451252,0.3998654875136098,0.30354088530924167,-0.0009694918079473439,0.42769718897512554,0.32954690206453374,0.8632655256413304,-3.9252647548989685,-0.5971610956494711,1.0570903978452377,0.3523411833671407,4.032558979664549,200.0,13.0,1.2,0.5,0.3,3.0,IDLE,0.08,nan,0,0.05,20.0,0,unknown,unknown,nan,0,0.0,0,0.0051503729991964065,1,0.00031376299739349633,1.3827000657329336e-05,0.000189275000593625,8.879978850018233e-07,3.973000275436789e-06,1.2300006346777081e-07,2.475099972798489e-05,8.870010788086802e-07,0.0006012459998601116,0.0043987540001398885,0.004545432999293553,0,0,0,200.0,0.0,0,0.0,1.0197723584129048,0.021500645261663974,1.7697723584129048,,,,,unknown,unknown,nan,,nan,,1.0,0.0,0.0,nan,nan,0.0,0,,4874802057,F04_M01_05,MDCEB22F,measured,hold_baseline,0.5,,1,1,1.0197723584129048,0.021500645261663974,1.7697723584129048,1.4697723584129048,3.0127866212516445,0.0,0.13163276282066522,-1.6626323774494842,1.6678350058657259,1,0,0,0,ad4b715165e84dd399d377549dc111fb1309cda1260e23e9ee621d07fad63984,6ba3dffa4798388fb8057a608cfa40a0e24aeba9257d245b2d5103a1844d1115
4,6.048656193001079,2.878192404001311,APPROACH,,KFB_TIMING,kfb_timing,0.002603784609178289,-0.0027219305621643155,0.005120678100703272,1,-28.28571428571429,0,0.3091596665400962,-0.0007664543656871301,0.3998846891718205,0.30354021131771763,-0.0009698769038824296,0.42769692751346794,0.3282104777550583,0.8602801855927522,-3.9238490699197026,-0.5952693274548899,1.0560926605409167,0.3520712913703256,4.030433678767264,200.0,13.0,1.2,0.5,0.3,3.0,IDLE,0.08,nan,0,0.05,20.0,0,unknown,unknown,nan,0,0.0,0,0.005153021000296576,1,0.00026444499962963164,2.0565003069350496e-05,0.00032070499946712516,1.0969997674692422e-06,4.874000296695158e-06,1.2899909052066505e-07,2.8227001166669652e-05,1.2929995136801153e-06,0.0007415049985866062,0.004258495001413394,0.004409611003211467,0,0,0,200.0,0.0,0,0.0,1.0197723584129048,0.021500645261663974,1.7697723584129048,,,,,unknown,unknown,nan,,nan,,1.0,0.0,0.0,nan,nan,0.0,0,,4879749107,F04_M01_05,MDCEB22F,measured,hold_baseline,0.5,,1,1,1.0197723584129048,0.021500645261663974,1.7697723584129048,1.4697723584129048,3.0106613203543593,0.0,0.13014009279637612,-1.6619245349598513,1.6670121786161514,1,0,0,0,ad4b715165e84dd399d377549dc111fb1309cda1260e23e9ee621d07fad63984,6ba3dffa4798388fb8057a608cfa40a0e24aeba9257d245b2d5103a1844d1115
4,6.053827018000447,2.883363229000679,APPROACH,,KFB_TIMING,kfb_timing,0.0025972519860777143,-0.002727602056116371,0.00512373576948466,1,-28.28571428571429,0,0.3091792644093979,-0.0007494398838309635,0.3998938621781647,0.30354103258852283,-0.0009722368004548209,0.42769975107885794,0.3248135234420303,0.8578824729658645,-3.9231921107874297,-0.5937899892465524,1.0540674383525843,0.35181684981828765,4.02900763223124,200.0,13.0,1.2,0.5,0.3,3.0,IDLE,0.08,nan,0,0.05,20.0,0,unknown,unknown,nan,0,0.0,0,0.005170824999368051,1,0.00025689600079203956,1.6083999071270227e-05,0.0001786700013326481,8.839997462928295e-07,3.888999344781041e-06,1.320004230365157e-07,1.9850998796755448e-05,8.950009942054749e-07,0.0005270500005281065,0.004472949999471894,0.004639245998987462,0,0,0,200.0,0.0,0,0.0,1.0197723584129048,0.021500645261663974,1.7697723584129048,,,,,unknown,unknown,nan,,nan,,1.0,0.0,0.0,nan,nan,0.0,0,,4885411748,F04_M01_05,MDCEB22F,measured,hold_baseline,0.5,,1,1,1.0197723584129048,0.021500645261663974,1.7697723584129048,1.4697723584129048,3.009235273818335,0.0,0.12894123648293226,-1.6615960553937148,1.6665915197689265,1,0,0,0,ad4b715165e84dd399d377549dc111fb1309cda1260e23e9ee621d07fad63984,6ba3dffa4798388fb8057a608cfa40a0e24aeba9257d245b2d5103a1844d1115
4,6.058896787999402,2.888432998999633,APPROACH,,KFB_TIMING,kfb_timing,0.0025967660013267724,-0.0027334373569831115,0.005133543849690131,1,-28.28571428571429,0,0.30918072236365074,-0.0007319339812307422,0.3999232864187811,0.303540924735228,-0.0009689217093387529,0.4276964943579481,0.3234714094569212,0.8581281090654934,-3.9232195672324375,-0.593879490707956,1.0535754277838087,0.3520843161641523,4.02897870148501,200.0,13.0,1.2,0.5,0.3,3.0,IDLE,0.08,nan,0,0.05,20.0,0,unknown,unknown,nan,0,0.0,0,0.005069769998954143,1,0.0003989730030298233,2.2854001144878566e-05,0.0004767140017065685,1.663000148255378e-06,5.816997145302594e-06,1.269982021767646e-07,3.1446001230506226e-05,3.711000317707658e-06,0.0010329139986424707,0.003967086001357529,0.0040307279996341094,0,0,0,200.0,0.0,0,0.0,1.0197723584129048,0.021500645261663974,1.7697723584129048,,,,,unknown,unknown,nan,,nan,,1.0,0.0,0.0,nan,nan,0.0,0,,4890391658,F04_M01_05,MDCEB22F,measured,hold_baseline,0.5,,1,1,1.0197723584129048,0.021500645261663974,1.7697723584129048,1.4697723584129048,3.009206343072105,0.0,0.12906405453274672,-1.6616097836162187,1.6666147134780638,1,0,0,0,ad4b715165e84dd399d377549dc111fb1309cda1260e23e9ee621d07fad63984,6ba3dffa4798388fb8057a608cfa40a0e24aeba9257d245b2d5103a1844d1115
4,6.0640769109995745,2.893613121999806,APPROACH,,KFB_TIMING,kfb_timing,0.002596534086441532,-0.0027449934752570605,0.005133610002443458,1,-28.28571428571429,0,0.30918141810830646,-0.0006972656264088951,0.3999234848770411,0.30354213625677584,-0.0009688639575196377,0.42769996052595505,0.3228070532004177,0.8573923945030988,-3.923661920847902,-0.5933616475890023,1.0535940283850664,0.3518630864886456,4.029199545922185,200.0,13.0,1.2,0.5,0.3,3.0,IDLE,0.08,nan,0,0.05,20.0,0,unknown,unknown,nan,0,0.0,0,0.005180123000172898,1,0.00030999099908513017,2.960900019388646e-05,0.0004489409984671511,2.792003215290606e-06,7.372000254690647e-06,1.3400131138041615e-07,5.8277000789530575e-05,1.8070022633764893e-06,0.0009670940016803797,0.00403290599831962,0.0042108080015168525,0,0,0,200.0,0.0,0,0.0,1.0197723584129048,0.021500645261663974,1.7697723584129048,,,,,unknown,unknown,nan,,nan,,1.0,0.0,0.0,nan,nan,0.0,0,,4895266464,F04_M01_05,MDCEB22F,measured,hold_baseline,0.5,,1,1,1.0197723584129048,0.021500645261663974,1.7697723584129048,1.4697723584129048,3.00942718750928,0.0,0.1286961972515494,-1.661830960423951,1.6668067831067286,1,0,0,0,ad4b715165e84dd399d377549dc111fb1309cda1260e23e9ee621d07fad63984,6ba3dffa4798388fb8057a608cfa40a0e24aeba9257d245b2d5103a1844d1115
4,6.0692407290007395,2.898776940000971,APPROACH,,KFB_TIMING,kfb_timing,0.0025960466483549716,-0.0027508292392358796,0.00514341802881441,1,-28.28571428571429,0,0.30918288042256614,-0.000679758334472438,0.399952908956154,0.3035405628730647,-0.0009704376912978907,0.42769881280701116,0.31698354990266064,0.8414574875327276,-3.9249764688138375,-0.5842631141283134,1.0506043214711216,0.3462554178827998,4.026657367466981,200.0,13.0,1.2,0.5,0.3,3.0,IDLE,0.08,nan,0,0.05,20.0,0,unknown,unknown,nan,0,0.0,0,0.005163818001165055,1,0.000403109999751905,1.6412999684689566e-05,0.00011710900071193464,1.0990006558131427e-06,4.780999006470665e-06,1.5199839253909886e-07,2.4674998712725937e-05,1.04300124803558e-06,0.0006285190029302612,0.004371480997069739,0.00453153800117434,0,0,0,200.0,0.0,0,0.0,1.0197723584129048,0.021500645261663974,1.7697723584129048,,,,,unknown,unknown,nan,,nan,,1.0,0.0,0.0,nan,nan,0.0,0,,4900634432,F04_M01_05,MDCEB22F,measured,hold_baseline,0.5,,1,1,1.0197723584129048,0.021500645261663974,1.7697723584129048,1.4697723584129048,3.0068850090540766,0.0,0.12072874376636383,-1.6624882344069187,1.6668660891363885,1,0,0,0,ad4b715165e84dd399d377549dc111fb1309cda1260e23e9ee621d07fad63984,6ba3dffa4798388fb8057a608cfa40a0e24aeba9257d245b2d5103a1844d1115
4,6.074319297000329,2.903855508000561,APPROACH,,KFB_TIMING,kfb_timing,0.0026018592675843,-0.002762551574658351,0.005150236024485095,1,-28.28571428571429,0,0.30916544256487816,-0.0006445913282050234,0.39997336294316604,0.3035402442443282,-0.0009693705501938486,0.4276953985743002,0.31679349372903076,0.8316701234755526,-3.9252727092973747,-0.578794313057855,1.0508875979314367,0.34301595033085486,4.024897409165312,200.0,13.0,1.2,0.5,0.3,3.0,IDLE,0.08,nan,0,0.05,20.0,0,unknown,unknown,nan,0,0.0,0,0.005078567999589723,1,0.00026493599943933077,2.4683999072294682e-05,0.00039984499744605273,3.755998477572575e-06,6.586997187696397e-06,1.1399970389902592e-07,4.712699956144206e-05,2.06700133276172e-06,0.0008552090002922341,0.004144790999707766,0.00422130799779552,0,0,0,200.0,0.0,0,0.0,1.0197723584129048,0.021500645261663974,1.7697723584129048,,,,,unknown,unknown,nan,,nan,,1.0,0.0,0.0,nan,nan,0.0,0,,4905514744,F04_M01_05,MDCEB22F,measured,hold_baseline,0.5,,1,1,1.0197723584129048,0.021500645261663974,1.7697723584129048,1.4697723584129048,3.0051250507524068,0.0,0.1158350617377763,-1.6626363546486873,1.6666665561315106,1,0,0,0,ad4b715165e84dd399d377549dc111fb1309cda1260e23e9ee621d07fad63984,6ba3dffa4798388fb8057a608cfa40a0e24aeba9257d245b2d5103a1844d1115
4,6.0795005620020675,2.909036773002299,APPROACH,,KFB_TIMING,kfb_timing,0.002610575632190665,-0.0027801376334126125,0.005160464419097257,1,-28.28571428571429,0,0.30913929347105906,-0.0005918331519422391,0.4000040481270025,0.3035408234097988,-0.0009699298923042327,0.4276970808133655,0.3182935500693125,0.8325191612390881,-3.927510830168586,-0.5794126576285485,1.0527975754075762,0.3437173879675697,4.027373866297677,200.0,13.0,1.2,0.5,0.3,3.0,IDLE,0.08,nan,0,0.05,20.0,0,unknown,unknown,nan,0,0.0,0,0.005181265001738211,1,0.0003505470012896694,1.4990997442509979e-05,0.0001892040017992258,8.640017767902464e-07,3.9480000850744545e-06,1.2100281310267746e-07,3.097300213994458e-05,8.940005500335246e-07,0.0006404949999705423,0.004359505000029458,0.004536814001767198,0,0,0,200.0,0.0,0,0.0,1.0197723584129048,0.021500645261663974,1.7697723584129048,,,,,unknown,unknown,nan,,nan,,1.0,0.0,0.0,nan,nan,0.0,0,,4910848851,F04_M01_05,MDCEB22F,measured,hold_baseline,0.5,,1,1,1.0197723584129048,0.021500645261663974,1.7697723584129048,1.4697723584129048,3.007601507884772,0.0,0.11625958061954406,-1.663755415084293,1.6678124508793368,1,0,0,0,ad4b715165e84dd399d377549dc111fb1309cda1260e23e9ee621d07fad63984,6ba3dffa4798388fb8057a608cfa40a0e24aeba9257d245b2d5103a1844d1115
4,6.0846146200019575,2.914150831002189,APPROACH,,KFB_TIMING,kfb_timing,0.002616384831791746,-0.0027918633761158046,0.005167284282773372,1,-28.28571428571429,0,0.3091218658722558,-0.0005566559238326628,0.4000245077180309,0.3035409228313452,-0.0009709288545926582,0.42769712634431,0.3177646488743354,0.8415715044794989,-3.928492371011078,-0.5848734063570424,1.0529467830312969,0.34709825631268043,4.030169882066804,200.0,13.0,1.2,0.5,0.3,3.0,IDLE,0.08,nan,0,0.05,20.0,0,unknown,unknown,nan,0,0.0,0,0.005114057999890065,1,0.0002805170006467961,2.276899977005087e-05,0.00035020100040128455,2.9099974199198186e-06,6.195001333253458e-06,1.3399767340160906e-07,4.2046998714795336e-05,1.6560006770305336e-06,0.0008047039991652127,0.004195296000834787,0.004307756000343943,0,0,0,200.0,0.0,0,0.0,1.0197723584129048,0.021500645261663974,1.7697723584129048,,,,,unknown,unknown,nan,,nan,,1.0,0.0,0.0,nan,nan,0.0,0,,4915757880,F04_M01_05,MDCEB22F,measured,hold_baseline,0.5,,1,1,1.0197723584129048,0.021500645261663974,1.7697723584129048,1.4697723584129048,3.0103975236538996,0.0,0.12078575223974947,-1.664246185505539,1.66862355368545,1,0,0,0,ad4b715165e84dd399d377549dc111fb1309cda1260e23e9ee621d07fad63984,6ba3dffa4798388fb8057a608cfa40a0e24aeba9257d245b2d5103a1844d1115
4,6.089773284002149,2.9193094950023806,APPROACH,,KFB_TIMING,kfb_timing,0.002624602624827277,-0.0028152934370174344,0.0051873253673889366,1,-28.28571428571429,0,0.30909721249314925,-0.0004863657411277736,0.4000846309718776,0.30354053633663186,-0.0009692509582599988,0.4276963631590635,0.32015439565695625,0.8520578437085723,-3.9301529180246026,-0.5911520409692423,1.055066465863823,0.350538088549578,4.034179391789745,200.0,13.0,1.2,0.5,0.3,3.0,IDLE,0.08,nan,0,0.05,20.0,0,unknown,unknown,nan,0,0.0,0,0.005158664000191493,1,0.00029296499997144565,1.2204000086057931e-05,0.0001996159990085289,7.550006557721645e-07,3.886998456437141e-06,1.1699739843606949e-07,2.0034000044688582e-05,8.700008038431406e-07,0.0005775529971288051,0.004422447002871195,0.004576920000545215,0,0,0,200.0,0.0,0,0.0,1.0197723584129048,0.021500645261663974,1.7697723584129048,,,,,unknown,unknown,nan,,nan,,1.0,0.0,0.0,nan,nan,0.0,0,,4921025973,F04_M01_05,MDCEB22F,measured,hold_baseline,0.5,,1,1,1.0197723584129048,0.021500645261663974,1.7697723584129048,1.4697723584129048,3.01440703337684,0.0,0.12602892185428616,-1.6650764590123013,1.6698391849219187,1,0,0,0,ad4b715165e84dd399d377549dc111fb1309cda1260e23e9ee621d07fad63984,6ba3dffa4798388fb8057a608cfa40a0e24aeba9257d245b2d5103a1844d1115
4,6.094884571000875,2.924420782001107,APPROACH,,KFB_TIMING,kfb_timing,0.002639352424059882,-0.002833058693466673,0.005204313603150587,1,-28.28571428571429,0,0.30905296309545144,-0.00043306997178005823,0.4001355956791625,0.30353974931166894,-0.0009705099882799098,0.4276963209397628,0.3182857343562106,0.8577761079106991,-3.928052014332737,-0.5946083962995622,1.0533811278146454,0.3519132844828061,4.033197030557839,200.0,13.0,1.2,0.5,0.3,3.0,IDLE,0.08,nan,0,0.05,20.0,0,unknown,unknown,nan,0,0.0,0,0.0051112869987264276,1,0.00040433300091535784,1.9140999938827008e-05,0.0001625459990464151,1.1740012269001454e-06,5.1679999160114676e-06,1.2400050763972104e-07,3.4496999433031306e-05,4.5579981815535575e-06,0.0007047090002743062,0.004295290999725694,0.00440033199993195,0,0,0,200.0,0.0,0,0.0,1.0197723584129048,0.021500645261663974,1.7697723584129048,,,,,unknown,unknown,nan,,nan,,1.0,0.0,0.0,nan,nan,0.0,0,,4926352603,F04_M01_05,MDCEB22F,measured,hold_baseline,0.5,,1,1,1.0197723584129048,0.021500645261663974,1.7697723584129048,1.4697723584129048,3.0134246721449345,0.0,0.12888805395534958,-1.6640260071663684,1.669010090735956,1,0,0,0,ad4b715165e84dd399d377549dc111fb1309cda1260e23e9ee621d07fad63984,6ba3dffa4798388fb8057a608cfa40a0e24aeba9257d245b2d5103a1844d1115
4,6.100044941002125,2.9295811520023562,APPROACH,,KFB_TIMING,kfb_timing,0.0026480554311542615,-0.0028506578976964705,0.00521454947432199,1,-28.28571428571429,0,0.3090268540741683,-0.00038027235909066526,0.4001663032926767,0.3035398409660332,-0.0009708141666553011,0.4276966112810861,0.3189116837739488,0.8639794263752807,-3.92491247000709,-0.5983891531396277,1.0530968497551405,0.3534132642554494,4.031513736608676,200.0,13.0,1.2,0.5,0.3,3.0,IDLE,0.08,nan,0,0.05,20.0,0,unknown,unknown,nan,0,0.0,0,0.005160370001249248,1,0.00035839100019074976,3.0036997486604378e-05,0.00038145200232975185,1.938999048434198e-06,7.163002010202035e-06,1.2300006346777081e-07,3.7122001231182367e-05,1.5750010788906366e-06,0.0009197020008286927,0.004080297999171307,0.004237385997839738,0,0,0,200.0,0.0,0,0.0,1.0197723584129048,0.021500645261663974,1.7697723584129048,,,,,unknown,unknown,nan,,nan,,1.0,0.0,0.0,nan,nan,0.0,0,,4931339495,F04_M01_05,MDCEB22F,measured,hold_baseline,0.5,,1,1,1.0197723584129048,0.021500645261663974,1.7697723584129048,1.4697723584129048,3.011741378195771,0.0,0.13198971318764036,-1.662456235003545,1.6676876259328417,1,0,0,0,ad4b715165e84dd399d377549dc111fb1309cda1260e23e9ee621d07fad63984,6ba3dffa4798388fb8057a608cfa40a0e24aeba9257d245b2d5103a1844d1115
4,6.105234419999761,2.934770630999992,APPROACH,,KFB_TIMING,kfb_timing,0.002666195703606211,-0.0028684583547118185,0.005225144272327169,1,-28.28571428571429,0,0.30897243325681245,-0.0003268709880446213,0.40019808768669224,0.30353949383624607,-0.0009700075265455304,0.42769551668934347,0.3186193526974336,0.8671600895758698,-3.9237249603882396,-0.6002964853696302,1.0529483196550058,0.3542214999542721,4.031017548664388,200.0,13.0,1.2,0.5,0.3,3.0,IDLE,0.08,nan,0,0.05,20.0,0,unknown,unknown,nan,0,0.0,0,0.005189478997635888,1,0.00020463400142034516,1.994700141949579e-05,0.000388849999580998,1.4830002328380942e-06,5.778001650469378e-06,1.2500095181167126e-07,3.144599759252742e-05,1.368000084767118e-06,0.0007402989976981189,0.004259701002301881,0.004445820999535499,0,0,0,200.0,0.0,0,0.0,1.0197723584129048,0.021500645261663974,1.7697723584129048,,,,,unknown,unknown,nan,,nan,,1.0,0.0,0.0,nan,nan,0.0,0,,4936614867,F04_M01_05,MDCEB22F,measured,hold_baseline,0.5,,1,1,1.0197723584129048,0.021500645261663974,1.7697723584129048,1.4697723584129048,3.011245190251483,0.0,0.1335800447879349,-1.6618624801941198,1.667222400114183,1,0,0,0,ad4b715165e84dd399d377549dc111fb1309cda1260e23e9ee621d07fad63984,6ba3dffa4798388fb8057a608cfa40a0e24aeba9257d245b2d5103a1844d1115
4,6.11034689400185,2.9398831050020817,APPROACH,,KFB_TIMING,kfb_timing,0.002683831706245171,-0.0028921079949760847,0.005245555780607679,1,-28.28571428571429,0,0.30891952524889554,-0.0002559220672518226,0.40025932221153376,0.30354066893878806,-0.000969354855471654,0.42769762972524206,0.3260531492686903,0.8684200852434865,-3.924446480382338,-0.6009831985801268,1.0583507066356772,0.3547797035178134,4.032585309449467,200.0,13.0,1.2,0.5,0.3,3.0,IDLE,0.08,nan,0,0.05,20.0,0,unknown,unknown,nan,0,0.0,0,0.005112474002089584,1,0.0002778389971354045,1.9580998923629522e-05,0.0004028060029668268,1.3079989003017545e-06,5.81399945076555e-06,1.1600059224292636e-07,3.3537999115651473e-05,1.3280005077831447e-06,0.0008283960014523473,0.004171603998547653,0.004280414003005717,0,0,0,200.0,0.0,0,0.0,1.0197723584129048,0.021500645261663974,1.7697723584129048,,,,,unknown,unknown,nan,,nan,,1.0,0.0,0.0,nan,nan,0.0,0,,4941899794,F04_M01_05,MDCEB22F,measured,hold_baseline,0.5,,1,1,1.0197723584129048,0.021500645261663974,1.7697723584129048,1.4697723584129048,3.012812951036562,0.0,0.13421004262174324,-1.662223240191169,1.6676325841659962,1,0,0,0,ad4b715165e84dd399d377549dc111fb1309cda1260e23e9ee621d07fad63984,6ba3dffa4798388fb8057a608cfa40a0e24aeba9257d245b2d5103a1844d1115
4,6.115437268999813,2.944973480000044,APPROACH,,KFB_TIMING,kfb_timing,0.0026985639146317186,-0.002909894266656058,0.0052625577264023725,1,-28.28571428571429,0,0.3088753286237359,-0.00020256325221190263,0.40031032804891786,0.3035394470660857,-0.0009703802082622901,0.42769567879780007,0.32669297891726057,0.8702733557331346,-3.921262507572267,-0.6020139451117963,1.0583294691216971,0.3556752527644555,4.029938420058647,200.0,13.0,1.2,0.5,0.3,3.0,IDLE,0.08,nan,0,0.05,20.0,0,unknown,unknown,nan,0,0.0,0,0.005090374997962499,1,0.00038435999886132777,2.141599907190539e-05,0.00046423800085904077,1.3210010365583003e-06,5.756999598816037e-06,1.1799784260801971e-07,3.109799945377745e-05,1.3079989003017545e-06,0.0009983370000554714,0.004001662999944529,0.004088722002052236,0,0,0,200.0,0.0,0,0.0,1.0197723584129048,0.021500645261663974,1.7697723584129048,,,,,unknown,unknown,nan,,nan,,1.0,0.0,0.0,nan,nan,0.0,0,,4946859114,F04_M01_05,MDCEB22F,measured,hold_baseline,0.5,,1,1,1.0197723584129048,0.021500645261663974,1.7697723584129048,1.4697723584129048,3.010166061645742,0.0,0.1351366778665673,-1.6606312537861334,1.6661206687260433,1,0,0,0,ad4b715165e84dd399d377549dc111fb1309cda1260e23e9ee621d07fad63984,6ba3dffa4798388fb8057a608cfa40a0e24aeba9257d245b2d5103a1844d1115
4,6.120610500001931,2.950146711002162,APPROACH,,KFB_TIMING,kfb_timing,0.002707252382127018,-0.0029275100064383858,0.005272802916962904,1,-28.28571428571429,0,0.30884926322125,-0.00014971603286491938,0.40034106362059946,0.3035398790994235,-0.0009696552260803123,0.42769419929973246,0.3279973955039422,0.868442834108547,-3.918757898286185,-0.6008240651670527,1.0588923295856187,0.3553499410364169,4.027212275625933,200.0,13.0,1.2,0.5,0.3,3.0,IDLE,0.08,nan,0,0.05,20.0,0,unknown,unknown,nan,0,0.0,0,0.005173231002117973,1,0.00029386899768724106,1.878400144050829e-05,0.00043032599933212623,1.1749980330932885e-06,5.8539990277495235e-06,1.3299722922965884e-07,3.0891002097632736e-05,1.3369972293730825e-06,0.0008670290008012671,0.004132970999198733,0.004293836002034368,0,0,0,200.0,0.0,0,0.0,1.0197723584129048,0.021500645261663974,1.7697723584129048,,,,,unknown,unknown,nan,,nan,,1.0,0.0,0.0,nan,nan,0.0,0,,4952089944,F04_M01_05,MDCEB22F,measured,hold_baseline,0.5,,1,1,1.0197723584129048,0.021500645261663974,1.7697723584129048,1.4697723584129048,3.0074399172130284,0.0,0.13422141705427348,-1.6593789491430924,1.6647984519620658,1,0,0,0,ad4b715165e84dd399d377549dc111fb1309cda1260e23e9ee621d07fad63984,6ba3dffa4798388fb8057a608cfa40a0e24aeba9257d245b2d5103a1844d1115
4,6.12581807099923,2.955354281999462,APPROACH,,KFB_TIMING,kfb_timing,0.002725377850407912,-0.0029453321190028386,0.005283410646522122,1,-28.28571428571429,0,0.3087948868164073,-9.624969517156102e-05,0.40037288680927713,0.3035405660927345,-0.0009699673192264573,0.4276951917705921,0.3294443677683955,0.8706786148140017,-3.9176020152365036,-0.6019790178260097,1.059869589525078,0.35596091551659187,4.02668851434201,200.0,13.0,1.2,0.5,0.3,3.0,IDLE,0.08,nan,0,0.05,20.0,0,unknown,unknown,nan,0,0.0,0,0.0052075709972996265,1,0.00038243699964368716,1.957800122909248e-05,0.0004142840007261839,1.1019983503501862e-06,4.857000021729618e-06,1.2899909052066505e-07,3.329800165374763e-05,1.3069984561298043e-06,0.0009271889975934755,0.004072811002406525,0.00427264699828811,0,0,0,200.0,0.0,0,0.0,1.0197723584129048,0.021500645261663974,1.7697723584129048,,,,,unknown,unknown,nan,,nan,,1.0,0.0,0.0,nan,nan,0.0,0,,4957413207,F04_M01_05,MDCEB22F,measured,hold_baseline,0.5,,1,1,1.0197723584129048,0.021500645261663974,1.7697723584129048,1.4697723584129048,3.006916155929105,0.0,0.13533930740700084,-1.6588010076182518,1.6643129246042447,1,0,0,0,ad4b715165e84dd399d377549dc111fb1309cda1260e23e9ee621d07fad63984,6ba3dffa4798388fb8057a608cfa40a0e24aeba9257d245b2d5103a1844d1115
4,6.130966549000732,2.9605027600009635,APPROACH,,KFB_TIMING,kfb_timing,0.002737712369392381,-0.0029514098198470495,0.0052871879032379025,1,-28.28571428571429,0,0.3087578832594539,-7.801659263892815e-05,0.40038421857942447,0.30354015096568904,-0.0009706020268726969,0.42769495618001463,0.3329626339196282,0.8734622564840628,-3.9158079121820792,-0.6033136834893144,1.0618744231138886,0.35654626671471695,4.025835569691925,200.0,13.0,1.2,0.5,0.3,3.0,IDLE,0.08,nan,0,0.05,20.0,0,unknown,unknown,nan,0,0.0,0,0.005148478001501644,1,0.00042271400161553174,3.173600271111354e-05,0.0004374960008135531,2.540000423323363e-06,7.137998181860894e-06,1.309999788645655e-07,4.0509003156330436e-05,5.365000106394291e-06,0.0010536200024944264,0.003946379997505574,0.004091414997674292,0,0,0,200.0,0.0,0,0.0,1.0197723584129048,0.021500645261663974,1.7697723584129048,,,,,unknown,unknown,nan,,nan,,1.0,0.0,0.0,nan,nan,0.0,0,,4962395927,F04_M01_05,MDCEB22F,measured,hold_baseline,0.5,,1,1,1.0197723584129048,0.021500645261663974,1.7697723584129048,1.4697723584129048,3.0060632112790198,0.0,0.13673112824203143,-1.6579039560910396,1.663532665460062,1,0,0,0,ad4b715165e84dd399d377549dc111fb1309cda1260e23e9ee621d07fad63984,6ba3dffa4798388fb8057a608cfa40a0e24aeba9257d245b2d5103a1844d1115
4,6.136135015000036,2.965671226000268,APPROACH,,KFB_TIMING,kfb_timing,0.0027531968757270597,-0.0029690886690440146,0.0052846357537454395,1,-28.28571428571429,0,0.30871142974044985,-2.498004504803298e-05,0.4003765621309471,0.30353946635589985,-0.0009697793455458693,0.42769610286471277,0.328741601262219,0.8742582926620807,-3.9091165274004624,-0.6032497941344936,1.0575798227378044,0.356482420441952,4.019152973884462,200.0,13.0,1.2,0.5,0.3,3.0,IDLE,0.08,nan,0,0.05,20.0,0,unknown,unknown,nan,0,0.0,0,0.005168465999304317,1,0.0002893720011343248,1.9716997485375032e-05,0.00044073900062358007,1.4899997040629387e-06,5.71200143895112e-06,1.4599936548620462e-07,3.1011000828584656e-05,1.2889977369923145e-06,0.0008747190004214644,0.004125280999578536,0.004290467000828357,0,0,0,200.0,0.0,0,0.0,1.0197723584129048,0.021500645261663974,1.7697723584129048,,,,,unknown,unknown,nan,,nan,,1.0,0.0,0.0,nan,nan,0.0,0,,4967310418,F04_M01_05,MDCEB22F,measured,hold_baseline,0.5,,1,1,1.0197723584129048,0.021500645261663974,1.7697723584129048,1.4697723584129048,2.999380615471557,0.0,0.13712914633104034,-1.6545582637002312,1.6602311437725181,1,0,0,0,ad4b715165e84dd399d377549dc111fb1309cda1260e23e9ee621d07fad63984,6ba3dffa4798388fb8057a608cfa40a0e24aeba9257d245b2d5103a1844d1115
4,6.141324064999935,2.9708602760001668,APPROACH,,KFB_TIMING,kfb_timing,0.002766038327746162,-0.0029693202840670005,0.0052785941686849065,1,-28.28571428571429,0,0.3086729053843925,-2.4285199979075158e-05,0.4003584373757655,0.3035404036596304,-0.0009693924973380149,0.42769540716232857,0.32910828231100187,0.8744888375319755,-3.906965044003564,-0.6025962013654023,1.0575903714563966,0.3566540603614355,4.017140630289099,200.0,13.0,1.2,0.5,0.3,3.0,IDLE,0.08,nan,0,0.05,20.0,0,unknown,unknown,nan,0,0.0,0,0.005189049999898998,1,0.0003344649994687643,1.8688002455746755e-05,0.0001450080017093569,1.233998773386702e-06,5.622998287435621e-06,1.3500175555236638e-07,3.445000038482249e-05,1.2750024325214326e-06,0.0006241670016606804,0.00437583299833932,0.004555512998194899,0,0,0,200.0,0.0,0,0.0,1.0197723584129048,0.021500645261663974,1.7697723584129048,,,,,unknown,unknown,nan,,nan,,1.0,0.0,0.0,nan,nan,0.0,0,,4972802935,F04_M01_05,MDCEB22F,measured,hold_baseline,0.5,,1,1,1.0197723584129048,0.021500645261663974,1.7697723584129048,1.4697723584129048,2.997368271876194,0.0,0.13724441876598775,-1.653482522001782,1.659168611397825,1,0,0,0,ad4b715165e84dd399d377549dc111fb1309cda1260e23e9ee621d07fad63984,6ba3dffa4798388fb8057a608cfa40a0e24aeba9257d245b2d5103a1844d1115
4,6.146546238000155,2.976082449000387,APPROACH,,KFB_TIMING,kfb_timing,0.00277573387697741,-0.0029752502252690417,0.005269205556015261,1,-28.28571428571429,0,0.30864381873669877,-6.495376372951493e-06,0.4003302715377565,0.30354054840610356,-0.0009704106823375715,0.4276959502520642,0.32733845255226796,0.8749414227933012,-3.905288600313269,-0.6019184412996976,1.0563472034765131,0.35729945309474737,4.015464108615049,200.0,13.0,1.2,0.5,0.3,3.0,IDLE,0.08,nan,0,0.05,20.0,0,unknown,unknown,nan,0,0.0,0,0.005222173000220209,1,0.00041508199865347706,1.9287999748485163e-05,0.00037869699735892937,1.2129967217333615e-06,5.309000698616728e-06,1.2400050763972104e-07,2.885100184357725e-05,1.329997758148238e-06,0.0009222910011885688,0.004077708998811431,0.004296270999475382,0,0,0,200.0,0.0,0,0.0,1.0197723584129048,0.021500645261663974,1.7697723584129048,,,,,unknown,unknown,nan,,nan,,1.0,0.0,0.0,nan,nan,0.0,0,,4978168780,F04_M01_05,MDCEB22F,measured,hold_baseline,0.5,,1,1,1.0197723584129048,0.021500645261663974,1.7697723584129048,1.4697723584129048,2.9956917502021443,0.0,0.13747071139665062,-1.6526443001566344,1.6583520070636733,1,0,0,0,ad4b715165e84dd399d377549dc111fb1309cda1260e23e9ee621d07fad63984,6ba3dffa4798388fb8057a608cfa40a0e24aeba9257d245b2d5103a1844d1115
4,6.151781112999743,2.981317323999974,APPROACH,,KFB_TIMING,kfb_timing,0.002791975150083642,-0.002975508991479494,0.005256756645866735,1,-28.28571428571429,0,0.3085950949173801,-5.7190777415947955e-06,0.40029292480731093,0.30353974818240237,-0.0009693870609097802,0.4276961115730076,0.32596087258248113,0.8758123450953879,-3.9036517749874373,-0.6014819968960291,1.0552163896501168,0.35816901156437947,4.013950041373059,200.0,13.0,1.2,0.5,0.3,3.0,IDLE,0.08,nan,0,0.05,20.0,0,unknown,unknown,nan,0,0.0,0,0.005234874999587191,1,0.0004890769996563904,1.8541999452281743e-05,0.00043694799751392566,1.2950004020240158e-06,5.8490004448685795e-06,1.1500014807097614e-07,4.1194998630089685e-05,1.3220014807302505e-06,0.0010780480006360449,0.003921951999363955,0.004153506000875495,0,0,0,200.0,0.0,0,0.0,1.0197723584129048,0.021500645261663974,1.7697723584129048,,,,,unknown,unknown,nan,,nan,,1.0,0.0,0.0,nan,nan,0.0,0,,4983024864,F04_M01_05,MDCEB22F,measured,hold_baseline,0.5,,1,1,1.0197723584129048,0.021500645261663974,1.7697723584129048,1.4697723584129048,2.9941776829601543,0.0,0.13790617254769394,-1.6518258874937186,1.657572585144061,1,0,0,0,ad4b715165e84dd399d377549dc111fb1309cda1260e23e9ee621d07fad63984,6ba3dffa4798388fb8057a608cfa40a0e24aeba9257d245b2d5103a1844d1115
4,6.156931661000272,2.986467872000503,APPROACH,,KFB_TIMING,kfb_timing,0.002799279876009475,-0.0029697122343467813,0.0052341234074682955,1,-28.28571428571429,0,0.3085731807396026,-2.310934913973264e-05,0.4002250250921156,0.30353948255845814,-0.0009700388594172105,0.42769602998908524,0.3247608398499142,0.8775642439221039,-3.904245489306809,-0.6017159126416307,1.0548315137183228,0.35901425129951964,4.0148127535519205,200.0,13.0,1.2,0.5,0.3,3.0,IDLE,0.08,nan,0,0.05,20.0,0,unknown,unknown,nan,0,0.0,0,0.005150548000528943,1,0.0003953039995394647,1.858999894466251e-05,0.00016986300033750013,1.0260009730700403e-06,4.912002623314038e-06,1.4300167094916105e-07,2.812400271068327e-05,1.2920027074869722e-06,0.000686376999510685,0.004313623000489315,0.00445970099826809,0,0,0,200.0,0.0,0,0.0,1.0197723584129048,0.021500645261663974,1.7697723584129048,,,,,unknown,unknown,nan,,nan,,1.0,0.0,0.0,nan,nan,0.0,0,,4988322563,F04_M01_05,MDCEB22F,measured,hold_baseline,0.5,,1,1,1.0197723584129048,0.021500645261663974,1.7697723584129048,1.4697723584129048,2.9950403951390157,0.0,0.13878212196105194,-1.6521227446534044,1.6579415070433305,1,0,0,0,ad4b715165e84dd399d377549dc111fb1309cda1260e23e9ee621d07fad63984,6ba3dffa4798388fb8057a608cfa40a0e24aeba9257d245b2d5103a1844d1115
4,6.162122935002117,2.9916591460023483,APPROACH,,KFB_TIMING,kfb_timing,0.002809727430445136,-0.002958216235738155,0.0052148323662454315,1,-28.28571428571429,0,0.30854183807629565,-5.759734496561114e-05,0.400167151968447,0.3035386371332469,-0.0009703050074916265,0.4276932548052704,0.3231126106916651,0.8787255742059432,-3.9008830046406313,-0.6018139324493801,1.0530773642344338,0.35926497239023386,4.011664069914836,200.0,13.0,1.2,0.5,0.3,3.0,IDLE,0.08,nan,0,0.05,20.0,0,unknown,unknown,nan,0,0.0,0,0.005191274001845159,1,0.00033106200135080144,3.4512999263824895e-05,0.0003194150012859609,2.140001015504822e-06,7.665999874006957e-06,1.2799864634871483e-07,3.803500294452533e-05,1.6280027921311557e-06,0.0008431520000158343,0.004156847999984166,0.00434464099816978,0,0,0,200.0,0.0,0,0.0,1.0197723584129048,0.021500645261663974,1.7697723584129048,,,,,unknown,unknown,nan,,nan,,1.0,0.0,0.0,nan,nan,0.0,0,,4993689043,F04_M01_05,MDCEB22F,measured,hold_baseline,0.5,,1,1,1.0197723584129048,0.021500645261663974,1.7697723584129048,1.4697723584129048,2.9918917115019315,0.0,0.13936278710297162,-1.6504415023203156,1.6563149274852438,1,0,0,0,ad4b715165e84dd399d377549dc111fb1309cda1260e23e9ee621d07fad63984,6ba3dffa4798388fb8057a608cfa40a0e24aeba9257d245b2d5103a1844d1115
4,6.167288615000871,2.9968248260011023,APPROACH,,KFB_TIMING,kfb_timing,0.002813627227815224,-0.0029523927402503535,0.005198600323899134,1,-28.28571428571429,0,0.3085301386841854,-7.506783142901619e-05,0.4001184558414081,0.3035396105290414,-0.0009694411999478037,0.4276950412854875,0.3235611443230422,0.8802951684636204,-3.898587912772113,-0.6023641973100108,1.0530745219300202,0.35943763461562195,4.009812852409555,200.0,13.0,1.2,0.5,0.3,3.0,IDLE,0.08,nan,0,0.05,20.0,0,unknown,unknown,nan,0,0.0,0,0.005165679998754058,1,0.0003493980002531316,2.1624000510200858e-05,0.0005104429983475711,2.02999945031479e-06,5.848000000696629e-06,1.500011421740055e-07,3.4237000363646075e-05,3.831999492831528e-06,0.0010171719986828975,0.0039828280013171026,0.004145176000747597,0,0,0,200.0,0.0,0,0.0,1.0197723584129048,0.021500645261663974,1.7697723584129048,,,,,unknown,unknown,nan,,nan,,1.0,0.0,0.0,nan,nan,0.0,0,,4998888574,F04_M01_05,MDCEB22F,measured,hold_baseline,0.5,,1,1,1.0197723584129048,0.021500645261663974,1.7697723584129048,1.4697723584129048,2.99004049399665,0.0,0.14014758423181023,-1.6492939563860565,1.6552377170477912,1,0,0,0,ad4b715165e84dd399d377549dc111fb1309cda1260e23e9ee621d07fad63984,6ba3dffa4798388fb8057a608cfa40a0e24aeba9257d245b2d5103a1844d1115
4,6.172453618000873,3.0019898290011042,APPROACH,,KFB_TIMING,kfb_timing,0.0028180241317199983,-0.0029407196847847437,0.005172541398841579,1,-28.28571428571429,0,0.3085169479724711,-0.00011008699782584551,0.4000402790662354,0.30354026403065143,-0.0009702742336034492,0.42769544905442836,0.32325293949113765,0.8819175895243553,-3.899438729249006,-0.6029137523357405,1.0535002571411274,0.35973969066612094,4.010971640484287,200.0,13.0,1.2,0.5,0.3,3.0,IDLE,0.08,nan,0,0.05,20.0,0,unknown,unknown,nan,0,0.0,0,0.005165003000001889,1,0.0004539319998002611,2.060100086964667e-05,0.00044513499960885383,1.4049983292352408e-06,5.878999218111858e-06,1.3300086720846593e-07,3.130699769826606e-05,1.2920027074869722e-06,0.001045635999616934,0.003954364000383066,0.0041157979976560455,0,0,0,200.0,0.0,0,0.0,1.0197723584129048,0.021500645261663974,1.7697723584129048,,,,,unknown,unknown,nan,,nan,,1.0,0.0,0.0,nan,nan,0.0,0,,5003804581,F04_M01_05,MDCEB22F,measured,hold_baseline,0.5,,1,1,1.0197723584129048,0.021500645261663974,1.7697723584129048,1.4697723584129048,2.9911992820713817,0.0,0.14095879476217765,-1.649719364624503,1.6557304623150109,1,0,0,0,ad4b715165e84dd399d377549dc111fb1309cda1260e23e9ee621d07fad63984,6ba3dffa4798388fb8057a608cfa40a0e24aeba9257d245b2d5103a1844d1115
4,6.177716752001288,3.0072529630015197,APPROACH,,KFB_TIMING,kfb_timing,0.0028219182209197613,-0.0029348965797538827,0.005156306011450106,1,-28.28571428571429,0,0.3085052657048718,-0.0001275563129184286,0.399991572904061,0.3035396685923346,-0.0009707202237350786,0.42769542383143183,0.3197933911685858,0.8821065260049922,-3.8957579290492417,-0.6026790978044678,1.0506713111461135,0.3598001248177865,4.007157293893732,200.0,13.0,1.2,0.5,0.3,3.0,IDLE,0.08,nan,0,0.05,20.0,0,unknown,unknown,nan,0,0.0,0,0.005263134000415448,1,0.0003023830031452235,1.9397000869503245e-05,0.00035144700086675584,1.382002665195614e-06,5.707999662263319e-06,1.3300086720846593e-07,3.177899998263456e-05,3.77670003217645e-05,0.0008335860002262052,0.004166413999773795,0.0044262430019443855,0,0,0,200.0,0.0,0,0.0,1.0197723584129048,0.021500645261663974,1.7697723584129048,,,,,unknown,unknown,nan,,nan,,1.0,0.0,0.0,nan,nan,0.0,0,,5009168763,F04_M01_05,MDCEB22F,measured,hold_baseline,0.5,,1,1,1.0197723584129048,0.021500645261663974,1.7697723584129048,1.4697723584129048,2.987384935480827,0.0,0.1410532630024961,-1.6478789645246208,1.6539048052189667,1,0,0,0,ad4b715165e84dd399d377549dc111fb1309cda1260e23e9ee621d07fad63984,6ba3dffa4798388fb8057a608cfa40a0e24aeba9257d245b2d5103a1844d1115
4,6.182830099001876,3.0123663100021076,APPROACH,,KFB_TIMING,kfb_timing,0.002816369040102684,-0.002928871738423492,0.005139718655247767,1,-28.28571428571429,0,0.30852191324732303,-0.00014563083690960054,0.399941810835454,0.3035402018968663,-0.0009691796139211862,0.42769515146898796,0.3173197143801067,0.8829687546240351,-3.894152125578664,-0.6029617762152782,1.0491350989230117,0.360054250615587,4.005589394823866,200.0,13.0,1.2,0.5,0.3,3.0,IDLE,0.08,nan,0,0.05,20.0,0,unknown,unknown,nan,0,0.0,0,0.005113347000587964,1,0.00028840999948442914,1.8965998606290668e-05,0.00046697500147274695,1.2019991117995232e-06,5.791000148747116e-06,1.2799864634871483e-07,4.206300218356773e-05,1.3699973351322114e-06,0.0009083799996005837,0.004091620000399416,0.004200690000288887,0,0,0,200.0,0.0,0,0.0,1.0197723584129048,0.021500645261663974,1.7697723584129048,,,,,unknown,unknown,nan,,nan,,1.0,0.0,0.0,nan,nan,0.0,0,,5014024312,F04_M01_05,MDCEB22F,measured,hold_baseline,0.5,,1,1,1.0197723584129048,0.021500645261663974,1.7697723584129048,1.4697723584129048,2.985817036410961,0.0,0.14148437731201757,-1.647076062789332,1.6531416713751357,1,0,0,0,ad4b715165e84dd399d377549dc111fb1309cda1260e23e9ee621d07fad63984,6ba3dffa4798388fb8057a608cfa40a0e24aeba9257d245b2d5103a1844d1115
4,6.188114611999481,3.0176508229997125,APPROACH,,KFB_TIMING,kfb_timing,0.002814211479360451,-0.002922874035400664,0.005116721321285512,1,-28.28571428571429,0,0.30852838592954973,-0.00016362394597808482,0.39987281883356723,0.30353916887471727,-0.000969780552018502,0.42769579010068914,0.31916079999597785,0.8833204319106049,-3.8884784156514014,-0.6029737957621555,1.0491165326944616,0.36004112983235814,4.000297862743678,200.0,13.0,1.2,0.5,0.3,3.0,IDLE,0.08,nan,0,0.05,20.0,0,unknown,unknown,nan,0,0.0,0,0.0052845129976049066,1,0.0003808740002568811,1.8163998902309686e-05,0.00013573699834523723,1.0229996405541897e-06,4.920999344903976e-06,1.4200122677721083e-07,2.740800118772313e-05,1.3120006769895554e-06,0.0006360400002449751,0.004363959999755025,0.004643770997063257,0,0,0,200.0,0.0,0,0.0,1.0197723584129048,0.021500645261663974,1.7697723584129048,,,,,unknown,unknown,nan,,nan,,1.0,0.0,0.0,nan,nan,0.0,0,,5019632955,F04_M01_05,MDCEB22F,measured,hold_baseline,0.5,,1,1,1.0197723584129048,0.021500645261663974,1.7697723584129048,1.4697723584129048,2.9805255043307732,0.0,0.14166021595530248,-1.6442392078257007,1.6503303273392849,1,0,0,0,ad4b715165e84dd399d377549dc111fb1309cda1260e23e9ee621d07fad63984,6ba3dffa4798388fb8057a608cfa40a0e24aeba9257d245b2d5103a1844d1115
4,6.1932938989994,3.0228301099996315,APPROACH,,KFB_TIMING,kfb_timing,0.002811557215023741,-0.0029227250104386236,0.005103550309152797,1,-28.28571428571429,0,0.30853634872255986,-0.00016407102086420577,0.3998333057971691,0.3035395229165483,-0.0009713142412980475,0.427695850769343,0.31464529067834657,0.8832507131983551,-3.8758490192877084,-0.6029521993033585,1.042994672284639,0.35937495124707597,3.987648317194604,200.0,13.0,1.2,0.5,0.3,3.0,IDLE,0.08,nan,0,0.05,20.0,0,unknown,unknown,nan,0,0.0,0,0.005179286999918986,1,0.0003899969997291919,2.2273998183663934e-05,0.0004208060017845128,1.45800004247576e-06,5.923000571783632e-06,1.3500175555236638e-07,3.4599997889017686e-05,1.463002263335511e-06,0.0009672930027591065,0.004032706997240894,0.0042023089990834706,0,0,0,200.0,0.0,0,0.0,1.0197723584129048,0.021500645261663974,1.7697723584129048,,,,,unknown,unknown,nan,,nan,,1.0,0.0,0.0,nan,nan,0.0,0,,5024933991,F04_M01_05,MDCEB22F,measured,hold_baseline,0.5,,1,1,1.0197723584129048,0.021500645261663974,1.7697723584129048,1.4697723584129048,2.967875958781699,0.0,0.14162535659917758,-1.6379245096438542,1.6440360217841652,1,0,0,0,ad4b715165e84dd399d377549dc111fb1309cda1260e23e9ee621d07fad63984,6ba3dffa4798388fb8057a608cfa40a0e24aeba9257d245b2d5103a1844d1115
4,6.198461441999825,3.0279976530000567,APPROACH,,KFB_TIMING,kfb_timing,0.0028120497472314265,-0.0029168771391827864,0.005093723709840551,1,-28.28571428571429,0,0.3085348711259368,-0.00018161463463171748,0.39980382599923237,0.3035397788542666,-0.0009699026686214194,0.42769594398720623,0.3115364127469544,0.885122485638464,-3.873363170863694,-0.6041427271239144,1.040780570163749,0.3590870259863238,3.9854032423900727,200.0,13.0,1.2,0.5,0.3,3.0,IDLE,0.08,nan,0,0.05,20.0,0,unknown,unknown,nan,0,0.0,0,0.005167543000425212,1,0.000479481001093518,3.5105000279145315e-05,0.00041367000085301697,2.6669986255001277e-06,7.531998562626541e-06,1.539992808829993e-07,4.186799924355e-05,1.6160011000465602e-06,0.0010959060018649325,0.0039040939981350676,0.0040680490019440185,0,0,0,200.0,0.0,0,0.0,1.0197723584129048,0.021500645261663974,1.7697723584129048,,,,,unknown,unknown,nan,,nan,,1.0,0.0,0.0,nan,nan,0.0,0,,5029847206,F04_M01_05,MDCEB22F,measured,hold_baseline,0.5,,1,1,1.0197723584129048,0.021500645261663974,1.7697723584129048,1.4697723584129048,2.965630883977168,0.0,0.142561242819232,-1.636681585431847,1.6428786686928127,1,0,0,0,ad4b715165e84dd399d377549dc111fb1309cda1260e23e9ee621d07fad63984,6ba3dffa4798388fb8057a608cfa40a0e24aeba9257d245b2d5103a1844d1115
4,6.20365314800074,3.0331893590009713,APPROACH,,KFB_TIMING,kfb_timing,0.0028122940825144604,-0.0029226021783625615,0.005083967488214494,1,-28.28571428571429,0,0.3085341381200877,-0.00016443951709239207,0.3997745573343542,0.30353879616893703,-0.0009711212877462922,0.4276937797470916,0.3067637774216169,0.887242102201415,-3.8769541521434165,-0.6054883977079375,1.0393165261483037,0.35903529526257427,3.9889943671154566,200.0,13.0,1.2,0.5,0.3,3.0,IDLE,0.08,nan,0,0.05,20.0,0,unknown,unknown,nan,0,0.0,0,0.005191706000914564,1,0.00030867999885231256,2.0208000933052972e-05,0.00037281300319591537,1.658001565374434e-06,6.075999408494681e-06,1.5700061339884996e-07,3.229100184398703e-05,4.646000888897106e-06,0.0008356399994227104,0.00416436000057729,0.0043504069981281646,0,0,0,200.0,0.0,0,0.0,1.0197723584129048,0.021500645261663974,1.7697723584129048,,,,,unknown,unknown,nan,,nan,,1.0,0.0,0.0,nan,nan,0.0,0,,5035210851,F04_M01_05,MDCEB22F,measured,hold_baseline,0.5,,1,1,1.0197723584129048,0.021500645261663974,1.7697723584129048,1.4697723584129048,2.969222008702552,0.0,0.1436210511007075,-1.6384770760717082,1.6447595979752685,1,0,0,0,ad4b715165e84dd399d377549dc111fb1309cda1260e23e9ee621d07fad63984,6ba3dffa4798388fb8057a608cfa40a0e24aeba9257d245b2d5103a1844d1115
4,6.208717297002295,3.0382535080025264,APPROACH,,KFB_TIMING,kfb_timing,0.0028062448290914477,-0.002922426944939044,0.00507720871142012,1,-28.28571428571429,0,0.3085522858803567,-0.00016496521736294404,0.39975428100397103,0.30353949727764057,-0.0009703086158246148,0.42769435675939743,0.30542063943726117,0.8874544385339288,-3.8844251216149344,-0.6056687145131049,1.0412061717264245,0.3588822765650346,3.9962001542591725,200.0,13.0,1.2,0.5,0.3,3.0,IDLE,0.08,nan,0,0.05,20.0,0,unknown,unknown,nan,0,0.0,0,0.005064149001555052,1,0.00033599199741729535,2.6650999643607065e-05,0.0004962820021319203,1.968001015484333e-06,6.555001164088026e-06,1.490006980020553e-07,3.588099934859201e-05,1.434000296285376e-06,0.001007925999147119,0.003992074000852881,0.00405271899944637,0,0,0,200.0,0.0,0,0.0,1.0197723584129048,0.021500645261663974,1.7697723584129048,,,,,unknown,unknown,nan,,nan,,1.0,0.0,0.0,nan,nan,0.0,0,,5039771380,F04_M01_05,MDCEB22F,measured,hold_baseline,0.5,,1,1,1.0197723584129048,0.021500645261663974,1.7697723584129048,1.4697723584129048,2.9764277958462677,0.0,0.1437272192669644,-1.6422125608074671,1.6484900995856884,1,0,0,0,ad4b715165e84dd399d377549dc111fb1309cda1260e23e9ee621d07fad63984,6ba3dffa4798388fb8057a608cfa40a0e24aeba9257d245b2d5103a1844d1115
4,6.213874293000117,3.0434105040003487,APPROACH,,KFB_TIMING,kfb_timing,0.002803096108511899,-0.0029281251370504922,0.005073864885008673,1,-28.28571428571429,0,0.30856173204209536,-0.00014787064102860003,0.3997442495247367,0.30354010804346043,-0.0009702255612587052,0.4276944236324235,0.2997768203103445,0.8870396528085639,-3.8864007698431067,-0.6054422610404402,1.038702033673134,0.35898557443463913,3.9976013347365207,200.0,13.0,1.2,0.5,0.3,3.0,IDLE,0.08,nan,0,0.05,20.0,0,unknown,unknown,nan,0,0.0,0,0.005156995997822378,1,0.00024432999998680316,1.945700205396861e-05,0.00012598700050148182,1.1900010576937348e-06,5.491001502377912e-06,1.2600139598362148e-07,3.0045997846173123e-05,1.3360004231799394e-06,0.000498554996738676,0.004501445003261324,0.004654792999644997,0,0,0,200.0,0.0,0,0.0,1.0197723584129048,0.021500645261663974,1.7697723584129048,,,,,unknown,unknown,nan,,nan,,1.0,0.0,0.0,nan,nan,0.0,0,,5045028957,F04_M01_05,MDCEB22F,measured,hold_baseline,0.5,,1,1,1.0197723584129048,0.021500645261663974,1.7697723584129048,1.4697723584129048,2.977828976323616,0.0,0.14351982640428196,-1.6432003849215533,1.6494561059868964,1,0,0,0,ad4b715165e84dd399d377549dc111fb1309cda1260e23e9ee621d07fad63984,6ba3dffa4798388fb8057a608cfa40a0e24aeba9257d245b2d5103a1844d1115
4,6.219038381001155,3.048574592001387,APPROACH,,KFB_TIMING,kfb_timing,0.002803096108511899,-0.0029281251370504922,0.005073864885008673,1,-28.28571428571429,0,0.30856173204209536,-0.00014787064102860003,0.3997442495247367,0.30353951927420264,-0.0009705569387831051,0.42769281450091656,0.30023482008912666,0.8872719065077954,-3.8912039343069837,-0.6055881007169619,1.0408988221770525,0.3595563748133132,4.002356860855623,200.0,13.0,1.2,0.5,0.3,3.0,IDLE,0.08,nan,0,0.05,20.0,0,unknown,unknown,nan,0,0.0,0,0.005164088001038181,1,0.00033420699764974415,2.0030998712172732e-05,0.00013534200115827844,1.1509982869029045e-06,5.41600093129091e-06,1.400003384333104e-07,2.8523998480523005e-05,1.3309982023201883e-06,0.0005976200009172317,0.0044023799990827684,0.004563438997138292,0,0,0,200.0,0.0,0,0.0,1.0197723584129048,0.021500645261663974,1.7697723584129048,,,,,unknown,unknown,nan,,nan,,1.0,0.0,0.0,nan,nan,0.0,0,,5050028569,F04_M01_05,MDCEB22F,measured,hold_baseline,0.5,,1,1,1.0197723584129048,0.021500645261663974,1.7697723584129048,1.4697723584129048,2.982584502442718,0.0,0.14363595325389772,-1.6456019671534918,1.651858686863558,1,0,0,0,ad4b715165e84dd399d377549dc111fb1309cda1260e23e9ee621d07fad63984,6ba3dffa4798388fb8057a608cfa40a0e24aeba9257d245b2d5103a1844d1115
4,6.224213036999572,3.0537492479998036,APPROACH,,KFB_TIMING,kfb_timing,0.002802604551350424,-0.002933972601498101,0.005083691456529858,1,-28.28571428571429,0,0.3085632067135798,-0.0001303282476857741,0.39977372923930027,0.30353889368402615,-0.0009696195858722471,0.4276924874038136,0.29995278586424534,0.8863336479049562,-3.8932810871668897,-0.6049531362418868,1.0418758621284352,0.3595812738019355,4.004147428960081,200.0,13.0,1.2,0.5,0.3,3.0,IDLE,0.08,nan,0,0.05,20.0,0,unknown,unknown,nan,0,0.0,0,0.005174655998416711,1,0.00016149899965967052,2.083999788737856e-05,0.00015240500215440989,9.879986464511603e-07,4.565998096950352e-06,1.3799945008940995e-07,2.6051002350868657e-05,1.1649972293525934e-06,0.00043076400106656365,0.0045692359989334365,0.0047358259980683215,0,0,0,200.0,0.0,0,0.0,1.0197723584129048,0.021500645261663974,1.7697723584129048,,,,,unknown,unknown,nan,,nan,,1.0,0.0,0.0,nan,nan,0.0,0,,5055630304,F04_M01_05,MDCEB22F,measured,hold_baseline,0.5,,1,1,1.0197723584129048,0.021500645261663974,1.7697723584129048,1.4697723584129048,2.9843750705471765,0.0,0.1431668239524781,-1.6466405435834448,1.6528526308335605,1,0,0,0,ad4b715165e84dd399d377549dc111fb1309cda1260e23e9ee621d07fad63984,6ba3dffa4798388fb8057a608cfa40a0e24aeba9257d245b2d5103a1844d1115
4,6.229382404002536,3.058918615002767,APPROACH,,KFB_TIMING,kfb_timing,0.0028055045734479422,-0.00293984666014089,0.005087106332135813,1,-28.28571428571429,0,0.30855450664728723,-0.00011270607175740618,0.39978397386611814,0.30353852346314275,-0.0009706872382658173,0.42769317753654257,0.3016775926430157,0.8891658435972201,-3.8954287879168783,-0.6065772670910525,1.0441293558751126,0.3605308039383143,4.006992726354067,200.0,13.0,1.2,0.5,0.3,3.0,IDLE,0.08,nan,0,0.05,20.0,0,unknown,unknown,nan,0,0.0,0,0.005169367002963554,1,0.0002745260026131291,3.9860999095253646e-05,0.0003964369971072301,2.4719993234612048e-06,6.776001100661233e-06,1.4300167094916105e-07,4.144400008954108e-05,2.08600249607116e-06,0.0008734290022403002,0.0041265709977597,0.004292447996704141,0,0,0,200.0,0.0,0,0.0,1.0197723584129048,0.021500645261663974,1.7697723584129048,,,,,unknown,unknown,nan,,nan,,1.0,0.0,0.0,nan,nan,0.0,0,,5060807712,F04_M01_05,MDCEB22F,measured,hold_baseline,0.5,,1,1,1.0197723584129048,0.021500645261663974,1.7697723584129048,1.4697723584129048,2.987220367941162,0.0,0.14458292179861004,-1.647714393958439,1.6540456297616608,1,0,0,0,ad4b715165e84dd399d377549dc111fb1309cda1260e23e9ee621d07fad63984,6ba3dffa4798388fb8057a608cfa40a0e24aeba9257d245b2d5103a1844d1115
4,6.234495618002256,3.064031829002488,APPROACH,,KFB_TIMING,kfb_timing,0.002802112036160903,-0.0029398202976994026,0.005093517840726086,1,-28.28571428571429,0,0.30856468425914835,-0.000112785159081869,0.39980320839188893,0.30353818182678716,-0.0009682693654613347,0.42769186639993617,0.2982549643739598,0.8909310183746555,-3.8954285387619643,-0.6076570722243567,1.0424603547770646,0.3606999568637824,4.007128348815019,200.0,13.0,1.2,0.5,0.3,3.0,IDLE,0.08,nan,0,0.05,20.0,0,unknown,unknown,nan,0,0.0,0,0.005113213999720756,1,0.0003495050004858058,1.994600097532384e-05,0.0003886919985234272,1.0839976312126964e-06,5.333000444807112e-06,1.309999788645655e-07,2.8921996999997646e-05,1.3019998732488602e-06,0.0008685749999131076,0.0041314250000868925,0.00424104199919384,0,0,0,200.0,0.0,0,0.0,1.0197723584129048,0.021500645261663974,1.7697723584129048,,,,,unknown,unknown,nan,,nan,,1.0,0.0,0.0,nan,nan,0.0,0,,5065814758,F04_M01_05,MDCEB22F,measured,hold_baseline,0.5,,1,1,1.0197723584129048,0.021500645261663974,1.7697723584129048,1.4697723584129048,2.9873559904021145,0.0,0.14546550918732776,-1.647714269380982,1.654122887782172,1,0,0,0,ad4b715165e84dd399d377549dc111fb1309cda1260e23e9ee621d07fad63984,6ba3dffa4798388fb8057a608cfa40a0e24aeba9257d245b2d5103a1844d1115
4,6.239692966999428,3.0692291779996594,APPROACH,,KFB_TIMING,kfb_timing,0.002798225284849687,-0.002945641798004304,0.005109754744404762,1,-28.28571428571429,0,0.308576344513082,-9.532065816716517e-05,0.39985191910292495,0.3035388496048929,-0.0009696912387903251,0.42769361878216755,0.29423306534464194,0.8935974820103125,-3.893541516120237,-0.6092537582421085,1.0397712123900935,0.3610504842439255,4.005590480110161,200.0,13.0,1.2,0.5,0.3,3.0,IDLE,0.08,nan,0,0.05,20.0,0,unknown,unknown,nan,0,0.0,0,0.0051973489971715026,1,0.00026231799711240456,1.9308001355966553e-05,0.0003750059986487031,1.2609998520929366e-06,5.011999746784568e-06,1.539992808829993e-07,2.8505997761385515e-05,3.6380006349645555e-06,0.0007644759971299209,0.004235524002870079,0.004429538999829674,0,0,0,200.0,0.0,0,0.0,1.0197723584129048,0.021500645261663974,1.7697723584129048,,,,,unknown,unknown,nan,,nan,,1.0,0.0,0.0,nan,nan,0.0,0,,5071063151,F04_M01_05,MDCEB22F,measured,hold_baseline,0.5,,1,1,1.0197723584129048,0.021500645261663974,1.7697723584129048,1.4697723584129048,2.9858181216972564,0.0,0.14679874100515627,-1.6467707580601185,1.6533008800465196,1,0,0,0,ad4b715165e84dd399d377549dc111fb1309cda1260e23e9ee621d07fad63984,6ba3dffa4798388fb8057a608cfa40a0e24aeba9257d245b2d5103a1844d1115
4,6.2447926300010295,3.074328841001261,APPROACH,,KFB_TIMING,kfb_timing,0.002797730402039844,-0.0029514898997218967,0.005119580361691727,1,-28.28571428571429,0,0.30857782916151155,-7.77763530143867e-05,0.39988139595478583,0.3035384584373236,-0.0009692885035657789,0.42769236350061757,0.2907474708855087,0.8962218732869456,-3.8897146541508736,-0.6108274750828848,1.0367959940156164,0.3615560893165684,4.002202872006906,200.0,13.0,1.2,0.5,0.3,3.0,IDLE,0.08,nan,0,0.05,20.0,0,unknown,unknown,nan,0,0.0,0,0.005099663001601584,1,0.0003070580023631919,1.9218998204451054e-05,0.00038289100120891817,1.1859992810059339e-06,5.0390008254908025e-06,1.3399767340160906e-07,2.698699972825125e-05,1.3850003597326577e-06,0.0008117730030789971,0.004188226996921003,0.004281757999706315,0,0,0,200.0,0.0,0,0.0,1.0197723584129048,0.021500645261663974,1.7697723584129048,,,,,unknown,unknown,nan,,nan,,1.0,0.0,0.0,nan,nan,0.0,0,,5076360484,F04_M01_05,MDCEB22F,measured,hold_baseline,0.5,,1,1,1.0197723584129048,0.021500645261663974,1.7697723584129048,1.4697723584129048,2.9824305135940015,0.0,0.1481109366434728,-1.6448573270754367,1.6515121785766997,1,0,0,0,ad4b715165e84dd399d377549dc111fb1309cda1260e23e9ee621d07fad63984,6ba3dffa4798388fb8057a608cfa40a0e24aeba9257d245b2d5103a1844d1115
4,6.249893055999564,3.079429266999796,APPROACH,,KFB_TIMING,kfb_timing,0.0027972345612776173,-0.0029573382330383845,0.005129405791382963,1,-28.28571428571429,0,0.30857931668379823,-6.023135306492322e-05,0.3999108722438595,0.3035390841742356,-0.0009707528101858482,0.4276933763187627,0.2906791709275403,0.8946734398316707,-3.891480655004777,-0.6099166304160502,1.0376552147788907,0.36115208698330814,4.003567987761388,200.0,13.0,1.2,0.5,0.3,3.0,IDLE,0.08,nan,0,0.05,20.0,0,unknown,unknown,nan,0,0.0,0,0.005100425998534774,1,0.00042959699931088835,3.0020000849617645e-05,0.00039827300133765675,2.08600249607116e-06,7.56800000090152e-06,1.2799864634871483e-07,3.771800038521178e-05,1.4460019883699715e-06,0.0010194729984505102,0.00398052700154949,0.004077671001141425,0,0,0,200.0,0.0,0,0.0,1.0197723584129048,0.021500645261663974,1.7697723584129048,,,,,unknown,unknown,nan,,nan,,1.0,0.0,0.0,nan,nan,0.0,0,,5081029057,F04_M01_05,MDCEB22F,measured,hold_baseline,0.5,,1,1,1.0197723584129048,0.021500645261663974,1.7697723584129048,1.4697723584129048,2.983795629348483,0.0,0.14733671991583536,-1.6457403275023885,1.652322406373292,1,0,0,0,ad4b715165e84dd399d377549dc111fb1309cda1260e23e9ee621d07fad63984,6ba3dffa4798388fb8057a608cfa40a0e24aeba9257d245b2d5103a1844d1115
4,6.2550594189997355,3.084595629999967,APPROACH,,KFB_TIMING,kfb_timing,0.0027962400059220738,-0.002969035594291707,0.0051490560876638345,1,-28.28571428571429,0,0.3085823003498649,-2.5139269304955483e-05,0.39996982313270213,0.30353887078492825,-0.0009703590477237031,0.4276942175082873,0.28996611566813235,0.8955633585546822,-3.892030970991,-0.6105671530945159,1.037658133148668,0.36157993143095357,4.004250136614164,200.0,13.0,1.2,0.5,0.3,3.0,IDLE,0.08,nan,0,0.05,20.0,0,unknown,unknown,nan,0,0.0,0,0.005166363000171259,1,0.00029212799927336164,1.8877002730732784e-05,0.00016428399976575747,1.0549993021413684e-06,4.8080000851769e-06,1.3899989426136017e-07,3.145500159007497e-05,1.3039971236139536e-06,0.000581976000830764,0.004418023999169236,0.0045810919982614,0,0,0,200.0,0.0,0,0.0,1.0197723584129048,0.021500645261663974,1.7697723584129048,,,,,unknown,unknown,nan,,nan,,1.0,0.0,0.0,nan,nan,0.0,0,,5086605649,F04_M01_05,MDCEB22F,measured,hold_baseline,0.5,,1,1,1.0197723584129048,0.021500645261663974,1.7697723584129048,1.4697723584129048,2.9844777782012595,0.0,0.1477816792773411,-1.6460154854955,1.6526361980850528,1,0,0,0,ad4b715165e84dd399d377549dc111fb1309cda1260e23e9ee621d07fad63984,6ba3dffa4798388fb8057a608cfa40a0e24aeba9257d245b2d5103a1844d1115
4,6.2601538820017595,3.089690093001991,APPROACH,,KFB_TIMING,kfb_timing,0.00279574129134183,-0.00297488462214041,0.0051588809540963985,1,-28.28571428571429,0,0.3085837964936056,-7.592185758846515e-06,0.3999992977319998,0.30353837704947556,-0.0009696007200284008,0.4276903747794311,0.2876304364167387,0.8954552772057953,-3.8932796972647266,-0.6106434545264621,1.0367532902509067,0.36145545925602207,4.005271304488962,200.0,13.0,1.2,0.5,0.3,3.0,IDLE,0.08,nan,0,0.05,20.0,0,unknown,unknown,nan,0,0.0,0,0.005094463002023986,1,0.0004114360017410945,2.2682001144858077e-05,0.00041183400026056916,1.6639969544485211e-06,6.584999937331304e-06,1.2500095181167126e-07,3.29610011249315e-05,1.6090016288217157e-06,0.0009934879999491386,0.0040065120000508615,0.004091629001777619,0,0,0,200.0,0.0,0,0.0,1.0197723584129048,0.021500645261663974,1.7697723584129048,,,,,unknown,unknown,nan,,nan,,1.0,0.0,0.0,nan,nan,0.0,0,,5091578630,F04_M01_05,MDCEB22F,measured,hold_baseline,0.5,,1,1,1.0197723584129048,0.021500645261663974,1.7697723584129048,1.4697723584129048,2.985498946076057,0.0,0.14772763860289767,-1.6466398486323632,1.6532532311509935,1,0,0,0,ad4b715165e84dd399d377549dc111fb1309cda1260e23e9ee621d07fad63984,6ba3dffa4798388fb8057a608cfa40a0e24aeba9257d245b2d5103a1844d1115
4,6.2653154879990325,3.094851698999264,APPROACH,,KFB_TIMING,kfb_timing,0.0027983844299665495,-0.002992334337978236,0.005162369457358217,1,-28.28571428571429,0,0.30857586707773144,4.475696175463076e-05,0.4000097632417853,0.30353806264819916,-0.0009704631325395379,0.42769154570986495,0.28162827819011893,0.8956688676419087,-3.8900901962851706,-0.6108995223844534,1.0320447939916653,0.3611637077252469,4.001791966453687,200.0,13.0,1.2,0.5,0.3,3.0,IDLE,0.08,nan,0,0.05,20.0,0,unknown,unknown,nan,0,0.0,0,0.005161605997273,1,0.0003176379977958277,3.329700120957568e-05,0.0003842820005957037,2.291999408043921e-06,6.783997378079221e-06,1.410007826052606e-07,3.4823999158106744e-05,2.0170009520370513e-06,0.0008746729981794488,0.004125327001820551,0.004282718000467867,0,0,0,200.0,0.0,0,0.0,1.0197723584129048,0.021500645261663974,1.7697723584129048,,,,,unknown,unknown,nan,,nan,,1.0,0.0,0.0,nan,nan,0.0,0,,5096608012,F04_M01_05,MDCEB22F,measured,hold_baseline,0.5,,1,1,1.0197723584129048,0.021500645261663974,1.7697723584129048,1.4697723584129048,2.982019608040782,0.0,0.14783443382095435,-1.6450450981425853,1.6516744215329213,1,0,0,0,ad4b715165e84dd399d377549dc111fb1309cda1260e23e9ee621d07fad63984,6ba3dffa4798388fb8057a608cfa40a0e24aeba9257d245b2d5103a1844d1115
4,6.270428551000805,3.0999647620010364,APPROACH,,KFB_TIMING,kfb_timing,0.00279788374983303,-0.0029981841173914478,0.005172194472715083,1,-28.28571428571429,0,0.308577369118132,6.230629999426666e-05,0.40003923828785587,0.3035386528395635,-0.0009690796310815692,0.4276928912727872,0.27979003528176266,0.8924169870849739,-3.88979716637092,-0.609080684653326,1.0307713183161558,0.35955839168449566,4.000651514214657,200.0,13.0,1.2,0.5,0.3,3.0,IDLE,0.08,nan,0,0.05,20.0,0,unknown,unknown,nan,0,0.0,0,0.005113063001772389,1,0.00038395800220314413,2.011700053117238e-05,0.00020885900084977038,1.2210002751089633e-06,5.688998498953879e-06,1.2899909052066505e-07,3.889800063916482e-05,1.390999386785552e-06,0.0007458110012521502,0.00425418899874785,0.004363746000308311,0,0,0,200.0,0.0,0,0.0,1.0197723584129048,0.021500645261663974,1.7697723584129048,,,,,unknown,unknown,nan,,nan,,1.0,0.0,0.0,nan,nan,0.0,0,,5101798560,F04_M01_05,MDCEB22F,measured,hold_baseline,0.5,,1,1,1.0197723584129048,0.021500645261663974,1.7697723584129048,1.4697723584129048,2.9808791558017522,0.0,0.14620849354248694,-1.64489858318546,1.6513837447878361,1,0,0,0,ad4b715165e84dd399d377549dc111fb1309cda1260e23e9ee621d07fad63984,6ba3dffa4798388fb8057a608cfa40a0e24aeba9257d245b2d5103a1844d1115
4,6.275623755002016,3.1051599660022475,APPROACH,,KFB_TIMING,kfb_timing,0.0028007787085925495,-0.003004061115765335,0.0051756113280197035,1,-28.28571428571429,0,0.30856868424185346,7.99372951159282e-05,0.40004948885376973,0.3035382944551494,-0.0009680036368344136,0.4276903419308481,0.2795639791921562,0.8942466369430928,-3.8915735576176465,-0.6103596362790751,1.0311370359858971,0.3595086258274793,4.002771267571338,200.0,13.0,1.2,0.5,0.3,3.0,IDLE,0.08,nan,0,0.05,20.0,0,unknown,unknown,nan,0,0.0,0,0.005195204001211096,1,0.00033999799779849127,1.8714999896474183e-05,0.00034702000266406685,1.1410011211410165e-06,5.191999662201852e-06,1.4399847714230418e-07,3.5950997698819265e-05,4.350997187430039e-06,0.0008235790010076016,0.0041764209989923985,0.004367667999758851,0,0,0,200.0,0.0,0,0.0,1.0197723584129048,0.021500645261663974,1.7697723584129048,,,,,unknown,unknown,nan,,nan,,1.0,0.0,0.0,nan,nan,0.0,0,,5106781661,F04_M01_05,MDCEB22F,measured,hold_baseline,0.5,,1,1,1.0197723584129048,0.021500645261663974,1.7697723584129048,1.4697723584129048,2.982998909158433,0.0,0.14712331847154642,-1.6457867788088232,1.6523496579537886,1,0,0,0,ad4b715165e84dd399d377549dc111fb1309cda1260e23e9ee621d07fad63984,6ba3dffa4798388fb8057a608cfa40a0e24aeba9257d245b2d5103a1844d1115
4,6.280871980001393,3.110408191001625,APPROACH,,KFB_TIMING,kfb_timing,0.0028036733230246136,-0.0030099384540081264,0.005179028369906552,1,-28.28571428571429,0,0.30856000039855724,9.75693098443026e-05,0.4000597399794303,0.3035382556680665,-0.0009704951546510594,0.42769090763638157,0.2762664791737702,0.8946065432019106,-3.889193819996729,-0.6107199401267186,1.0284271559840206,0.3593348134773062,4.000309063579399,200.0,13.0,1.2,0.5,0.3,3.0,IDLE,0.08,nan,0,0.05,20.0,0,unknown,unknown,nan,0,0.0,0,0.005248224999377271,1,0.0003696979983942583,2.0337000023573637e-05,0.00010556599954725243,1.1629999789875e-06,5.070000042906031e-06,1.320004230365157e-07,2.75310012511909e-05,1.4560027921106666e-06,0.0006000079993100371,0.004399992000689963,0.004644917000405258,0,0,0,200.0,0.0,0,0.0,1.0197723584129048,0.021500645261663974,1.7697723584129048,,,,,unknown,unknown,nan,,nan,,1.0,0.0,0.0,nan,nan,0.0,0,,5112375941,F04_M01_05,MDCEB22F,measured,hold_baseline,0.5,,1,1,1.0197723584129048,0.021500645261663974,1.7697723584129048,1.4697723584129048,2.9805367051664944,0.0,0.1473032716009553,-1.6445969099983644,1.6511805625674356,1,0,0,0,ad4b715165e84dd399d377549dc111fb1309cda1260e23e9ee621d07fad63984,6ba3dffa4798388fb8057a608cfa40a0e24aeba9257d245b2d5103a1844d1115
4,6.28599148700232,3.115527698002552,APPROACH,,KFB_TIMING,kfb_timing,0.0028126112999000974,-0.0030159969222307414,0.005189207602594137,1,-28.28571428571429,0,0.3085331864679308,0.00011574471451214745,0.40009027767749306,0.3035381290006006,-0.0009692060203595546,0.42769084166924465,0.27530178453790355,0.8941858471551525,-3.8865404198149838,-0.6103801251161043,1.0272245903357367,0.3594456753412635,3.9975687407070266,200.0,13.0,1.2,0.5,0.3,3.0,IDLE,0.08,nan,0,0.05,20.0,0,unknown,unknown,nan,0,0.0,0,0.005119507000927115,1,0.0003681460002553649,1.8771999748423696e-05,0.00043926799844484776,1.239000994246453e-06,5.7869983720593154e-06,1.2500095181167126e-07,3.0225000955397263e-05,1.2980017345398664e-06,0.0009484609981882386,0.0040515390018117615,0.004167467002844205,0,0,0,200.0,0.0,0,0.0,1.0197723584129048,0.021500645261663974,1.7697723584129048,,,,,unknown,unknown,nan,,nan,,1.0,0.0,0.0,nan,nan,0.0,0,,5117358024,F04_M01_05,MDCEB22F,measured,hold_baseline,0.5,,1,1,1.0197723584129048,0.021500645261663974,1.7697723584129048,1.4697723584129048,2.977796382294122,0.0,0.14709292357757625,-1.6432702099074918,1.6498403895334879,1,0,0,0,ad4b715165e84dd399d377549dc111fb1309cda1260e23e9ee621d07fad63984,6ba3dffa4798388fb8057a608cfa40a0e24aeba9257d245b2d5103a1844d1115
4,6.291157702999044,3.1206939139992755,APPROACH,,KFB_TIMING,kfb_timing,0.002818902165569348,-0.0030219024140599234,0.0051862167732357215,1,-28.28571428571429,0,0.3085143138709231,0.00013346118999969358,0.4000813051894178,0.3035392346059307,-0.0009687985897204017,0.42769139055587024,0.2766399309422554,0.8917238233767364,-3.8857557852441547,-0.6087077616548514,1.02815167639146,0.3590998731895625,3.996348214448758,200.0,13.0,1.2,0.5,0.3,3.0,IDLE,0.08,nan,0,0.05,20.0,0,unknown,unknown,nan,0,0.0,0,0.005166215996723622,1,0.0002638280020619277,1.8620001355884597e-05,0.0004061090003233403,1.2540003808680922e-06,5.7059987739194185e-06,1.2300006346777081e-07,3.172899960190989e-05,1.3259996194392443e-06,0.0008125979984470177,0.004187402001552982,0.004349973001808394,0,0,0,200.0,0.0,0,0.0,1.0197723584129048,0.021500645261663974,1.7697723584129048,,,,,unknown,unknown,nan,,nan,,1.0,0.0,0.0,nan,nan,0.0,0,,5122282243,F04_M01_05,MDCEB22F,measured,hold_baseline,0.5,,1,1,1.0197723584129048,0.021500645261663974,1.7697723584129048,1.4697723584129048,2.9765758560358533,0.0,0.1458619116883682,-1.6428778926220773,1.649340312775912,1,0,0,0,ad4b715165e84dd399d377549dc111fb1309cda1260e23e9ee621d07fad63984,6ba3dffa4798388fb8057a608cfa40a0e24aeba9257d245b2d5103a1844d1115
4,6.296283530999062,3.125819741999294,APPROACH,,KFB_TIMING,kfb_timing,0.0028217957249374037,-0.003027781167340265,0.005189634590168926,1,-28.28571428571429,0,0.30850563319281893,0.0001510974498407187,0.40009155864021745,0.3035387445447762,-0.0009696066371640485,0.4276922410589463,0.27461601194177404,0.8917831933935909,-3.8841288996506544,-0.6085267797454047,1.0267290565858194,0.3596268987386623,3.9946399746579764,200.0,13.0,1.2,0.5,0.3,3.0,IDLE,0.08,nan,0,0.05,20.0,0,unknown,unknown,nan,0,0.0,0,0.005125828000018373,1,0.0002741369971772656,1.933499879669398e-05,0.0001709829994069878,1.2560012692119926e-06,4.970999725628644e-06,1.5500336303375661e-07,2.7136000426253304e-05,1.2730015441775322e-06,0.0005660860006173607,0.004433913999382639,0.004554045000986662,0,0,0,200.0,0.0,0,0.0,1.0197723584129048,0.021500645261663974,1.7697723584129048,,,,,unknown,unknown,nan,,nan,,1.0,0.0,0.0,nan,nan,0.0,0,,5127853790,F04_M01_05,MDCEB22F,measured,hold_baseline,0.5,,1,1,1.0197723584129048,0.021500645261663974,1.7697723584129048,1.4697723584129048,2.9748676162450716,0.0,0.14589159669679547,-1.6420644498253272,1.6485326855621925,1,0,0,0,ad4b715165e84dd399d377549dc111fb1309cda1260e23e9ee621d07fad63984,6ba3dffa4798388fb8057a608cfa40a0e24aeba9257d245b2d5103a1844d1115
4,6.301444279000862,3.130980490001093,APPROACH,,KFB_TIMING,kfb_timing,0.002828086100088667,-0.0030336874827399944,0.005186643671438631,1,-28.28571428571429,0,0.30848676206736514,0.00016881639603990662,0.40008258588402656,0.3035387800536898,-0.0009691217466001774,0.4276923591282944,0.27676687133657796,0.8904693088726967,-3.881876398465086,-0.607440738887913,1.027848410749206,0.35967337116350623,3.9923050815379733,200.0,13.0,1.2,0.5,0.3,3.0,IDLE,0.08,nan,0,0.05,20.0,0,unknown,unknown,nan,0,0.0,0,0.00516074800179922,1,0.00047513800018350594,2.835899795172736e-05,0.00037457700091181323,1.7959973774850368e-06,6.6730026446748525e-06,1.2099917512387037e-07,3.484799890429713e-05,1.3450007827486843e-06,0.001019404000544455,0.003980595999455545,0.004137922998779686,0,0,0,200.0,0.0,0,0.0,1.0197723584129048,0.021500645261663974,1.7697723584129048,,,,,unknown,unknown,nan,,nan,,1.0,0.0,0.0,nan,nan,0.0,0,,5132907256,F04_M01_05,MDCEB22F,measured,hold_baseline,0.5,,1,1,1.0197723584129048,0.021500645261663974,1.7697723584129048,1.4697723584129048,2.9725327231250684,0.0,0.14523465443634836,-1.640938199232543,1.6473528093732035,1,0,0,0,ad4b715165e84dd399d377549dc111fb1309cda1260e23e9ee621d07fad63984,6ba3dffa4798388fb8057a608cfa40a0e24aeba9257d245b2d5103a1844d1115
4,6.306555246999778,3.13609145800001,APPROACH,,KFB_TIMING,kfb_timing,0.0028314829716187817,-0.0030337146975222126,0.005180234339402037,1,-28.28571428571429,0,0.3084765714527748,0.00016889804038656107,0.4000633578879168,0.3035383021406634,-0.0009679891945484033,0.42769210089683996,0.2765162231252497,0.8880949676390433,-3.878825685929497,-0.6056942066615307,1.027178764307787,0.3589413267479048,3.9887921223126783,200.0,13.0,1.2,0.5,0.3,3.0,IDLE,0.08,nan,0,0.05,20.0,0,unknown,unknown,nan,0,0.0,0,0.005110967998916749,1,0.0003035000008821953,1.9497998437145725e-05,0.0004610409996530507,1.2359996617306024e-06,5.874997441424057e-06,1.3799945008940995e-07,3.0169998353812844e-05,1.3270000636111945e-06,0.000907449000806082,0.004092550999193918,0.004200207000394585,0,0,0,200.0,0.0,0,0.0,1.0197723584129048,0.021500645261663974,1.7697723584129048,,,,,unknown,unknown,nan,,nan,,1.0,0.0,0.0,nan,nan,0.0,0,,5138061208,F04_M01_05,MDCEB22F,measured,hold_baseline,0.5,,1,1,1.0197723584129048,0.021500645261663974,1.7697723584129048,1.4697723584129048,2.9690197638997735,0.0,0.14404748381952165,-1.6394128429647485,1.64572906253505,1,0,0,0,ad4b715165e84dd399d377549dc111fb1309cda1260e23e9ee621d07fad63984,6ba3dffa4798388fb8057a608cfa40a0e24aeba9257d245b2d5103a1844d1115
4,6.31174881500192,3.1412850260021514,APPROACH,,KFB_TIMING,kfb_timing,0.0028409236824984696,-0.00303392371465226,0.005180587594824576,1,-28.28571428571429,0,0.3084482493201357,0.00016952509177670366,0.40006441765418443,0.303538430634037,-0.0009687369058045065,0.4276903803870928,0.2733697381821252,0.8878987694727349,-3.877310476111076,-0.6051287123824531,1.0249726953171705,0.35880593609768363,3.9870580340328203,200.0,13.0,1.2,0.5,0.3,3.0,IDLE,0.08,nan,0,0.05,20.0,0,unknown,unknown,nan,0,0.0,0,0.0051935680021415465,1,0.00048235500071314164,2.4684999516466632e-05,0.0003098599991062656,3.1510026019532233e-06,7.313999958569184e-06,1.3799945008940995e-07,4.196699956082739e-05,6.424997991416603e-06,0.000966547002462903,0.004033452997537097,0.004220630002237158,0,0,0,200.0,0.0,0,0.0,1.0197723584129048,0.021500645261663974,1.7697723584129048,,,,,unknown,unknown,nan,,nan,,1.0,0.0,0.0,nan,nan,0.0,0,,5143045417,F04_M01_05,MDCEB22F,measured,hold_baseline,0.5,,1,1,1.0197723584129048,0.021500645261663974,1.7697723584129048,1.4697723584129048,2.9672856756199155,0.0,0.14394938473636748,-1.638655238055538,1.6449657791494723,1,0,0,0,ad4b715165e84dd399d377549dc111fb1309cda1260e23e9ee621d07fad63984,6ba3dffa4798388fb8057a608cfa40a0e24aeba9257d245b2d5103a1844d1115
4,6.3169096509991505,3.146445861999382,APPROACH,,KFB_TIMING,kfb_timing,0.002847716637900316,-0.0030339781005957545,0.005167766796251938,1,-28.28571428571429,0,0.30842787045393016,0.00016968824960718679,0.4000259552584665,0.3035384342741443,-0.0009691436551850455,0.42769215073669875,0.27577091839925555,0.8890221771971841,-3.8789917778904,-0.605237843065817,1.0270582017215282,0.359316703069314,3.989108577605342,200.0,13.0,1.2,0.5,0.3,3.0,IDLE,0.08,nan,0,0.05,20.0,0,unknown,unknown,nan,0,0.0,0,0.005160835997230606,1,0.00024572599795646966,4.049400013172999e-05,0.0003149699987261556,1.534997863927856e-06,5.300000339047983e-06,1.2999953469261527e-07,2.8652000764850527e-05,1.7730017134454101e-06,0.000740138999390183,0.004259861000609817,0.004416156003571814,0,0,0,200.0,0.0,0,0.0,1.0197723584129048,0.021500645261663974,1.7697723584129048,,,,,unknown,unknown,nan,,nan,,1.0,0.0,0.0,nan,nan,0.0,0,,5148035841,F04_M01_05,MDCEB22F,measured,hold_baseline,0.5,,1,1,1.0197723584129048,0.021500645261663974,1.7697723584129048,1.4697723584129048,2.9693362191924373,0.0,0.14451108859859207,-1.6394958889452,1.6458524309901426,1,0,0,0,ad4b715165e84dd399d377549dc111fb1309cda1260e23e9ee621d07fad63984,6ba3dffa4798388fb8057a608cfa40a0e24aeba9257d245b2d5103a1844d1115
4,6.321988962001342,3.1515251730015734,APPROACH,,KFB_TIMING,kfb_timing,0.002860553539145938,-0.0030342142508798502,0.005161707650242162,1,-28.28571428571429,0,0.3083893597501933,0.00017039670045947402,0.40000777782043717,0.30353851218628597,-0.0009688770130254305,0.4276937210980595,0.27423839351260515,0.8901779224714925,-3.8790056823351566,-0.6053369829534165,1.0260929553365614,0.36002269412550536,3.9892741838234773,200.0,13.0,1.2,0.5,0.3,3.0,IDLE,0.08,nan,0,0.05,20.0,0,unknown,unknown,nan,0,0.0,0,0.005079311002191389,1,0.0002721719974942971,2.1190000552451238e-05,0.00016642699847579934,1.4729994290973991e-06,5.1249990065116435e-06,1.5499972505494952e-07,3.189399649272673e-05,1.333999534836039e-06,0.0005724840011680499,0.00442751599883195,0.004502407999098068,0,0,0,200.0,0.0,0,0.0,1.0197723584129048,0.021500645261663974,1.7697723584129048,,,,,unknown,unknown,nan,,nan,,1.0,0.0,0.0,nan,nan,0.0,0,,5153025166,F04_M01_05,MDCEB22F,measured,hold_baseline,0.5,,1,1,1.0197723584129048,0.021500645261663974,1.7697723584129048,1.4697723584129048,2.9695018254105725,0.0,0.14508896123574627,-1.6395028411675783,1.645910195870063,1,0,0,0,ad4b715165e84dd399d377549dc111fb1309cda1260e23e9ee621d07fad63984,6ba3dffa4798388fb8057a608cfa40a0e24aeba9257d245b2d5103a1844d1115
4,6.327144082002633,3.1566802930028643,APPROACH,,KFB_TIMING,kfb_timing,0.0028644505302461987,-0.0030283883336121482,0.005145465176446426,1,-28.28571428571429,0,0.30837766877689254,0.00015291894865636802,0.39995905039904994,0.3035372095462472,-0.000970081756232772,0.4276889669179086,0.2731385015356555,0.8890835223011456,-3.8800081510127375,-0.604123650375826,1.0257213162140115,0.36022783527424085,3.9899294984465374,200.0,13.0,1.2,0.5,0.3,3.0,IDLE,0.08,nan,0,0.05,20.0,0,unknown,unknown,nan,0,0.0,0,0.005155120001290925,1,0.0002027059999818448,1.9674000213854015e-05,0.00016934299856075086,9.680006769485772e-07,4.032001015730202e-06,1.2999953469261527e-07,2.1774998458568007e-05,1.0399999155197293e-06,0.00047230199925252236,0.004527698000747478,0.004679215002397541,0,0,0,200.0,0.0,0,0.0,1.0197723584129048,0.021500645261663974,1.7697723584129048,,,,,unknown,unknown,nan,,nan,,1.0,0.0,0.0,nan,nan,0.0,0,,5158687550,F04_M01_05,MDCEB22F,measured,hold_baseline,0.5,,1,1,1.0197723584129048,0.021500645261663974,1.7697723584129048,1.4697723584129048,2.9701571400336326,0.0,0.14454176115057282,-1.6400040755063687,1.6463613480624502,1,0,0,0,ad4b715165e84dd399d377549dc111fb1309cda1260e23e9ee621d07fad63984,6ba3dffa4798388fb8057a608cfa40a0e24aeba9257d245b2d5103a1844d1115
4,6.332228293002117,3.161764504002349,APPROACH,,KFB_TIMING,kfb_timing,0.002874634821853961,-0.003028469605282365,0.005126225912810277,1,-28.28571428571429,0,0.30834711590206926,0.00015316276366701773,0.3999013326081415,0.30353768659620667,-0.0009692637195302545,0.4276901820522785,0.27018796922066024,0.8862105500004771,-3.8780150897857193,-0.6018974003922269,1.0232800271744131,0.35991423716544113,3.987150826624129,200.0,13.0,1.2,0.5,0.3,3.0,IDLE,0.08,nan,0,0.05,20.0,0,unknown,unknown,nan,0,0.0,0,0.00508421099948464,1,0.0003426849980314728,1.9025999790756032e-05,0.000501749000250129,1.2490017979871482e-06,5.771998985437676e-06,1.3400131138041615e-07,3.182799991918728e-05,1.4209981600288302e-06,0.0009896789997583255,0.004010321000241675,0.004092395000043325,0,0,0,200.0,0.0,0,0.0,1.0197723584129048,0.021500645261663974,1.7697723584129048,,,,,unknown,unknown,nan,,nan,,1.0,0.0,0.0,nan,nan,0.0,0,,5163280243,F04_M01_05,MDCEB22F,measured,hold_baseline,0.5,,1,1,1.0197723584129048,0.021500645261663974,1.7697723584129048,1.4697723584129048,2.967378468211224,0.0,0.14310527500023856,-1.6390075448928596,1.6452430981312802,1,0,0,0,ad4b715165e84dd399d377549dc111fb1309cda1260e23e9ee621d07fad63984,6ba3dffa4798388fb8057a608cfa40a0e24aeba9257d245b2d5103a1844d1115
4,6.337397010000132,3.166933221000363,APPROACH,,KFB_TIMING,kfb_timing,0.0028819208803187724,-0.0030226706098792203,0.005103564942150333,1,-28.28571428571429,0,0.30832525772667485,0.00013576577745758435,0.39983334969616163,0.3035381785377713,-0.0009694507453603717,0.42768924869674746,0.2707318372527588,0.8854035641827103,-3.8775770498180564,-0.6010162884636847,1.0234899063164045,0.36018191857807325,3.9865823679494445,200.0,13.0,1.2,0.5,0.3,3.0,IDLE,0.08,nan,0,0.05,20.0,0,unknown,unknown,nan,0,0.0,0,0.005168716998014133,1,0.00022282600184553303,1.5203000657493249e-05,0.00016515500101377256,9.710020094644278e-07,4.031997377751395e-06,1.2800228432752192e-07,2.2578002244699746e-05,9.48002707445994e-07,0.0004888740004389547,0.004511125999561045,0.004675981999753276,0,0,0,200.0,0.0,0,0.0,1.0197723584129048,0.021500645261663974,1.7697723584129048,,,,,unknown,unknown,nan,,nan,,1.0,0.0,0.0,nan,nan,0.0,0,,5168904228,F04_M01_05,MDCEB22F,measured,hold_baseline,0.5,,1,1,1.0197723584129048,0.021500645261663974,1.7697723584129048,1.4697723584129048,2.9668100095365397,0.0,0.14270178209135514,-1.6387885249090282,1.6449898564992906,1,0,0,0,ad4b715165e84dd399d377549dc111fb1309cda1260e23e9ee621d07fad63984,6ba3dffa4798388fb8057a608cfa40a0e24aeba9257d245b2d5103a1844d1115
4,6.3424976429996605,3.172033853999892,APPROACH,,KFB_TIMING,kfb_timing,0.0028918592009798405,-0.0030170253744759025,0.0050940791281189925,1,-28.28571428571429,0,0.3082954427646917,0.00011883007124763095,0.3998048922540676,0.30353883275673615,-0.0009680457908795475,0.4276915481129398,0.2749766908495359,0.8825612542525639,-3.8767680479363342,-0.5990589161214059,1.0260101817630096,0.359498536571636,3.9854556885654264,200.0,13.0,1.2,0.5,0.3,3.0,IDLE,0.08,nan,0,0.05,20.0,0,unknown,unknown,nan,0,0.0,0,0.005100632999528898,1,0.0003433279998716898,2.0439998479560018e-05,0.0004593249977915548,1.782002073014155e-06,5.846999556524679e-06,1.6000194591470063e-07,4.332000025897287e-05,1.4620018191635609e-06,0.0009646889993746299,0.00403531100062537,0.004127713000343647,0,0,0,200.0,0.0,0,0.0,1.0197723584129048,0.021500645261663974,1.7697723584129048,,,,,unknown,unknown,nan,,nan,,1.0,0.0,0.0,nan,nan,0.0,0,,5173792779,F04_M01_05,MDCEB22F,measured,hold_baseline,0.5,,1,1,1.0197723584129048,0.021500645261663974,1.7697723584129048,1.4697723584129048,2.9656833301525216,0.0,0.14128062712628198,-1.638384023968167,1.644464175832152,1,0,0,0,ad4b715165e84dd399d377549dc111fb1309cda1260e23e9ee621d07fad63984,6ba3dffa4798388fb8057a608cfa40a0e24aeba9257d245b2d5103a1844d1115
4,6.3476585329990485,3.17719474399928,APPROACH,,KFB_TIMING,kfb_timing,0.002899139607215967,-0.003011226038892288,0.005071412218377318,1,-28.28571428571429,0,0.30827360154598327,0.00010143206449678708,0.3997368915248426,0.3035377229176354,-0.0009678637831523037,0.42769014545654227,0.2757135806008856,0.8836892872290139,-3.8790397860027523,-0.599593791198416,1.0273035526309606,0.35955418598364175,3.987966197986558,200.0,13.0,1.2,0.5,0.3,3.0,IDLE,0.08,nan,0,0.05,20.0,0,unknown,unknown,nan,0,0.0,0,0.005160889999388019,1,0.0002226309989055153,3.4238000807818025e-05,0.00035625300006358884,2.0139996195212007e-06,5.926001904299483e-06,1.180014805868268e-07,3.182799991918728e-05,4.313998942961916e-06,0.0007441230009135325,0.004255876999086468,0.004411655001604231,0,0,0,200.0,0.0,0,0.0,1.0197723584129048,0.021500645261663974,1.7697723584129048,,,,,unknown,unknown,nan,,nan,,1.0,0.0,0.0,nan,nan,0.0,0,,5179212586,F04_M01_05,MDCEB22F,measured,hold_baseline,0.5,,1,1,1.0197723584129048,0.021500645261663974,1.7697723584129048,1.4697723584129048,2.968193839573653,0.0,0.14184464361450694,-1.6395198930013761,1.6456443669485126,1,0,0,0,ad4b715165e84dd399d377549dc111fb1309cda1260e23e9ee621d07fad63984,6ba3dffa4798388fb8057a608cfa40a0e24aeba9257d245b2d5103a1844d1115
4,6.352719407001132,3.1822556180013635,APPROACH,,KFB_TIMING,kfb_timing,0.0029064160846237475,-0.003005426674077396,0.0050487419148482525,1,-28.28571428571429,0,0.3082517721137599,8.403397005211184e-05,0.39966888061425543,0.3035379741226767,-0.0009684490889301815,0.42769209268221065,0.2792725564479085,0.8853850756978037,-3.8805202577043456,-0.6004922499826322,1.0302322410448106,0.35970247361673274,3.990029744689525,200.0,13.0,1.2,0.5,0.3,3.0,IDLE,0.08,nan,0,0.05,20.0,0,unknown,unknown,nan,0,0.0,0,0.0050608740020834375,1,0.00034298600075999275,2.2591000742977485e-05,0.00048321400026907213,3.1609997677151114e-06,6.274000043049455e-06,1.2500095181167126e-07,3.885000114678405e-05,1.390999386785552e-06,0.0010072860022773966,0.0039927139977226035,0.0040514329994039144,0,0,0,200.0,0.0,0,0.0,1.0197723584129048,0.021500645261663974,1.7697723584129048,,,,,unknown,unknown,nan,,nan,,1.0,0.0,0.0,nan,nan,0.0,0,,5183788198,F04_M01_05,MDCEB22F,measured,hold_baseline,0.5,,1,1,1.0197723584129048,0.021500645261663974,1.7697723584129048,1.4697723584129048,2.97025738627662,0.0,0.14269253784890185,-1.6402601288521728,1.6464551165033035,1,0,0,0,ad4b715165e84dd399d377549dc111fb1309cda1260e23e9ee621d07fad63984,6ba3dffa4798388fb8057a608cfa40a0e24aeba9257d245b2d5103a1844d1115
4,6.357871930002148,3.187408141002379,COMPLETE,trial_complete|task_end,KFB_TIMING,kfb_timing,0.002913197145741342,-0.003005480244102555,0.0050359047349377755,1,-28.28571428571429,0,0.3082314289304071,8.419468012758847e-05,0.399630369074524,0.3035379900572003,-0.0009692357440422312,0.4276902305895808,0.2802576839456419,0.8856433171432394,-3.879915773920302,-0.6006487728005014,1.030913632784614,0.3594936042071134,3.9895682557548295,200.0,13.0,1.2,0.5,0.3,3.0,IDLE,0.08,nan,0,0.05,20.0,0,unknown,unknown,nan,0,0.0,0,0.005152523001015652,1,0.0002311730022483971,1.8171002011513337e-05,0.00017244699847651646,1.0949988791253418e-06,4.263998562237248e-06,1.3700264389626682e-07,2.2141000954434276e-05,9.62998456088826e-07,0.0005053329987276811,0.004494667001272319,0.004643736996513326,0,0,0,200.0,0.0,0,0.0,1.0197723584129048,0.021500645261663974,1.7697723584129048,,,,,unknown,unknown,nan,,nan,,1.0,0.0,0.0,nan,nan,0.0,0,,5189037980,F04_M01_05,MDCEB22F,measured,complete,0.5,scheduled_trial_end,1,1,1.0197723584129048,0.021500645261663974,1.7697723584129048,1.4697723584129048,2.9697958973419247,0.0,0.0,0.0,0.0,1,0,0,0,ad4b715165e84dd399d377549dc111fb1309cda1260e23e9ee621d07fad63984,6ba3dffa4798388fb8057a608cfa40a0e24aeba9257d245b2d5103a1844d1115
