[
  {
    "mode": "eye_in_hand",
    "method": "tsai",
    "result_name": "T_gripper_camera",
    "transform_4x4": [
      [
        -0.029612473,
        -0.999527849,
        -0.008196378,
        0.052231102
      ],
      [
        0.999546104,
        -0.029656467,
        0.005299,
        -0.035036411
      ],
      [
        -0.005539574,
        -0.008035742,
        0.999952369,
        -0.041335596
      ],
      [
        0.0,
        0.0,
        0.0,
        1.0
      ]
    ],
    "translation_xyz_m": [
      0.052231102,
      -0.035036411,
      -0.041335596
    ],
    "quaternion_xyzw": [
      -0.00478605,
      -0.000953569,
      0.717499357,
      0.696542071
    ],
    "consistency_metrics": {
      "translation_mean_m": 0.004181018149651984,
      "translation_max_m": 0.009255083459938064,
      "rotation_mean_deg": 0.5975466454581246,
      "rotation_max_deg": 1.2087340213536246
    }
  },
  {
    "mode": "eye_in_hand",
    "method": "park",
    "result_name": "T_gripper_camera",
    "transform_4x4": [
      [
        -0.03043569,
        -0.999491662,
        -0.009491404,
        0.052430239
      ],
      [
        0.999526205,
        -0.030477569,
        0.004299287,
        -0.034805059
      ],
      [
        -0.004586377,
        -0.009356055,
        0.999945713,
        -0.04127457
      ],
      [
        0.0,
        0.0,
        0.0,
        1.0
      ]
    ],
    "translation_xyz_m": [
      0.052430239,
      -0.034805059,
      -0.04127457
    ],
    "quaternion_xyzw": [
      -0.004903205,
      -0.001761241,
      0.717784608,
      0.696245728
    ],
    "consistency_metrics": {
      "translation_mean_m": 0.004231129558239373,
      "translation_max_m": 0.009156300072995257,
      "rotation_mean_deg": 0.5891340951286401,
      "rotation_max_deg": 1.2206977769416474
    }
  },
  {
    "mode": "eye_in_hand",
    "method": "horaud",
    "result_name": "T_gripper_camera",
    "transform_4x4": [
      [
        -0.030335173,
        -0.999494708,
        -0.009492382,
        0.052438571
      ],
      [
        0.999530246,
        -0.030375,
        0.004079948,
        -0.03477841
      ],
      [
        -0.004366217,
        -0.009364157,
        0.999946623,
        -0.041275977
      ],
      [
        0.0,
        0.0,
        0.0,
        1.0
      ]
    ],
    "translation_xyz_m": [
      0.052438571,
      -0.03477841,
      -0.041275977
    ],
    "quaternion_xyzw": [
      -0.004827102,
      -0.001840548,
      0.717749398,
      0.696282351
    ],
    "consistency_metrics": {
      "translation_mean_m": 0.004231400706802291,
      "translation_max_m": 0.009152264172077356,
      "rotation_mean_deg": 0.5885221021581449,
      "rotation_max_deg": 1.218437839931925
    }
  },
  {
    "mode": "eye_in_hand",
    "method": "andreff",
    "result_name": "T_gripper_camera",
    "transform_4x4": [
      [
        -0.030665386,
        -0.999484089,
        -0.009549353,
        0.052831217
      ],
      [
        0.99952077,
        -0.030704113,
        0.003935536,
        -0.034817458
      ],
      [
        -0.00422671,
        -0.009424092,
        0.999946659,
        -0.028988705
      ],
      [
        0.0,
        0.0,
        0.0,
        1.0
      ]
    ],
    "translation_xyz_m": [
      0.052831217,
      -0.034817458,
      -0.028988705
    ],
    "quaternion_xyzw": [
      -0.004797586,
      -0.001911419,
      0.717864221,
      0.696163982
    ],
    "consistency_metrics": {
      "translation_mean_m": 0.005463146530487281,
      "translation_max_m": 0.01011691435893738,
      "rotation_mean_deg": 0.5876865720994742,
      "rotation_max_deg": 1.216346457178825
    }
  },
  {
    "mode": "eye_in_hand",
    "method": "daniilidis",
    "result_name": "T_gripper_camera",
    "transform_4x4": [
      [
        -0.030324391,
        -0.999506099,
        -0.008245522,
        0.052488975
      ],
      [
        0.999526594,
        -0.030365849,
        0.004950106,
        -0.034562772
      ],
      [
        -0.005198044,
        -0.008091509,
        0.999953753,
        -0.041335746
      ],
      [
        0.0,
        0.0,
        0.0,
        1.0
      ]
    ],
    "translation_xyz_m": [
      0.052488975,
      -0.034562772,
      -0.041335746
    ],
    "quaternion_xyzw": [
      -0.004682556,
      -0.001094189,
      0.717747169,
      0.696287209
    ],
    "consistency_metrics": {
      "translation_mean_m": 0.004188644938526659,
      "translation_max_m": 0.009291399472650544,
      "rotation_mean_deg": 0.5953817886801384,
      "rotation_max_deg": 1.1997813680935194
    }
  }
]